contest_id,handle,old_rating,new_rating
745,Akulen,1830,2117
745,RVS,1777,2048
745,tpablo,1718,1990
745,theodor.moroianu,1731,1985
745,YouAndI,1799,2022
745,VadymKa,1712,1954
745,torus711,1805,2010
745,wrinx,1829,2021
745,yashar_sb_sb,1877,2049
745,f1u77y,1721,1936
745,Maxim,1817,1998
745,300iq,1831,2004
745,BC_,1555,1815
745,naij,1830,1996
745,TheLegend27,1772,1952
745,MStrechen,1892,2033
745,OoowkeoO,1500,1767
745,Antandard,1798,1962
745,Caproner,1737,1917
745,daivik.the.great,1796,1955
745,gerw,1748,1920
745,Ahmad_RH,1608,1824
745,fnch,1763,1926
745,Fast_and_Furios7,1635,1837
745,kjp4155,1794,1943
745,2ez4me,1798,1944
745,yveh1999,1801,1945
745,NagiNikaido,1500,1742
745,f2015094G,1591,1799
745,DocEamcast,1592,1798
745,rogeri,1763,1912
745,whzzt,1899,2006
745,mdldml,1887,1996
745,Derbent,1821,1948
745,SuginaMiku,1536,1754
745,HeathcliffAC,1742,1890
745,tubo28,1739,1887
745,jlee,1500,1727
745,fredy10,1718,1870
745,sparkyyyy,1784,1914
745,chernega,1801,1925
745,nikgaevoy,1745,1885
745,eugenus,1834,1946
745,TheOverlord,1755,1889
745,jendas1,1575,1767
745,Trem,1865,1964
745,cthbst,1855,1956
745,Kirundel,1777,1900
745,Dekacc,1738,1872
745,sigkill-uw,1833,1938
745,gop2024,1725,1861
745,nmnmnmnmnmnmnm,1786,1903
745,SirNickolas,1821,1926
745,april1994,1844,1941
745,coderwrong,1790,1903
745,mixail3,1553,1741
745,no-longer-active,1697,1837
745,Equanimity,1881,1965
745,PugachAG,1876,1960
745,ver1tas,1582,1757
745,hojoon0205,1695,1832
745,Artemis.Fowl,1605,1769
745,20131730,1791,1897
745,Julian.,1533,1721
745,F202130100,1864,1947
745,lyjccmm,1801,1901
745,kazuma,1751,1866
745,G.E.M.orz,1552,1731
745,0buhaja,1684,1818
745,toHisDream,1872,1949
745,nikolos00,1639,1786
745,StarScreamOwl,1627,1777
745,ramntry,1745,1857
745,thequickfox,1806,1899
745,pschuprikov,1713,1834
745,SummerDAway,1829,1914
745,dgrachev28,1596,1753
745,Marco_L_T,1658,1794
745,junie,1734,1846
745,Lolkekzor,1705,1825
745,bktl4ever,1854,1929
745,kakalan,1848,1924
745,pkk.tino,1754,1857
745,nevgen,1761,1861
745,h_noson,1765,1863
745,rzmn,1871,1938
745,ShallWe,1621,1763
745,Adalbert,1672,1797
745,alex_bucevschi,1755,1854
745,tenderestfawn,1594,1743
745,_index,1673,1796
745,cugel,1852,1921
745,Dark,1675,1796
745,bugrahan,1745,1844
745,phpduke,1839,1910
745,harsh23,1705,1815
745,BENYAM1N,1850,1917
745,chakred_namor,1846,1914
745,Kerpoo,1769,1859
745,TheMaverick,1753,1847
745,Fekete,1777,1863
745,DonutsDose_,1573,1723
745,Crucian,1878,1934
745,Markellonchik,1812,1886
745,shanin,1675,1790
745,rumman_sust,1778,1861
745,mircea85,1859,1919
745,bas,1878,1932
745,spencereir,1535,1694
745,I_love_Liza,1431,1627
745,sparks,1871,1926
745,Kinderr,1672,1785
745,andrey.zavarin,1897,1943
745,yellowthundercat,1891,1939
745,Moandor,1723,1819
745,Mr160,1697,1800
745,runom,1620,1747
745,procurator,1864,1917
745,yurahuna,1774,1853
745,abdulla.ashraf,1593,1727
745,TWal,1657,1770
745,Velter,1833,1893
745,Nada,1577,1715
745,newbiek92,1881,1927
745,Juve45,1806,1873
745,kek,1544,1692
745,Danlark,1768,1845
745,Ginzaner,1645,1759
745,DataScientist,1747,1829
745,FundamentalEq,1850,1902
745,kokosha,1710,1803
745,I_hate_my_color,1809,1872
745,tjake,1829,1886
745,intrepidcoder,1763,1839
745,stlsnk,1661,1767
745,Nazikk,1846,1897
745,Karasick,1599,1724
745,YaKon4ick,1831,1886
745,BagishovMikail,1374,1578
745,AntonovKirill,1559,1696
745,co_co_cocoa,1732,1814
745,Laiu,1745,1823
745,sumoru,1628,1741
745,luis.trivelatto,1603,1724
745,NURx2,1758,1831
745,OmarAhmed,1692,1784
745,ian9696,1748,1823
745,sdnr1,1857,1901
745,femto16,1881,1918
745,pineapple_tree_34,1760,1831
745,gigime,1740,1815
745,Kleaschev_Maksim,1512,1660
745,tinca_matei,1583,1707
745,jarakcyc,1662,1760
745,tripPple_A,1697,1785
745,jvmusin,1575,1701
745,tomlau,1629,1737
745,nikolayterek,1741,1814
745,No0oB,1864,1902
745,suxrib,1598,1714
745,rahulnagurtha,1744,1816
745,wucebrayne,1676,1768
745,eightnoteight,1622,1730
745,MladenP,1571,1695
745,virus_1010,1668,1761
745,Barsic,1663,1757
745,denis2111,1766,1829
745,satanic0,1739,1809
745,Saat,1820,1867
745,shindannin,1797,1850
745,kilospazz,1766,1828
745,danya.smelskiy,1512,1653
745,ILKM,1653,1748
745,Elibay,1729,1801
745,Zymphony77,1882,1910
745,JSZKC,1750,1815
745,Omar_Morsi,1635,1734
745,CepryH9,1679,1764
745,spadiff,1674,1761
745,renadeen,1868,1899
745,vkozlovs,1651,1744
745,tieunhi,1437,1601
745,konbu,1519,1654
745,cristian1997,1883,1909
745,kvk1920,1754,1815
745,Gewery,1873,1901
745,anon20016,1443,1603
745,venikman1,1655,1744
745,Milad,1790,1840
745,achm,1634,1730
745,adityagupta1089,1518,1651
745,xoxo,1550,1672
745,Kranya,1735,1799
745,KhaledMuhammad,1664,1749
745,pyloolex,1757,1814
745,mehrunesartem,1829,1866
745,lemourin,1804,1847
745,cfeitong,1633,1727
745,MishaPrigara,1438,1596
745,Rip_Van_Winkle,1796,1841
745,SaYami,1878,1900
745,puru,1783,1831
745,Daikon,1710,1779
745,send_nodes,1649,1736
745,hsk,1749,1806
745,xashru,1733,1794
745,ZloyNegr,1811,1850
745,FalseMirror,1639,1728
745,_samariddin_,1811,1849
745,ZosiaLy,1545,1663
745,fofao_funk,1865,1888
745,bbugaev,1858,1883
745,Wmson,1464,1609
745,Vorinclex,1769,1818
745,MesbahTanvir,1718,1781
745,Dream-Reality,1700,1768
745,chaitanya100,1651,1733
745,Al2K,1822,1855
745,King,1719,1781
745,Voudy,1487,1622
745,butcherofblaviken,1592,1692
745,644262163,1737,1793
745,rodz,1884,1899
745,daulet.sergazin,1078,1375
745,siiri,1798,1836
745,medrek,1584,1686
745,Whistle,1869,1887
745,Knight_of_Thirteen,1615,1706
745,T-D-K,1650,1730
745,youqh,1572,1676
745,zawedx,1443,1590
745,Hiasat,1866,1884
745,Took,1769,1813
745,luucasv,1795,1831
745,RedStone,1795,1831
745,IgorSmirnov,1793,1830
745,PoomrokC,1850,1871
745,Ivan_Bondarev,1561,1666
745,sergmiller,1752,1799
745,Mikhail_Amirov,1620,1706
745,kulych,1727,1781
745,OTTEBROT,1692,1756
745,radoslav11,1899,1906
745,Motyaspr,1768,1810
745,Martial,1704,1764
745,kirill_cmirnov,1439,1584
745,Alexponomarev7,1782,1820
745,gabrielinelus,1802,1833
745,avv,1792,1826
745,GTR.3910,1770,1810
745,bartkaw,1689,1752
745,omidazadi,1547,1653
745,NormalCoder,1879,1889
745,gabrielsimoes,1671,1739
745,hieutrungle,1846,1864
745,LaMancha,1667,1736
745,sean617,1752,1796
745,__stdcall,1606,1693
745,koPerNik,1799,1829
745,o948,1758,1799
745,miniL,1700,1758
745,only_one_year,1877,1886
745,CongDuy,1440,1581
745,Aldir,1473,1602
745,Roooooo,1710,1764
745,I_hate_PWN,1837,1855
745,Megabyte,1862,1874
745,Tviskaron,1732,1779
745,mraron,1871,1880
745,c40impaler,1500,1618
745,nurhidayat,1564,1661
745,Sorsweet,1689,1747
745,StillANoob,1517,1629
745,DysKode,1863,1873
745,dark_ai,1743,1785
745,Morokei,1654,1722
745,RockyB,1679,1740
745,kinginthenorth,1668,1731
745,yelghareeb,1525,1633
745,vovuh,1878,1882
745,Wholewheatbread,1547,1647
745,m.h,1643,1713
745,ndhuy2001,1832,1848
745,M.A.H.M.O.O.D,1500,1615
745,_handle,1500,1615
745,Provet,1620,1696
745,mavd09,1847,1859
745,Nson,1603,1684
745,slonichobot,1645,1713
745,vikhs_96,1750,1788
745,saraguru50,1571,1661
745,amiro,1793,1818
745,LoppA,1711,1759
745,ILLL,1756,1791
745,YHihi,1631,1702
745,dashakisik,1822,1839
745,ssor96,1862,1868
745,Miss_Rentar,1365,1524
745,pmooi,1483,1600
745,gkavitha,1639,1707
745,killjee,1669,1728
745,aaijmrt,1772,1801
745,BAPEGKA,1782,1808
745,pszk,1516,1622
745,Mirlan,1670,1727
745,vignesh_m,1807,1826
745,Dark_Red,1551,1645
745,ae04071,1766,1795
745,rprtr258,1481,1597
745,msmlkm,1801,1821
745,John_Weak,1596,1674
745,pedrodelyra,1402,1545
745,ilim,1517,1620
745,Atoum,1486,1599
745,Darko,1733,1770
745,Sylveon,1705,1750
745,Salim_Shebli,1621,1691
745,fest,1784,1807
745,cpragadeesh,1403,1544
745,corwinn,1705,1749
745,SelfBreathing,1828,1839
745,thabetx,1711,1754
745,l_Love_KFC,1769,1795
745,kunalk,1455,1577
745,lnzva,1723,1762
745,Kosteks,1801,1818
745,newts,1499,1605
745,Nyarlathotep,1706,1749
745,volkovda351,1639,1701
745,newgate,1671,1723
745,Har_Har_Mahadev,1423,1555
745,Ahmad_Osama,1536,1630
745,cadenza,1744,1775
745,sandeep.iiit,1510,1611
745,Rakhshata,1673,1724
745,alpgc,1828,1836
745,nonsens3,1307,1480
745,shreyas14,1429,1557
745,arcstranger,1816,1827
745,ujjwal9895,1614,1682
745,rajpm,1475,1587
745,bula,1586,1662
745,HungFWS,1578,1656
745,MsetP,1547,1635
745,mxzf0213,1721,1757
745,bintree,1691,1735
745,torpedo,1895,1884
745,shallowdream,1611,1678
745,cristiiacob98,1534,1625
745,stars,1505,1605
745,jerax,1500,1602
745,mystery_boy,1531,1622
745,philologist,1747,1774
745,nodim,1471,1582
745,poegva,1769,1790
745,treggit,1819,1826
745,Omar_Mekkawy,1807,1817
745,RVyrodov,1600,1668
745,andytosa,1506,1604
745,Yash_,1717,1751
745,AwIDoK,1706,1743
745,Neverknow,1462,1574
745,xin58,1546,1630
745,mehmet,1505,1602
745,dprokopenko,1826,1830
745,mrgrgr,1515,1609
745,born2rule,1701,1739
745,vitconkut3,1849,1847
745,artisticoder,1756,1778
745,Bouncheck,1893,1879
745,gcmgomes,1494,1594
745,arman.t,1481,1585
745,Holy_Westfalen,1747,1771
745,mohammad,1500,1597
745,Slovinsky,1780,1795
745,gamezovladislav,1601,1666
745,lstaresinic,1503,1599
745,nutella228,1567,1643
745,wxz97121,1615,1675
745,LimuInc,1577,1649
745,luismo,1430,1550
745,obourgain,1627,1684
745,Badpad,1227,1423
745,kwangg,1497,1594
745,AMR-KELEG,1755,1775
745,wolfib,1749,1770
745,miha715lev,1645,1696
745,poiuyt2022,1817,1820
745,ForceMaster,1850,1844
745,danikdanon,1454,1564
745,Rpd-Strike,1716,1746
745,saatwik27,1866,1856
745,mrthefakeperson,1800,1807
745,skipher.,1883,1868
745,giusevtr,1580,1649
745,aybekko,1502,1595
745,vntshh,1698,1732
745,Vendetta.,1830,1828
745,thomasfangyi,1538,1619
745,ggeh_f,1498,1592
745,prb456,1781,1791
745,naveen_iitr,1895,1876
745,OscarGauss,1457,1564
745,Hustlan,1555,1630
745,GagO_O,1574,1643
745,Splashing,1811,1813
745,viralm,1547,1624
745,Thiagohnc,1315,1472
745,Gilmour,1846,1839
745,vox_r,1608,1666
745,f.chopin,1617,1672
745,HO-RI1991,1576,1643
745,ray-asuka,1811,1812
745,rex321,1568,1637
745,scottScott,1783,1791
745,Worg,1765,1778
745,onisac,1409,1530
745,kakajapan31,1728,1750
745,Kharouba,1525,1607
745,apakaden,1675,1712
745,M2J,1728,1750
745,Kino,1710,1737
745,Brelf,1555,1627
745,jwozniak,1744,1761
745,ANTIMIRAGE,1735,1755
745,nothing100,1741,1759
745,overnite.runner,1382,1511
745,Amanita,1558,1628
745,OceanEye_fdc,1633,1681
745,StarOrpheus,1638,1684
745,xiaosi,1819,1816
745,Verstand,1592,1652
745,forceawakened,1443,1550
745,baba26,1528,1607
745,sddyzjh,1593,1652
745,fivut,1486,1578
745,mamka,1053,1312
745,lxambulance,1851,1838
745,thanhld94,1540,1614
745,theQmech,1452,1554
745,shamitlal_14,1759,1770
745,Loud_Scream,1806,1804
745,Jaihk662,1688,1718
745,StillFantasy,1553,1623
745,sashashmor,1622,1671
745,AndreiM,1545,1617
745,wewark,1506,1590
745,garynja,1648,1689
745,pestov-sa,1586,1645
745,ilshatus,1572,1635
745,Alvee9,1550,1620
745,sekiya9311,1474,1567
745,Matematik228,1643,1684
745,grayhathacker,1759,1768
745,lstdiraf,1408,1523
745,chenxiaoyu,1719,1739
745,mailo102,1636,1679
745,coderbd,1419,1530
745,peterisr,1676,1707
745,real_flash,1546,1615
745,Woodpecker,1838,1826
745,DuyManhCao,1484,1573
745,rp74,1544,1614
745,Swodaems,1506,1587
745,hasib,1839,1826
745,2000beks,1478,1568
745,nksheokand,1691,1717
745,Minority169,1496,1580
745,farizazmip,1717,1736
745,ihdijk,1467,1560
745,Farna,1411,1523
745,Nanami_ChiaKi,1776,1778
745,Mr.Kutso,1694,1718
745,rotavirus,1644,1682
745,hsr,1481,1569
745,r3gz3n,1716,1734
745,Aryan,1434,1537
745,Woreviam,1799,1795
745,WTL,1766,1770
745,AryanSM,1440,1541
745,mjuk,1495,1578
745,xpchf,1610,1657
745,Darkmaster,1428,1532
745,spiderbatman,1871,1848
745,Vispaar.Ariana,1556,1619
745,RandomAtHome,1446,1544
745,meetsid20,1711,1729
745,RaresC,1699,1720
745,clacck,1638,1676
745,Amerisma,1580,1635
745,ariana9898,1360,1487
745,Rudy1444,1665,1694
745,OMA,1483,1567
745,samgiz,1439,1538
745,decoder123,1508,1584
745,g1zm0,1558,1619
745,MrFog,1327,1465
745,Yers,1577,1632
745,TerryLam,1648,1682
745,Tooc0ld,1538,1604
745,bgrm,1722,1735
745,FinnTheHuman,1574,1629
745,_ant_ant,1678,1703
745,ABL,1410,1517
745,bhishma,1428,1529
745,Amr.Ayman,1690,1711
745,nikitxskv,1479,1563
745,BanFcc,1512,1585
745,piyushsinghal,1396,1507
745,KingArthur,1793,1786
745,_D41_,1758,1760
745,wang1991,1530,1597
745,Umi,1637,1672
745,AhmedHamed,1783,1779
745,gentoo_root,1688,1709
745,shakil.ahamed,1468,1554
745,lucaasdamaso,1623,1662
745,doraaki,1563,1619
745,Xpech,1665,1692
745,saba2000,1655,1684
745,KlRIESHKA,1444,1537
745,I_Love_Panaetisme,1737,1744
745,comunodi,1726,1736
745,ankurverma1994,1749,1752
745,OMS,1702,1718
745,ruippeixotog,1594,1640
745,makagonov,1702,1717
745,rohitranjan017,1623,1660
745,bitcom,1577,1628
745,tanmayc25,1691,1709
745,ProLights,1616,1655
745,_mactep,1608,1649
745,Zovube,1509,1580
745,mr.IncrediBle,1404,1509
745,torquecode,1645,1675
745,goodhope,1753,1754
745,allcodeAC,1635,1668
745,luonaerduo,1620,1657
745,cxhscst2,1359,1479
745,Ekler,1646,1676
745,quangduytr,1428,1524
745,srx6,1469,1551
745,Leastick,1493,1568
745,kenenalmat,1236,1402
745,iamstg,1581,1628
745,N3SL,1445,1535
745,rafalk342,1549,1606
745,slobodianiuks,1650,1677
745,crazyX_CN,1506,1575
745,devanshdalal,1609,1647
745,frusty,1553,1608
745,tugushka,1723,1730
745,rookie_,1500,1571
745,weeping,1715,1724
745,KtlTheBest,1629,1662
745,A.Magdy7,1612,1649
745,out_of_the_box,1711,1721
745,artsin666,1324,1455
745,INUA,1492,1565
745,pooyankhan,1691,1706
745,deepraiya17,1470,1550
745,Alestra,1500,1570
745,paunmatei7,1537,1595
745,garik_av,1572,1620
745,Vadilla,1431,1523
745,mzhorvath,1479,1555
745,Woodie,1430,1522
745,Hackrxer,1731,1734
745,Krisha,1475,1552
745,ccsnoopy,1865,1834
745,Emsawy,1510,1576
745,bnorbert,1519,1582
745,Toyo,1501,1570
745,AdMiRaLL,1471,1549
745,deshaion,1479,1554
745,tirth14,1517,1580
745,AliTavassoly,1599,1637
745,Bassel,1508,1574
745,gupta97,1483,1557
745,MightyToMo,1691,1703
745,IvanVan,1668,1687
745,Pashoktond,1591,1631
745,drdanailov,1599,1637
745,Safayat,1701,1710
745,Iskandarov_Islom,1628,1657
745,Ferume,1335,1458
745,dmitry74,1557,1607
745,moshiur.bd,1587,1628
745,m80126colin,1575,1619
745,yell,1538,1593
745,anshul96gupta,1421,1513
745,jprl,1526,1584
745,LaserSH,1616,1648
745,viktoria.0907,1386,1490
745,FiTr0210,1381,1486
745,subhajitgorai,1643,1667
745,gdymind,1611,1644
745,Pooya.Ml,1555,1604
745,8shubham,1546,1598
745,sanketM,1754,1748
745,mayank111,1414,1507
745,ayaHamdi,1555,1604
745,Temotoloraia,1512,1573
745,rafsan_rana,1465,1541
745,dafaq,1643,1666
745,Tes_peach,1457,1535
745,firehawk,1667,1683
745,YanHan22,1644,1666
745,-NOOB-,1533,1587
745,fmota,1449,1530
745,_Shakil,1592,1629
745,claus_spb,1619,1648
745,arvindnair,1413,1505
745,code_play,1699,1706
745,KirillShin,1724,1724
745,ironsoul,1624,1651
745,Indecchi,1868,1832
745,ACMLCZH,1719,1720
745,Makkunda,1556,1602
745,gauravsharma,1473,1545
745,avirammagen11,1615,1644
745,AsGreyWolf,1661,1677
745,hongyan,1478,1548
745,PKUItachi,1812,1789
745,senya111,1413,1504
745,BelkaVest,1409,1501
745,Rainie,1521,1577
745,Thrumbo,1781,1765
745,mark1995,1443,1523
745,LordVoldebug,1580,1618
745,tani13,1378,1480
745,let4ik,1752,1743
745,Coder_404,1474,1544
745,GabrielCamargo,1548,1595
745,dush1729,1680,1690
745,itea,1343,1457
745,bin.Go,1687,1695
745,danick,1718,1717
745,Pranky,1435,1517
745,snek_Case,1721,1719
745,DoesNotCompute,1408,1499
745,Ninjo,1487,1552
745,ruper,1379,1479
745,gayensouvik1,1643,1662
745,neerajbattan,1621,1646
745,ameet_1997,1562,1604
745,Yousei,1318,1439
745,FishKOH,1634,1655
745,thethong.ngu,1380,1479
745,iwashi31,1808,1784
745,saman_mohseni,1357,1464
745,I_love_Captain_America,1508,1565
745,AmantedelaComida,1520,1573
745,lzuqer,1470,1539
745,ruban,1657,1671
745,HaabyHings,1401,1492
745,Klesomik,1346,1456
745,_S_T_O_C_H_A_S_T_I_C_,1491,1553
745,Nightfury18,1487,1550
745,MazzForces,1529,1579
745,axelabhi,1378,1476
745,longNH.IT17,1380,1478
745,valorwxp,1792,1771
745,-osdajigu-,1572,1609
745,Prionantha,1437,1515
745,Miuw,1878,1835
745,tr4rex,1486,1548
745,Akinorew,1638,1656
745,vladmart,1578,1613
745,icecathy,1503,1560
745,kishertka,1461,1531
745,Mahdi_Jfri,1560,1599
745,Phyber_Optik,1795,1772
745,ayush07,1529,1577
745,parallelc,1441,1517
745,pandrei,1346,1454
745,14310520317,1499,1556
745,dpopd,1380,1476
745,Amoo_Hashem_Mehraban,1543,1587
745,kosakkun,1564,1601
745,sahasumit288,1622,1643
745,GrishinD,1569,1605
745,Yukine,1424,1504
745,Gasser,1506,1560
745,anurag21raghav,1597,1624
745,mshcherba,1563,1600
745,Raddu,1596,1624
745,MengLan,1574,1608
745,Valgt,1495,1552
745,mathusalen,1787,1764
745,Snakapkin,1586,1616
745,Kurt,1517,1567
745,patra3,1778,1757
745,q..,1506,1559
745,father_of_dragon,1752,1737
745,NikNag,1443,1516
745,_Ash__,1680,1684
745,devendra_sharma,1290,1416
745,skolandrik,1463,1529
745,vipsharmavip,1681,1684
745,lgr745,1810,1781
745,ZKDNCYSGLBZ,1579,1610
745,Reeman,1429,1506
745,harshilgoel,1629,1646
745,egor.okhterov,1454,1522
745,JJJJY,1573,1605
745,n.a.o.,1816,1785
745,Mistra,1485,1543
745,codeslayer1,1530,1575
745,giabao4498,1299,1420
745,don_iniesta,1500,1553
745,naumazeredo,1818,1786
745,Ilya.Pchelintsev,1672,1676
745,bigcrunch,1539,1580
745,Yasola,1688,1688
745,Wchabh,1583,1611
745,t51645,1442,1513
745,yaegashi,1659,1666
745,hatak,1441,1512
745,Hussien_Ibrahiem,1468,1530
745,Arrows,1687,1687
745,Philae,1850,1809
745,Tarasenko,1455,1521
745,aloksharma,1776,1753
745,TarifEzaz,1427,1502
745,sagar_kaushal,1570,1601
745,DebNatkh,1622,1638
745,junioragd,1710,1703
745,naddezhda,1507,1556
745,vysbor,1494,1547
745,w446506278,1499,1550
745,weak_male,1357,1455
745,ironhide14,1686,1685
745,SleipnirF,1588,1613
745,pseuda,1454,1519
745,MuRoD,1600,1622
745,kashrish,1416,1493
745,CQU-WWT,1466,1527
745,kumino,1651,1659
745,niu,1535,1575
745,AmrMorsy2,1489,1542
745,mathmaniac,1591,1615
745,bitbitter,1390,1475
745,meopass_0v0,1530,1571
745,Marik,1600,1621
745,Apptica,1405,1485
745,IvanovicM,1408,1487
745,arto1379,1304,1419
745,dragonsoul,1518,1562
745,iulianrotaru,1770,1746
745,Dmitriy.Belichenko,1444,1511
745,Iriskinn,1811,1777
745,IMANGALITE,1521,1564
745,hjj,1529,1569
745,alexander89116,1619,1634
745,Jahid,1633,1644
745,m.r.m,1405,1484
745,alepic,1544,1580
745,nuttsteltizer,1173,1337
745,woief,1598,1618
745,UtopiaBeam,1558,1589
745,sebach,1468,1526
745,mostshy,1577,1603
745,Seif,1477,1532
745,PAG,1576,1602
745,OrlandoIsay,1648,1654
745,coderans,1547,1581
745,theprof,1562,1592
745,StrasbourgToumaKazusa,1525,1565
745,TommyX,1530,1569
745,paquechee,1586,1608
745,bobi4597,1558,1588
745,MCoder,1574,1600
745,abhi2812,1559,1589
745,dyf,1531,1569
745,milderhc,1608,1624
745,DESmart18,1385,1468
745,_irakiH,1593,1613
745,zhongwang,1757,1734
745,HunterYH,1588,1609
745,M.Al-Hussein.96,1386,1469
745,AlexT,1375,1461
745,TanyaCheremkhina,1221,1363
745,Mahan_sh,1412,1486
745,medamine,1350,1444
745,Vinatorul,1623,1634
745,j4nu5,1534,1570
745,tiorted,1794,1761
745,thelazy1,1392,1472
745,crowworks695,1730,1712
745,Artcs,1326,1428
745,souravvv,1407,1482
745,pedro.candeiasmartins,1500,1545
745,penzer27,1500,1545
745,mateuscgc,1424,1493
745,Stole95,1632,1639
745,IuriG,1647,1650
745,protick666,1628,1636
745,teja349,1721,1705
745,nishant15,1363,1452
745,Seku,1786,1754
745,c.x.a,1404,1479
745,wellvolks,1487,1535
745,Pish4,1537,1570
745,mr_knownothing,1463,1519
745,hope_,1472,1525
745,Alexicon,1503,1546
745,alibek_1,1378,1461
745,skrcode,1392,1470
745,romarioGI,1269,1390
745,andreumat,1614,1625
745,light_y,1700,1688
745,mprocks,1633,1639
745,little_mod,1525,1561
745,piranha,1525,1561
745,roomylee,1515,1554
745,GoogleBot,1852,1803
745,ErzhaNN,1554,1581
745,HosseinYousefi,1858,1808
745,Huber,1478,1527
745,CodyMaker,1677,1671
745,rangwani_harsh,1401,1475
745,despair,1396,1471
745,YueHuo,1553,1580
745,ozym4nd145,1616,1625
745,s17b2_voroneckij,1668,1663
745,Ibodzoda,1487,1533
745,manoj.narens,1358,1445
745,Trote_w,1484,1531
745,er_shivasoni,1581,1600
745,Hartha,1406,1477
745,Ehsan22,1461,1514
745,lahm07,1365,1449
745,shadowfax,1832,1787
745,KARM,1729,1709
745,receed,1662,1658
745,latvian,1424,1489
745,abhishek20113,1574,1594
745,jose92,1537,1567
745,gsa93,1758,1730
745,AyazAta,1500,1541
745,Dibagger,1336,1430
745,CODOPEDIAC3,1781,1747
745,marcospaulo,1892,1832
745,elio,1810,1769
745,Sub-Zaher,1453,1508
745,doof,1505,1544
745,VIIIIIIVX,1360,1445
745,Jupiter,1726,1705
745,shivamg_isc,1539,1568
745,_greedy,1544,1571
745,FourFourTwo,1602,1613
745,Hamzqq9,1538,1567
745,AdelX,1431,1492
745,Mem4ik,1591,1605
745,angelg,1738,1714
745,the_badcoder,1454,1507
745,coding_weeb,1500,1539
745,___---___,1500,1539
745,Jubair_2147483647,1434,1493
745,bluefi,1623,1627
745,inno2,1686,1674
745,Cyber,1881,1822
745,souvikkrm,1810,1768
745,ForgotToUpsolve,1630,1632
745,PhanTrinh,1609,1617
745,Raaeeiiss,1709,1691
745,mavil.sittal.savil,1653,1649
745,kudoshinichilike,1359,1442
745,Shivram,1887,1826
745,dhirajfx3,1522,1554
745,harshit19,1379,1455
745,Singularity7,1500,1538
745,Lingsong,1828,1781
745,BishalG,1820,1775
745,aneesh2312,1637,1637
745,tgrfz,1810,1767
745,omar22,1637,1636
745,BagInCode,1672,1662
745,BALDA_AMAR,1846,1794
745,sazzach,1684,1671
745,Deathly_Hallows,1642,1640
745,marcose18,1701,1683
745,rop,1461,1510
745,Valk628,1558,1578
745,vaibhavjaimini,1608,1614
745,zhabo,1706,1687
745,EleCursity,1395,1464
745,ManiSadati,1688,1673
745,lhvu_1999,1564,1582
745,mrm_196,1453,1504
745,darksmith,1517,1548
745,DatoTS,1636,1634
745,gantheory,1800,1758
745,sinhashubham95,1622,1624
745,sp_502,1613,1617
745,lazy_af,1468,1514
745,dhrumil140396,1610,1615
745,tatarin98,1500,1536
745,badeaadi,1702,1683
745,sonika,1594,1603
745,PSA.DatLuongDucTuan,1596,1604
745,De_La_Grandi_Mephstophls,1423,1482
745,norshtein,1661,1652
745,DP99,1660,1651
745,pshtchnqlwplsxnntcktnk,1600,1607
745,levapnilirbuz,1684,1669
745,SA_glory,1719,1696
745,sonlh07,1814,1768
745,timepass,1421,1480
745,NewNick,1534,1559
745,mainstring,1547,1568
745,rachitiitr,1870,1810
745,saliii,1753,1721
745,NourAlhadi,1523,1551
745,ipchi,1379,1451
745,dbroodryk,1651,1644
745,shashack,1584,1594
745,Anonymuoss,1548,1568
745,nqh,1682,1666
745,BitHashTech,1888,1823
745,hg_pt,1846,1791
745,ilya.voronin,1783,1743
745,Kaildls,1481,1520
745,johntyro,1707,1685
745,Triracle,1837,1784
745,ngfam,1864,1805
745,Vicennial,1584,1594
745,firmanhp,1822,1772
745,Dopahkiin,1861,1802
745,HitmanBBa,1557,1574
745,danilserov,1782,1742
745,hk_shenoy,1384,1453
745,bigbrother,1500,1533
745,x_entropy,1650,1642
745,achaitanyasai,1851,1794
745,rajon_aust,1563,1578
745,kushalbabel97,1470,1511
745,IITianUG,1789,1746
745,akshay_miterani,1887,1822
745,hungriestCroc,1500,1532
745,nanicode,1390,1456
745,Alex342,1677,1661
745,abdelkarim,1679,1662
745,orange4glace,1329,1415
745,chinmay_sd,1565,1578
745,myway,1485,1521
745,arturom,1667,1653
745,bertram,1500,1532
745,Ali.Kh,1716,1690
745,har_vi,1575,1585
745,mack0813,1500,1531
745,Fenrir_Asteron,1723,1695
745,lookforayush,1267,1374
745,amlansaha,1544,1562
745,Drako_2K,1574,1584
745,Sgeg,1650,1640
745,rihaz_zahir,1675,1658
745,siddharth9820,1476,1514
745,zhouzx,1650,1640
745,phanhiepc3bx,1500,1531
745,jiachinzhao,1711,1686
745,sam29,1627,1622
745,Saveng,1282,1383
745,DenXX,1709,1684
745,dglima,1495,1527
745,TooWeakToCode,1424,1477
745,purav_95,1564,1576
745,khayyam,1562,1574
745,dragonite,1670,1654
745,nhanlun,1364,1436
745,barun511,1480,1516
745,henry_colebrooke,1694,1672
745,deepanshugarg,1640,1631
745,DiscoFighter47,1507,1534
745,WHzy,1542,1559
745,crvineeth97,1545,1562
745,Rim.K,1646,1635
745,EngyEbrahim,1385,1449
745,Kaszper,1403,1462
745,__important__,1571,1580
745,mostafa_9a7c2,1730,1698
745,fengye1998,1507,1534
745,FallDream,1773,1731
745,DemonCry,1513,1538
745,koroalin,1389,1452
745,LazyMediocre,1404,1461
745,koval.victor,1425,1476
745,Horia16,1490,1521
745,MagicWand,1446,1490
745,flash_7,1697,1673
745,CodeItLikeAidos,1547,1562
745,prashant.pandey,1439,1485
745,weak_informatics,1557,1569
745,3rbi,1456,1497
745,deva2802,1628,1621
745,deepak0004,1518,1541
745,anni11,1572,1579
745,RoadToMaster,1500,1528
745,I_See_You,1870,1805
745,rr_,1871,1805
745,ngoclanpbc,1562,1572
745,tariqiitju,1443,1487
745,Yehezkiel,1728,1695
745,kml777,1356,1428
745,Anaar,1076,1253
745,RAMBO_tejasv,1711,1683
745,mihalykoandras,1517,1539
745,bkrtoni,1511,1535
745,faraonul,1481,1513
745,denny_sem,1454,1494
745,JamesQi,1599,1598
745,iakovlev.zakhar,1766,1724
745,mshokry10,1590,1591
745,Mama_Bullki,1688,1665
745,Suhaylee,1509,1533
745,mk13579,1398,1455
745,Double_O,1787,1740
745,grand1,1293,1385
745,i_love_math,1510,1533
745,noelnadal,1719,1688
745,Timonnable,1552,1563
745,fonmagnus,1574,1579
745,cabinfever,1772,1728
745,ankit0905,1303,1391
745,gongfuqingwa,1520,1540
745,bird-man2,1492,1519
745,chq.matteo,1473,1506
745,just_soso,1888,1817
745,TripleM5da,1650,1635
745,krnfx,1474,1507
745,out_of_theblue,1616,1609
745,uttom,1494,1521
745,huicpc0807,1493,1520
745,spk,1442,1484
745,smu201111192,1650,1634
745,ForeverDiv2,1432,1477
745,koshish,1537,1551
745,LetsBeatSameerGulati,1500,1524
745,misir_ali,1584,1585
745,devilsanek,1430,1475
745,Glebodin,1671,1650
745,aya_elymany,1214,1333
745,tantam75,1532,1547
745,timo14z,1649,1633
745,dorostmishe,1503,1526
745,HereToDisappoint,1511,1532
745,chenzhaozheng,1602,1598
745,thedark,1721,1687
745,arnab_sust,1455,1492
745,Shadow_dsp,1474,1505
745,ELDAN,1621,1612
745,rassvetik,1448,1487
745,Homo__Sapiens,1390,1447
745,Khazhak,1791,1740
745,data2792,1516,1534
745,khasam,1397,1451
745,Minaa,1600,1596
745,livingfool,1329,1405
745,shakil_AUST,1605,1599
745,Muhammad2218,1463,1497
745,lukatiger,1842,1779
745,dkjsfkhg,1620,1610
745,luozongying,1666,1645
745,binh123456,1500,1522
745,DoomzGay,1560,1566
745,ArrowLLL,1363,1427
745,RohanRTiwari,1503,1524
745,lixolas,1833,1772
745,yash17,1410,1459
745,Mohamed_Ayman,1325,1401
745,ollpu,1689,1661
745,JJboom,1376,1435
745,kater,1450,1486
745,hotpepsi,1723,1687
745,KingOfWrongAnswer,1461,1494
745,codefreak9,1520,1536
745,ammunation,1424,1468
745,gaurav56singh,1481,1508
745,xarshila_,1292,1379
745,Sabo,1641,1624
745,GreyDireWolf,1247,1350
745,CodeTamer.,1519,1535
745,noob,1279,1370
745,deflat,1874,1803
745,n.grechiha,1757,1712
745,RiseOfTheFallen,1471,1500
745,unbelievable02,1196,1317
745,code_and_hack,1374,1433
745,murugappan_s,1500,1521
745,mammadhajili,1513,1530
745,ansari,1231,1339
745,vahushafa,1238,1343
745,sad_club_piece,1214,1328
745,aranjan,1297,1381
745,grenadier_amit,1361,1423
745,always_4ever_5_25__21_SS,1451,1485
745,gone_girl,1483,1508
745,Kareem_Mohamed,1655,1634
745,Erdenebayar,1609,1599
745,EsraaSalah,1496,1517
745,itzshivam,1489,1512
745,meshi,1428,1469
745,I_love_sqrtdecompton,1061,1235
745,nightwing123,1434,1473
745,mihai.zsisku,1606,1597
745,aanellien,1423,1465
745,Morteza.j8,1432,1471
745,v9fly,1390,1442
745,abhishekjIITR,1474,1500
745,_chi_,1529,1540
745,amrinder70,1752,1707
745,misha_hkl,1599,1591
745,kostyaMYR,1401,1449
745,g4_e5_f3,1616,1604
745,Srantik_22,1745,1701
745,deffrian,1482,1506
745,zMy,1828,1765
745,mahfuz_alam,1594,1587
745,Anemoi,1468,1495
745,HardNut,1334,1403
745,Dull,1130,1274
745,vikax,1375,1431
745,jddantes,1527,1537
745,RazvanD,1651,1629
745,pwian,1557,1559
745,Parazit,1554,1557
745,Minhir,1424,1464
745,huongkem,1224,1331
745,chogba,1450,1482
745,Aemon,1745,1700
745,Artemsta,1517,1530
745,hetshah1998,1610,1598
745,san1997,1380,1433
745,admarkov,1399,1446
745,yassin_,1547,1551
745,lkolt,1884,1808
745,andrey.starodubtsev,1544,1549
745,mlaw0,1498,1515
745,aditya1701,1391,1440
745,AK74,1649,1627
745,Zeron,1609,1597
745,derovi,1527,1536
745,vatsal,1304,1381
745,Mirell,1479,1502
745,JustInCase,1669,1642
745,unlimited700,1353,1414
745,Reventon,1629,1611
745,avrupa,1357,1416
745,Pavs,1521,1531
745,mit312,1407,1450
745,AQ78,1353,1414
745,kocko,1470,1494
745,ooOOOOoooOOOOo,1832,1766
745,dwoolley3,1653,1629
745,Ayush_Gupta24,1335,1401
745,pvasilyev,1543,1547
745,zhussupov,1539,1544
745,Lusajfer,1722,1681
745,toomas,1523,1532
745,CLown1331,1562,1560
745,OfTheSharingan,1498,1514
745,F02H,1665,1638
745,bestara,1551,1552
745,JoseGuerra,1525,1533
745,osss,1315,1387
745,kosmas,1368,1422
745,smalex69,1339,1403
745,qiancy981,1652,1627
745,rajatthakur,1562,1560
745,_narwhale_,1500,1514
745,Mirror,1563,1560
745,tfg,1746,1699
745,Ranis,1724,1682
745,Jumaboyev_Davlatmurod,1525,1532
745,ToErr,1378,1429
745,MRedor,1744,1697
745,toxzi,1694,1659
745,mwistrom,1454,1481
745,mitomchieu2,1500,1514
745,julyc,1831,1764
745,nimxor,1481,1500
745,NorDDay,1429,1463
745,Mher97,1457,1483
745,wrick,1539,1542
745,WolfPredator134,1465,1489
745,ycdfwzy,1840,1771
745,GreenGrape,1647,1622
745,OljaV,1296,1372
745,sanaa.wadood,1498,1512
745,Androik,1821,1756
745,DonSilvio,1516,1525
745,neroond,1397,1440
745,NanaKagura,1739,1692
745,codesmiler,1379,1428
745,lonelam,1633,1611
745,yellow_mango,1316,1385
745,benedemon,1412,1450
745,daniboybye,1358,1413
745,Mr_Suworow,1252,1343
745,orange_to_the_wall,1522,1528
745,trngngntn,1243,1337
745,nikitayusupov,1771,1716
745,LiquidFun,1573,1566
745,vladKB1,1326,1391
745,Wajdy,1424,1458
745,Hunkishi,1621,1601
745,izryt,1485,1501
745,iSerya,1507,1517
745,shauryachats,1420,1455
745,alkil,1571,1564
745,jian432535w43,1496,1509
745,toma_pirtskhelani,1354,1409
745,fmfkfd,1342,1401
745,Onjo,1393,1435
745,pradyumna014,1562,1556
745,Stiff_Subset,1406,1444
745,MasT,1396,1438
745,martiniedva,1386,1431
745,franzks,1341,1400
745,qiankaihua,1439,1468
745,pochita,1457,1480
745,strasp09,1363,1415
745,kuldeepfouzdar,1433,1463
745,anisca22,1274,1355
745,agw,1636,1612
745,Koderok,1370,1418
745,cgfs10000,1360,1412
745,lazyCoding,1416,1450
745,Darts501,1601,1584
745,blankvoid,1500,1510
745,gflyingcat,1800,1737
745,sgargiitr,1628,1605
745,ak_05,1392,1434
745,SnakeAce,1420,1453
745,Mohammad_Kartoumeh,1657,1627
745,LoDThe,1518,1523
745,One_Gloved_Man,1516,1522
745,yashverma,1514,1520
745,kosmur,1142,1271
745,Mao_Z,1432,1461
745,suspicio,1602,1585
745,danza,1356,1409
745,Manny,1865,1787
745,Stresshoover,1431,1460
745,calla212,1678,1642
745,cookies146,1500,1509
745,argnur,1575,1564
745,THOOR_000,1664,1631
745,Deus_Vult,1469,1487
745,legoBridge,1573,1563
745,d_operator,1500,1509
745,ruslanjan,1468,1486
745,ParsaT,1433,1461
745,adityank007,1450,1473
745,EasyDaisy,1500,1509
745,EmmanuelAC,1429,1458
745,zyan7,1500,1509
745,GiraffeCoder,1859,1782
745,ntd275,1581,1568
745,MontaF,1464,1483
745,dragon1024,1484,1497
745,shy_visitor,1728,1680
745,Baqtraqking,1673,1638
745,Zamperini,1500,1508
745,yura08,1333,1391
745,plehem,1440,1465
745,rizhiy,1434,1461
745,svineet,1449,1471
745,SmokeOut,1555,1548
745,postyreal,1500,1508
745,Zmeshveliani,1291,1363
745,savelyevlad,1444,1467
745,bigbrain,1825,1754
745,ketan582,1526,1527
745,andikh,1502,1508
745,saurabh3240,1619,1596
745,1707,1423,1452
745,milisav,1602,1582
745,zheng_qm,1500,1507
745,uppi,1601,1581
745,EvieOneLove,1484,1495
745,nwjhyr089,1578,1564
745,packwolf,1392,1430
745,raiden_11,1467,1483
745,5udipta,1590,1573
745,subinium,1303,1369
745,RestingRajarshi,1341,1395
745,Single_Ready_To_Mingle,1462,1479
745,Nesze,1394,1431
745,Gray_58,1668,1632
745,Highsenberg,1296,1364
745,plokmijn,1621,1596
745,AnnSvistun,1342,1395
745,tabgok44,1500,1506
745,muzaffar,1299,1366
745,GabrielSiq,1598,1578
745,callisto,1440,1463
745,rareone0602,1411,1442
745,EbraM96,1163,1278
745,-_ALTYN_-,1303,1368
745,ALG0RHYTHM,1561,1550
745,letmebe,1500,1506
745,dafei,1589,1571
745,gmpota,1504,1508
745,aminul,1479,1490
745,Etile9998,1449,1468
745,Adai_is,1434,1457
745,2015190026,1738,1685
745,ltomic,1753,1696
745,dastan,1351,1400
745,zstu_jack,1787,1723
745,Goran1,1542,1536
745,utk1369,1364,1409
745,shirokov,1524,1522
745,windautume,1821,1749
745,Ros9,1291,1359
745,_DeadShot,1409,1440
745,matveich,1407,1438
745,fake_delete_pls2,1378,1418
745,RAV263,1390,1426
745,hryniuk,1449,1468
745,LeeHolmes,1509,1511
745,Flyce,1744,1689
745,jainrishab1996,1484,1493
745,edisonhello,1592,1572
745,chonattapon,1618,1592
745,divyanshshukla13,1519,1518
745,felipe17,1442,1462
745,amtematem,1646,1613
745,HassanYousef,1316,1375
745,maknunlakme,1213,1308
745,Ez_prizer_vserosa,1395,1429
745,nihalb,1745,1689
745,nabila_ahmed,1489,1495
745,axbzoe487,1631,1601
745,Vladimir22,1430,1453
745,fafal_abnir,1490,1496
745,SamaratovToxicSociety,1253,1332
745,minecraftyugi,1445,1463
745,user3301,1696,1651
745,dracarys30,1500,1503
745,SopoChikvinidze,1439,1459
745,TooObvious,1559,1546
745,stcllxzture,1510,1510
745,waynetuinfor,1494,1498
745,solaimanope,1413,1440
745,pazzle1230,1360,1403
745,online6731,1177,1283
745,Safadurimo,1471,1482
745,193s,1500,1502
745,trojan_king,1317,1374
745,vl_s,1375,1413
745,guillermo_0114,1574,1557
745,Envyte,1896,1806
745,manuchroma,1333,1384
745,ttepu,1751,1692
745,raghavg7796,1518,1515
745,ulthril,1500,1502
745,iulian_f2k,1285,1352
745,Cadongllas,1578,1560
745,Figthlighting,1347,1394
745,aurora_,1486,1492
745,Kallaseldor,1285,1351
745,Aman_Gupta,1236,1319
745,nadchu,1454,1468
745,SatenRuiko,1486,1491
745,baur.tokenov,1368,1407
745,Roze,1313,1370
745,yashchapani,1481,1488
745,Yokile_cc,1483,1489
745,mayorovmp,1430,1450
745,davidzhou,1473,1481
745,sheri.mori,1444,1460
745,MichaelTan,1500,1501
745,iam_ss,1287,1352
745,jomatt,1401,1430
745,Djok216,1728,1673
745,voidCoder,1431,1451
745,Never_,1511,1508
745,invinciblerm,1492,1495
745,kyleliu,1848,1767
745,Darth.Vader,1489,1492
745,inakolithsihsa,1514,1511
745,I_WannaBe,1405,1432
745,iit_sujal,1470,1479
745,fyj_404,1599,1574
745,stefansav,1555,1541
745,apaar_97,1414,1438
745,OlegMankevich,1224,1310
745,NaDaAshraf,1378,1413
745,and5eea,1450,1464
745,codeonwort,1358,1399
745,MohammadZuhair,1518,1513
745,Shreymanik,1545,1533
745,mr234,1685,1639
745,TheCourier,1652,1614
745,wangzechen2015,1530,1521
745,hq_chopper,1271,1339
745,leloy,1364,1402
745,new_ac,1540,1529
745,coderghj,1592,1568
745,salma,1330,1379
745,exqt,1796,1725
745,tonynho,1246,1323
745,Yimismi,1553,1538
745,lcpingping,1219,1305
745,brian,1563,1546
745,caoyu01,1766,1701
745,jman2000,1500,1499
745,Arthurvtr,1778,1711
745,Khanes,1500,1499
745,SJoshua,1449,1461
745,TaoSama,1865,1779
745,PurpleGuy,1600,1573
745,kurenai3110,1418,1439
745,aazz,1500,1498
745,greedy_me,1427,1446
745,nongi,1367,1403
745,dcordb,1660,1619
745,mk_Shahriar,1650,1611
745,ayushkmr,1451,1462
745,hhhhx,1500,1498
745,nyakuba,1452,1463
745,gerv-ololo,1756,1693
745,shaunle,1669,1625
745,Omicron,1523,1515
745,aznswimmerboi,1565,1546
745,ZICK1234,1466,1473
745,Jobayer__,1313,1366
745,sdqe,1852,1768
745,white_sage,1346,1388
745,zchahaha,1649,1610
745,bka_hackman,1224,1307
745,Triplestop,1503,1500
745,U_Square,1460,1468
745,yinxiaoyu,1324,1372
745,trytolearn,1460,1468
745,Huatti,1301,1357
745,lerka,1335,1380
745,AFN,1405,1428
745,AnasAbbas,1414,1435
745,aminebhs,1483,1484
745,Akmoyu,1536,1523
745,shubhamgarg18,1227,1308
745,MrX,1394,1420
745,chiragjn,1626,1591
745,Xijiks,1437,1451
745,agarajaev,1361,1397
745,I_love_Aditi,1500,1496
745,NicolasK,1608,1578
745,Zymeth,1533,1521
745,georgerapeanu,1560,1541
745,felixwong,1601,1572
745,helloww,1629,1593
745,SupreMo,1139,1251
745,1234567890,1625,1590
745,shivani87654,1374,1405
745,alquarizm,1494,1491
745,ngrj93,1500,1496
745,TahsinEnesKuru,1221,1303
745,wdsrocha,1427,1442
745,wa1,1120,1239
745,Xandry,1420,1437
745,adamgibiadam,1274,1337
745,Resurrected,1413,1432
745,sjtsjt,1797,1723
745,hazefully,1472,1475
745,manvi_garg45,1328,1373
745,Tuaki,1555,1536
745,EugenePilipenko,949,1138
745,sreedish,1361,1395
745,derekgong.dg,1617,1583
745,besteady,1500,1495
745,HuKuTa_JiIObuT_HacTIO,1246,1318
745,appro,1492,1489
745,bhikkhu,1663,1618
745,-AKram-,1582,1556
745,CloudStrife,1591,1563
745,fancita,1423,1439
745,Tanmoytkd,1272,1334
745,sac0,1500,1494
745,Sukeesh,1513,1504
745,nanu,1573,1549
745,shivam0891,1428,1442
745,Takagero,1137,1247
745,AshishYadav,1635,1596
745,amrsaeedhosny,1292,1347
745,pas.andrei,1553,1533
745,s.yanush,1375,1404
745,Zinia,1353,1389
745,zange,1236,1310
745,shahed_ahmed,1348,1385
745,sarthakag,1311,1360
745,MrCode,1459,1463
745,anvesh16,1356,1390
745,15310320305,1480,1478
745,vaibhav_gupta,1249,1318
745,Legendary_Letby,1304,1354
745,Jakir_Sust,1341,1380
745,long10024070,1473,1473
745,husseincoder,1423,1437
745,namanyadav12,1343,1381
745,kinshukkashyap.1999,1402,1422
745,Rajkin_Hossain,1220,1298
745,mijatolaxd,1258,1323
745,BlueHya,1654,1609
745,Ibodullo_Yorov,1350,1385
745,rezaulhsagar,1197,1283
745,Disacom,1258,1323
745,fake_genius,1423,1437
745,ali-sa,1501,1493
745,Mohammadreza_mz,1550,1530
745,E_N_D,1575,1549
745,George.Samuel,1213,1293
745,shaft,1605,1571
745,Albatross_29,1380,1405
745,Davood,1256,1321
745,Bakanio,1404,1422
745,QuanQqqqq,1350,1384
745,czosnek857,1500,1492
745,xSnapdragon,1428,1439
745,inna,1294,1346
745,Kosmonavt,1418,1432
745,krishnkant_,1380,1405
745,Septher,1517,1504
745,luka25,1527,1512
745,Maruusha,1446,1452
745,kozlosoft,1310,1357
745,RubenAshughyan,1500,1492
745,s0nskar,1218,1295
745,TurtleShip,1553,1532
745,kunalprince,1429,1440
745,deidzen,1456,1459
745,shuklaravi,1344,1380
745,Mervap,1500,1491
745,AndreLopes,1271,1330
745,CuSO45H2O,1472,1470
745,byambadorjp,1706,1648
745,germanohn,1492,1485
745,Gray_Wolf,1229,1302
745,Pqnda,1500,1491
745,poomas,1515,1502
745,Cowboy_lee,1532,1515
745,Reayz,1371,1398
745,ccutyear,1317,1360
745,congthanh123,1276,1332
745,Rabahjamal,1335,1373
745,_SHREDDER_,1179,1269
745,shubham_43,1624,1584
745,Walleyed,1279,1334
745,andrew,1260,1321
745,miteshkumarsingh58,1500,1490
745,Runb2000,1363,1391
745,olphe,1511,1498
745,Carson,1465,1464
745,lzr_010506,1567,1541
745,SampersandU,1582,1552
745,Shana,1675,1623
745,larra,1223,1296
745,SuperMegaUltraEpicHacker,1732,1667
745,kuanysh98,1219,1294
745,dramatico,1577,1548
745,bijelicb,1558,1534
745,muller13,1539,1519
745,kotisha,1500,1489
745,5p1d3r,1501,1490
745,A.BATJARGAL,1756,1686
745,i_hate_caste_reservation,1271,1327
745,roshkai,1350,1381
745,allin77,1261,1321
745,19misha99,1191,1275
745,YazanRi,1423,1433
745,TurboArtem,1463,1462
745,brimix__,1490,1482
745,bitcodeblocks,1479,1473
745,ittus,1413,1425
745,akaaka,1434,1440
745,parshin.da,1457,1457
745,Awalid,1521,1504
745,AlanDiakov,1401,1417
745,nicubodea96,1500,1489
745,Plurm,1360,1388
745,slava.palchikov,1709,1648
745,noob084,1354,1383
745,Art,1314,1355
745,Jomax100,1370,1394
745,ManuSwagV,1285,1336
745,lokesh97,1348,1379
745,karlangadas,1406,1420
745,dolik01,1289,1338
745,Bilguunzen,1630,1587
745,vpsingh,1309,1351
745,qrort,1391,1409
745,s6088,1084,1207
745,11yusuf,1378,1399
745,barriery,1516,1499
745,gaurav_gehlot,1535,1514
745,sbansal3096,1581,1549
745,SalmaSamy,1414,1425
745,duc99chl,1604,1566
745,T-breeze,1498,1486
745,vakhokotoG,1194,1275
745,Perfectxx,1379,1399
745,aleex,1406,1419
745,rzbt,1509,1494
745,lipohontiu333,1463,1460
745,Rapide,1260,1317
745,siscos,1488,1478
745,Stepanova_Anastasia,1313,1353
745,Shuvro77,1389,1406
745,Kxzuir,1725,1660
745,tongmoran,1529,1509
745,tjytlxwxhyzqfw,1537,1515
745,froghramar,1621,1579
745,CTC,1439,1442
745,shivam7,1477,1470
745,M.Ojaghi,1587,1553
745,Ilua,1672,1618
745,panipuri8,1436,1439
745,Jahoda,1500,1486
745,DWade,1402,1415
745,anjali_manocha,1377,1397
745,shade33,1335,1367
745,Abaiskiy,1500,1486
745,kuuso,1744,1674
745,prodk,1301,1344
745,kartik_anand,1251,1310
745,blake_786,1522,1502
745,drafr,1407,1418
745,Swop4a,1210,1283
745,disbolans,1425,1431
745,Tosic,1411,1421
745,onkrot,1240,1302
745,chessmaster,1567,1536
745,utkarsh1997,1482,1472
745,sarcasm.infinite,1401,1413
745,Shirone,1121,1226
745,studentnitk1,1358,1383
745,Lopex,1352,1378
745,art_star,1245,1305
745,CrystronRion,1382,1399
745,WMZAJ,1500,1485
745,Hy9cHo,1702,1640
745,jj_r,1325,1359
745,faustaadp,1207,1280
745,Muhammad_Rahimov,1395,1408
745,rainboy,1682,1624
745,vuck_flade,1500,1485
745,ref,1185,1265
745,AlexTheDagon,1405,1415
745,Dey,1358,1381
745,NotPassedCET4,1518,1498
745,TooDifferent,1427,1431
745,kyonrevens,1807,1722
745,Bengal_Tiger,1335,1365
745,sky_,1273,1323
745,master-yoda,1491,1477
745,yerkimbekov,1420,1425
745,Emruz_Hossain,1515,1495
745,arthuretf,1428,1431
745,zcyskyaa,1286,1331
745,Givemetips,1627,1581
745,thebruisedsoul,1490,1476
745,Dtl666_CF,1262,1315
745,Tvc97,1450,1447
745,hanssama,1485,1473
745,gravilet,1330,1361
745,csgogogo,1360,1382
745,Filip00,1469,1461
745,SunCL,1209,1279
745,pulkitkapoor15,1189,1266
745,abdellah_28,1071,1193
745,corecoder21,1378,1394
745,desmond085,1500,1483
745,ista2000,1315,1350
745,Rashi_Gupta,1244,1302
745,Riddho,1571,1537
745,NiksD,1213,1281
745,DimonLavron,1375,1392
745,Yusuf_sust,1279,1325
745,rishabh.jain9196,1460,1453
745,Jamesbond_007,1430,1431
745,PC14,1500,1483
745,renl1001,1378,1394
745,motivation_error,1741,1669
745,zazak,1500,1483
745,rashi_goel,1212,1280
745,NickLatkovich,1404,1412
745,arnold518,1341,1367
745,vicki,1386,1399
745,ikeha,1336,1364
745,AleXman111,1398,1408
745,tejaswink6,1397,1407
745,pizzaa,1234,1294
745,ilyas_ad,1420,1423
745,jl0x61,1540,1513
745,DiorRustamov,1342,1367
745,winless,1419,1422
745,KruppInTheSky,1293,1334
745,jatin_jt_narula,1359,1379
745,AmirPalang,1334,1361
745,Sagar_Savaliya,1265,1314
745,dikshaaggarwal9966,1230,1291
745,spectrums,1379,1393
745,Eson,1867,1768
745,lxy666,1401,1409
745,aman.chandna.1996,1251,1305
745,I_love_ProParThinkNot,1702,1637
745,Amiro0o,1500,1481
745,yatsuksergey,1417,1420
745,_42,1500,1481
745,Jovanella,1277,1322
745,bortol,1393,1403
745,HOMIARA_RUBY,1417,1420
745,relaxneko,1500,1481
745,Ekaterina_Saenko,1499,1480
745,I_love_Gia_My,1097,1205
745,Imamy4,1500,1481
745,Roballeron,1402,1409
745,ZerocooL95,1191,1264
745,emremr06,1398,1406
745,JokerNVT,1477,1464
745,grk62,1372,1387
745,MrLolthe1st,1500,1481
745,tbmmmmm,1529,1503
745,Alive_but_not_living,1500,1481
745,fedyayyyyyy,1500,1480
745,yerlandinata,1077,1192
745,Boson007,1387,1397
745,the_crazzy_vigo,1500,1480
745,IAmPupil,1544,1514
745,Sloppy_Nerd,1406,1411
745,edy_talent,1417,1419
745,ak464tnok,1158,1242
745,shyf1301,1528,1501
745,Bartol,1500,1480
745,cbosch_carlgauss,1255,1305
745,KLWDSF_mantra,1196,1266
745,Chloroform,1336,1361
745,-albus-,1305,1339
745,tepamid,1351,1371
745,---___---,1446,1440
745,tokuchi,1491,1473
745,ariel.nowik,1324,1352
745,tkg97,1357,1375
745,sarkar,1547,1515
745,zeehow,1225,1285
745,Montazer,892,1083
745,MrYX-Z,1450,1442
745,Noccto,1500,1480
745,qwedse0802,1269,1314
745,scarlet37,1235,1290
745,ddstructr,1607,1561
745,pacemaker_yousuf,982,1133
745,Policarpo,1338,1361
745,roshan09,1444,1437
745,Gudleyd,1500,1479
745,Baseilos,1327,1353
745,zorro_,1571,1533
745,i_hate_cp,1387,1396
745,yougaindra,1348,1368
745,shagakur,1535,1505
745,GioChkhaidze,1345,1365
745,liuyun,1249,1299
745,krazyduck,1500,1479
745,tsutaj1458,1507,1484
745,baguhan,1500,1479
745,unlucky_13,1492,1472
745,partha_mbstu,1409,1411
745,AirbAK,1500,1479
745,devilsliveon,1316,1345
745,galloska,1654,1597
745,ol1v3r,1234,1289
745,ajsj7598,1548,1515
745,Qudrat_Ibadullayev,1578,1538
745,Nodare,1275,1316
745,Sandip_Jana,1424,1421
745,red_hot_chili_handle,1325,1350
745,Ramadoka.,1399,1403
745,ptp512,1325,1350
745,Masha237,1574,1534
745,codefirebird,1376,1386
745,ayushbgl,1442,1434
745,rajdipsaha59,1194,1262
745,hi_im_vinh,1284,1322
745,Bijleee,1500,1478
745,mohitrbhardwaj,1422,1419
745,Nordto,1290,1326
745,nikhil1996wagh,1403,1405
745,hinodi_1998,1587,1544
745,NineFailure,1140,1226
745,ssavi,1376,1386
745,ananas-pod-kaifom,1393,1398
745,Baadshah_,1281,1319
745,areke,1875,1771
745,IceKnight1093,1298,1331
745,Usu,1329,1352
745,indefinite,1158,1237
745,AlfredoJohnson,1564,1526
745,Immortal_ua,1364,1377
745,0101-1001,1243,1293
745,tarun14110,1330,1352
745,Kolyanus,1066,1180
745,VovanF98,1383,1390
745,ipul23,1394,1398
745,Maeda,1283,1320
745,sr123,1351,1367
745,Amirshayan,1360,1373
745,Yeyanbin,1426,1421
745,ixvii0iv,1522,1493
745,and_lvov_sky,1500,1476
745,anuyog,1363,1375
745,Seddik,1392,1396
745,Straw,1352,1367
745,aman_shahi2,1400,1402
745,darthmelonder,1633,1578
745,NVBabichev,1345,1362
745,Genialo,1432,1425
745,Andrew_Machine,1320,1344
745,varshavp274,1213,1272
745,LayZ,1420,1416
745,YXlfy,1386,1391
745,souryabasu,1295,1327
745,ankdroid,1451,1439
745,Denzel,1201,1263
745,almasalmas,1570,1529
745,theRabiulAwal,1310,1337
745,zhylkaaa,1387,1392
745,vijayiota77,1378,1385
745,parsamre,1381,1387
745,Ajatar,1873,1768
745,Gardiys,1224,1278
745,BlackyTheBlueCat,1457,1443
745,andriy_zhuk,1205,1265
745,menna.,1196,1259
745,arpy,1387,1391
745,pransh,1550,1513
745,LbitPhantom,1430,1422
745,SashaV,1149,1229
745,sid96,1312,1338
745,XmtosX,1296,1326
745,Al-Merreikh,1316,1340
745,benny_wijaya,1049,1166
745,weapon_x,1231,1282
745,TiJProgrammist,1473,1454
745,Togrul_Gasimov,1301,1329
745,NgMiTam,1282,1316
745,suda1527405128,1556,1517
745,kallolroy,1584,1539
745,MR.E,1146,1226
745,bonem,1274,1310
745,demian,1218,1273
745,servesh196,1430,1422
745,2ch,1393,1394
745,Vasilevich,1040,1160
745,ali96mohammad961996,1143,1224
745,0900904A,1379,1384
745,hitesh145,1500,1474
745,Levine,1500,1474
745,tswu2010,1500,1474
745,logic_sd,1461,1444
745,Diazzz,1657,1595
745,barney1b,1489,1465
745,harshit14042,1027,1151
745,spetsnaz,1714,1640
745,farqd,1833,1735
745,markun,1591,1543
745,Mohtasim,1482,1460
745,TurboSergikk,1366,1374
745,DoubleNy,1311,1335
745,yroslaVasilevi4,1315,1338
745,Trrific,1609,1557
745,ahmedsalah196,1326,1345
745,Sean0508,1294,1323
745,OPG,1459,1442
745,Gerund___,1432,1422
745,sharpblade95,1369,1376
745,RenatoMC,1215,1269
745,gamo,1344,1358
745,racsosabe,1524,1491
745,thepegasus,1471,1451
745,nitksubbu,1617,1563
745,dhaval_lila,1232,1280
745,jcpuvb993,1500,1473
745,TwinkleToss,1179,1245
745,tricky_mickey,1435,1423
745,Balganymka,1277,1310
745,cactusson,1420,1412
745,ya_hossein,1532,1497
745,JVirak,1424,1415
745,Gealo,1263,1300
745,vrohak,1135,1216
745,Mishgannk,1377,1381
745,xxyyttxx,1599,1548
745,Akel,1405,1401
745,sutekine,1527,1493
745,Mohammadnhw,1467,1447
745,chetan_shukla,1540,1502
745,dheeraj_1997,1449,1433
745,Untrii,1340,1354
745,justadlet,1176,1242
745,Sorry_you_lose,1442,1428
745,rcg_,1607,1554
745,Fayaz,1206,1261
745,ngattaro1,1663,1598
745,illyalion98906,1140,1218
745,bbmirbek,1405,1400
745,_Mr_Fab,1345,1357
745,Askha,1316,1336
745,Narval,1449,1432
745,plsac,1500,1471
745,Tanmoy1228,1622,1565
745,NO..ONE,873,1059
745,Oscar,1376,1379
745,fortunado,1343,1355
745,Danylo99,1631,1572
745,Minology,1694,1622
745,radwasherif3,1351,1360
745,nusrat,1480,1456
745,hikky.programming.thread,1374,1377
745,architsh,1519,1485
745,mohammad-aa,1165,1233
745,win11905,1314,1334
745,metanoid,1500,1470
745,HaMeD-moll,1413,1405
745,dongsongshou,1478,1454
745,aozil110,1540,1501
745,viniciusmalloc,1285,1313
745,BicameralMind,1385,1384
745,hasbeendeleted,1514,1481
745,tricolor,1287,1314
745,contest_dhuye_pani_khai,1719,1641
745,RuslanPark,1386,1385
745,CrafterKolyan,1836,1735
745,puppy,1398,1393
745,rohit_0809,1476,1452
745,arrche,1500,1470
745,a_pramanik,1241,1282
745,pulkitjain,1406,1399
745,shivagr,1457,1437
745,tantawit,1500,1470
745,slow.coder,1371,1373
745,z13,938,1093
745,versoiutudorsorin,1278,1307
745,Andrew.Tweddle,1387,1385
745,yamaguchi1024,1401,1395
745,IgorDiakov,1370,1372
745,PoIar_,1432,1418
745,a.winston.s97,1330,1344
745,Arafatistic,1509,1476
745,Alexit,1385,1383
745,md.ashif313,1398,1392
745,v_geta,1390,1387
745,memevar,1435,1420
745,LeMikenc,1428,1414
745,YouAreNaive,708,966
745,mrmohim,1237,1278
745,5ak0,1383,1381
745,prat33k,1415,1405
745,bel_ks,1385,1383
745,gbriyad,1333,1345
745,Alex.F,1633,1572
745,kshitij_jain,1859,1752
745,ihoy,1167,1231
745,satyam_shekhar,1323,1338
745,Eldervald,1433,1418
745,manishb1505,1330,1342
745,milap_shah,1372,1373
745,foyaz05,1574,1525
745,prashantkn94,1279,1306
745,green-tea,1343,1351
745,Hesham.elsahhar,1227,1271
745,mtmohim,1356,1361
745,xXxYar4ikxXx,1296,1318
745,zhed,1652,1586
745,yahya.elfakir,1528,1489
745,mylyanyk.marko,1198,1251
745,MahmoudHamdyY,1500,1468
745,AmiraliEsmaili,1208,1258
745,SAFWAN.K,1253,1288
745,aler_gg,1522,1485
745,JackJohnson,1143,1215
745,imvivek,1268,1298
745,tiandao,1080,1175
745,javis_,1393,1387
745,irwin.hetmmet,1466,1442
745,TSky.64,1288,1312
745,fat_boy67,1412,1401
745,Geen,1500,1467
745,alavrov,1146,1216
745,Xelmeph,1468,1443
745,_FariD_,1339,1347
745,NikitosBandos,1193,1247
745,KhashayarSH,1112,1194
745,mbstu_angkur,1330,1341
745,Iskalibur,1474,1447
745,suraniap,1454,1432
745,avinash_47,1277,1303
745,hopcroftkarp,1741,1656
745,aloomya,1383,1379
745,Otpid,1299,1318
745,aiden_pearce_22,1303,1321
745,MahmoudAli,1394,1387
745,1ym1n,1495,1463
745,k0dex,1325,1337
745,fat-fighter,1306,1323
745,zz__,1500,1466
745,navidh86,1378,1375
745,Alice_2,1425,1409
745,islamtaha,1431,1414
745,vaibhav711,1432,1414
745,victory,1490,1459
745,MAMBA,1369,1368
745,_underr,1063,1162
745,SCube_,1330,1340
745,__RiverLoong,1615,1555
745,IKindmanI,1398,1389
745,prashant1994,1386,1380
745,nitishp,1315,1329
745,tushar_1997,1332,1341
745,inactive06,1307,1323
745,DatVu,1319,1331
745,hazel_eyes,1266,1294
745,Ak1m,1484,1453
745,dam_sehgal,1507,1471
745,asvikr,1663,1593
745,bthero,1311,1325
745,LOLBYECYALOL,1379,1374
745,divyank1,1528,1487
745,Genawy,1463,1437
745,dot_0,1397,1387
745,zlobber,1163,1224
745,eat_code,1289,1309
745,Arrimanter,1471,1443
745,FuckMyLife,1358,1359
745,Maruf_75,1471,1443
745,flexpro,1582,1528
745,Brom,1363,1362
745,123tourguide,1416,1401
745,_AymanSalah,1375,1371
745,RETURNCZQ,1591,1535
745,jasik29,1270,1296
745,fa_sol_lya,1425,1407
745,Ura_Dhura,1500,1465
745,AGHORii,1683,1608
745,chigichan24,1443,1421
745,Superstorm4242,1534,1491
745,KiberGraf,1442,1420
745,MKopchev,1806,1706
745,jhorvat,1433,1413
745,Faster,1582,1527
745,voxel,1340,1344
745,5N1P3R_B0T,1518,1477
745,yasminealmohandes,1315,1326
745,longhuenchan,1703,1623
745,batman123456789,1344,1347
745,Azamat,1488,1454
745,BBuf,1482,1450
745,moussai,1580,1526
745,entershei,1731,1645
745,wendy_virgo,1495,1460
745,Dmozze,1389,1379
745,Borisov,1562,1511
745,SEFI2,1605,1545
745,Omar,1331,1337
745,_kookmin20103324_,1537,1492
745,THOOR_999,1541,1495
745,GemaSamuca,1537,1492
745,josif.tepegjozov,1310,1320
745,Ilnur_the_best,1487,1452
745,bql20000,1797,1697
745,neverlucky,1500,1462
745,Mikhniuk,1502,1464
745,allahrbanda,1549,1500
745,ishahnur,1234,1267
745,abhioshar,1585,1528
745,shelob,1581,1525
745,ManasG,1423,1403
745,_Mugiwara_,1466,1436
745,punetharomil,1499,1461
745,joker007,1667,1593
745,quicksilverr,1482,1448
745,nikhil_c,1481,1448
745,dummkopf,1890,1773
745,aayush.shah15,1388,1377
745,abzaloid,1609,1547
745,Khairy,1592,1534
745,abdullah009,1503,1464
745,alisher.turubayev,1403,1388
745,Kaldybaev,1290,1306
745,Mr.Donaldo,1417,1399
745,serhatgiydiren,1418,1399
745,LetsDoThis,1229,1264
745,praveen14078,1526,1482
745,ng13095046,1633,1566
745,Nuadra,1505,1466
745,Diplomate,1562,1510
745,MSR_2K,1215,1251
745,larneybinson,1551,1499
745,AjJi,1387,1373
745,.bY,1409,1390
745,nima10khodaveisi,1270,1289
745,Aksel1994,1415,1395
745,dhruv.joshi,1430,1406
745,alok123t,1737,1647
745,priyanshupkm,1535,1487
745,longhoang08,1807,1703
745,abhi_kr,1321,1325
745,BeyondTwoSouls,1414,1394
745,judgeeeeee,1500,1459
745,transporter,1317,1322
745,Gilgamesh_017,1568,1512
745,MarcosFelipeBC,1276,1293
745,matchald,1466,1433
745,safayet007,1328,1330
745,BeautifulCode,1420,1398
745,Aaronus23,1184,1230
745,UnstoppableChillMachine,1500,1459
745,chugaev,1308,1316
745,war_and_peace,1469,1436
745,Hazemzz,1283,1298
745,glcanvas,1511,1468
745,KONAKONA666,1283,1298
745,Chameleon,1480,1444
745,Kirin_29,1264,1285
745,plcpunk,1572,1516
745,_timelord,1392,1377
745,vankata089,1383,1370
745,ms8816,1500,1459
745,lebeg,1716,1630
745,Protap_Ghose,1557,1504
745,GYC,1667,1591
745,TravellingSalesman,1120,1188
745,amirmasoudnoohi,1500,1459
745,Maaaaap,1673,1596
745,NH_Apu,1508,1466
745,chocopie,1266,1286
745,NguyenKhoiDinh,1601,1538
745,Hachiman,1433,1408
745,vegeta101,1035,1135
745,Nasik_o_O,1458,1427
745,NewIdea,1534,1486
745,poores,1500,1459
745,thienlongtpct,1689,1608
745,tarun_,1216,1251
745,slovak,1104,1178
745,khorshed,1060,1150
745,Kerk,1422,1400
745,hvk3,1339,1338
745,WhiteDiablo,1404,1386
745,Ferrumit,1408,1389
745,Fr13nd5,1281,1297
745,ppratyush96,1372,1360
745,tookunn,1335,1333
745,zensh,1596,1533
745,customer101,1299,1307
745,sayedgkm,1671,1592
745,VectorChange,1590,1528
745,Leprasavarim,1167,1215
745,netflix,1459,1426
745,.vinccce,1500,1457
745,Ashishgup,1483,1444
745,ankushg07,1284,1296
745,E-Maks,1375,1362
745,the_an0nym0us,1319,1321
745,niting112,1223,1253
745,zvv,1446,1416
745,sanjeev93,1615,1548
745,Acho3,1498,1456
745,wFire,1443,1414
745,Wael.Al.Jamal,1303,1309
745,ahsan0045,1421,1397
745,Soroosh,1636,1564
745,restart__,1267,1284
745,TzuWei,1329,1328
745,I_really_love_her,1332,1330
745,a2910,1371,1359
745,quotitquot,1238,1264
745,Submissions_Me,1627,1557
745,nazir_al_laham,1165,1214
745,Gsans,1089,1165
745,Cabpacob,1404,1384
745,kolosp.,1260,1279
745,cupel,1259,1278
745,shekhor,1391,1374
745,Omar_Kojak,1561,1505
745,Erik_M,1330,1329
745,rdik,1371,1359
745,MaxZubec,1218,1250
745,ProNoob,1297,1305
745,semior001,1338,1335
745,KHUSRAV,1571,1513
745,nikitapsh1999,1440,1411
745,kmalhotra30,1024,1124
745,Samo.A.R,1266,1283
745,zodiacleo,1500,1457
745,O_Olya,1504,1460
745,qweiop77,1845,1733
745,harsh_96,1318,1317
745,codezhunter,1482,1441
745,tanmaygarg,1508,1461
745,SmokedChicken,1488,1446
745,Armanyss,1436,1406
745,LHamster,1500,1455
745,Nightmare_hmr,1462,1425
745,chirag_dhawan,1626,1554
745,vpyati,1340,1333
745,Kilani,1541,1487
745,arshad2117,1500,1455
745,xrisk,1401,1379
745,adamantium,1569,1509
745,msagimbekov,1603,1536
745,R2__D2,1346,1338
745,Abdelrahman22,1757,1660
745,draconiun,1413,1388
745,finally_here,1422,1395
745,utkarsh111,1470,1432
745,Sharfik,1143,1196
745,lowtohigh,1497,1452
745,PG_LoLo,1569,1509
745,sdpsarker88,1601,1534
745,clear_sky,1283,1292
745,scaurb,1414,1389
745,jeffswt,1645,1569
745,__STR,1327,1324
745,sid597,1308,1310
745,Saya_Ann,1199,1233
745,DanielxSantos,1190,1227
745,hitman623,1364,1351
745,F_cff,1300,1304
745,Hosamk92,1485,1443
745,kyoma,1354,1344
745,deathname,1429,1400
745,lgbitencourt,1322,1320
745,jack04,1286,1294
745,LawlietYagami,1277,1288
745,oleg76,1224,1251
745,Pawan,1290,1297
745,bnurgeldiyev514,1184,1223
745,gautam94,1338,1332
745,onetobebest,1482,1441
745,shreyans800755,1412,1387
745,yellowjian,1366,1352
745,pomjuice,1182,1222
745,hell_hacker,1538,1484
745,Bug,1591,1526
745,byene,1710,1622
745,hmrockstar,1416,1390
745,sako01,1073,1151
745,Darkod3r,1293,1299
745,bnguyenltt,1362,1349
745,Minh_love_Hong_Phuc,1445,1410
745,Moshiur_,1257,1270
745,chetan19,1401,1376
745,ThunderStroke,1358,1344
745,Xahandd,1462,1423
745,bhardwaj_rahul,1456,1418
745,glib,1449,1413
745,3_Problems_Everyday,1121,1178
745,tnbt,1500,1452
745,flappy,1266,1277
745,MoiseAlexandru,1500,1452
745,shivgupta,1567,1505
745,ty70,1354,1341
745,Addy,1710,1620
745,1O1,1542,1485
745,AlexTG,1296,1298
745,Vinicius_Lambert,1231,1252
745,MAW1997,1451,1414
745,supervillain,1335,1327
745,newbie_acm,1396,1372
745,nuhu_ius,1216,1242
745,Kanvie,1506,1457
745,alpeshvas,1588,1522
745,Masafi,1552,1493
745,rishi_07,1294,1297
745,alimagde,1330,1323
745,mellicard,1149,1196
745,c4big2,1602,1533
745,fanmeng,1286,1291
745,walissonpj,1321,1316
745,koca_kodza,1293,1296
745,borbor,1066,1142
745,dat_e_poka,1570,1507
745,Atai,969,1083
745,dynamic_coder,1564,1503
745,lebowski998,1416,1388
745,ta_ta,1438,1404
745,chikbuck1012,1127,1182
745,ovis96,1573,1510
745,clarinet758,1217,1242
745,anton.ong,1516,1465
745,Gevorkyan_Konstantin,1225,1248
745,cipher0,1573,1510
745,WYJ20154348,1449,1413
745,Yazeed96,1083,1153
745,ms10596,1167,1208
745,exe12369,1472,1431
745,ematirov,1617,1545
745,entick11,1014,1110
745,samshad.ru,1143,1192
745,Basmaa,1360,1345
745,eg322,1295,1297
745,coldcoffeebutterchicken,1394,1371
745,rifat_072,1182,1218
745,ishani2512,1312,1306
745,Candidate_Next_Year,1288,1288
745,qareken,1387,1362
745,Coderunner,1454,1413
745,shreypandey,1291,1290
745,sabrik_,1457,1416
745,pitu3,1415,1383
745,0x_________x0,1080,1146
745,oskar,1039,1120
745,Teras23,1286,1287
745,never_compare,1293,1292
745,md_borhan,1317,1309
745,KocherginDaniil,1497,1447
745,hunter1703,1500,1449
745,DATVN,1230,1247
745,ppeczak0405,1593,1523
745,amandalmia18,1504,1452
745,tpham1512,1500,1449
745,RiPBeat,1401,1373
745,giru,1378,1355
745,alexiskhb,1452,1412
745,123ghusa,1457,1416
745,xavier,1248,1260
745,soc3,1274,1278
745,azzammohamed923,1200,1226
745,rodrigorsdc,1235,1251
745,AnjoAnjo,1331,1320
745,bornconfused,1347,1332
745,tuanhb123,1332,1320
745,yamidark,1259,1268
745,ShroukAbozeid,1214,1236
745,kreuger,1243,1256
745,Cristiano_Ronaldo,1312,1306
745,Amr_Tarek,1229,1246
745,IsmailKent,1500,1449
745,FThiesen,1390,1364
745,bolotbek_uulu,1134,1182
745,mental2008,1433,1397
745,joshikunal16,1342,1328
745,seeva92,1406,1376
745,sajalhsn13,1261,1269
745,2015326690045,1365,1345
745,pawin35,1431,1396
745,qpnp,1365,1345
745,hyoussef,1467,1423
745,instantkarma,1434,1398
745,foleyfactor,1537,1478
745,Dawn_Smith,1397,1370
745,SOSA1095,1389,1364
745,Zero-Hour,1500,1449
745,mariamzekry,1325,1315
745,tech123,1012,1104
745,Mr.Adnan,1279,1282
745,khaledafify,1047,1125
745,DFS,1560,1497
745,wol,1418,1386
745,Ortsb,1358,1340
745,gumgood,1477,1431
745,1UMR1,1312,1306
745,mostafa_mohamed22,1145,1189
745,raghu333,1544,1484
745,sagar_97,1445,1406
745,miteshjoshi,1636,1557
745,sanchit16,1410,1380
745,cannor147,1451,1411
745,Abdullah_Abu_Alrish,1366,1346
745,Mahmoud_Zohdy,1243,1256
745,Mahmoud.Ouka,1444,1406
745,faisalxn,1197,1224
745,oihyxc,1500,1447
745,sweetcookie,1500,1447
745,TheNoob,1055,1126
745,.glitch,1434,1395
745,kleinercubs,1444,1403
745,mynameiskrystof,1566,1499
745,The_Golden_Snitch,1423,1387
745,deepika10,1109,1161
745,gigajet,1616,1539
745,IsThatYou,1432,1394
745,dr-solver,1231,1244
745,Lius,1378,1352
745,Nxrx,917,1042
745,Chasty,1248,1256
745,da_201501181,1364,1342
745,suigingin,1629,1550
745,archit_d_coder,1500,1447
745,future_loops,1221,1237
745,QYitong5,1566,1499
745,born.kira,1525,1466
745,tejank10,1353,1333
745,burhan14031,1337,1321
745,alphawing,1198,1221
745,KingOfString,1125,1172
745,9046y,1448,1406
745,howly,1500,1447
745,rocky8086,1449,1407
745,haojie_chen,1587,1516
745,nik_vrn,1320,1308
745,karimelghazouly,1152,1190
745,jony_cse,1500,1447
745,Fighter.human,1404,1372
745,bass.exe,1236,1248
745,De.Wilde,1228,1242
745,_phoenixFierce,1163,1197
745,Saber_Ac,1512,1456
745,sujnesh,1448,1406
745,Waterftw,1378,1352
745,ravor,1404,1372
745,SES3,1484,1434
745,CodingYoda,1412,1378
745,Im_not_Duong,1133,1177
745,kcl886,1321,1309
745,brothermax,1500,1447
745,SUDAL,1500,1447
745,akhil.jain077,1539,1477
745,selfcompiler,1464,1418
745,Yurij_Bugaychuck,1160,1195
745,Evro,1353,1333
745,cdsfcesf,1569,1501
745,leonidvasilyev,1339,1322
745,Dansep,1558,1493
745,Youssef_IZIKITNE,1393,1364
745,cyclicfunction,1427,1390
745,Akirato,1272,1273
745,lstd,1406,1374
745,rednivrug15,1869,1745
745,eladdad,1115,1165
745,Lance_HAOH,1192,1212
745,gourav_j,1033,1107
745,Tom2151,900,1026
745,suvrojit_06,1079,1136
745,mos_safaei,1344,1323
745,keera_77,1332,1313
745,Dipto_1205076,1323,1306
745,Amlan107,1432,1390
745,armyKid,1263,1262
745,SebasJM,1383,1352
745,Mohaimin66,1371,1343
745,anonymousbuggy,1504,1447
745,Kaktus23,1401,1366
745,iamsharduld,1361,1336
745,contradiction,1470,1420
745,Nikolo.frost,1254,1256
745,Hardik.decoder,1377,1348
745,RaidenEi,1555,1487
745,kurmanbayan,1195,1214
745,sunkuet02,1375,1346
745,ryuga222,1428,1387
745,Azurey,1301,1290
745,KK_Mr.BEAN,1661,1573
745,Sowmith,1304,1292
745,3EVEHAR_KOAVA,1497,1441
745,maximzombi,1414,1376
745,mohamedeltair,1397,1363
745,detamos,1349,1326
745,frrahat,1299,1289
745,Sakib_Reza,1268,1266
745,ahmedsharyo,1228,1237
745,MohamedHamada_,1083,1139
745,Han_V,1411,1374
745,Khachatur.Khechoyan,1444,1399
745,abhi.rjpt0401,1154,1186
745,hakobdilif,1500,1443
745,TalyonLoce,1467,1417
745,pd_008,1363,1337
745,akerukesha,1333,1314
745,dntai,1371,1343
745,dario-dsa,1379,1349
745,wa7ed_sa7by,1392,1359
745,asutoshrana,1401,1366
745,WizKim,1301,1290
745,shahidul_brur,1486,1432
745,a.ayoub,1457,1409
745,2390_,1456,1409
745,Xeno_Sama,1539,1474
745,t1mursadykov,1473,1422
745,TooLazy,1377,1348
745,adnanSharif,1391,1358
745,codedecode0111,1407,1371
745,shoganai,1138,1175
745,milind009,1388,1356
745,Sazzon,1317,1302
745,harshit23897,1216,1229
745,overly_attached,1298,1288
745,pseudo_king,1446,1401
745,Minoo...,1255,1257
745,Anand25021998,1298,1288
745,shamin_asfaq,1244,1249
745,Nickir,1500,1443
745,ilil01,1141,1177
745,amir7596,1500,1443
745,amrityavagmi,1347,1325
745,xkyrie,1491,1436
745,Akatsuki_,1429,1388
745,rehanhwr,1297,1287
745,BumbleBee,1270,1268
745,Touka_Kirishima,1494,1439
745,ank2014,1336,1316
745,SUMbit_011,1595,1519
745,T1duS,1439,1395
745,Luka,1297,1287
745,ManOfWind,1500,1441
745,Merney,1209,1220
745,vihari,1454,1404
745,evonloch,1491,1434
745,we7d,1310,1294
745,Simon7426,1182,1201
745,freecss0540,1481,1426
745,mayakin,1118,1158
745,hassantarektnt,1210,1221
745,KK_KhongLayVo,1411,1371
745,abdullayev.ahror97,1368,1338
745,ryder_42,1211,1222
745,Lambo,1347,1322
745,yeech,1501,1442
745,nsf25,1440,1393
745,Dark_Crow,1442,1395
745,xavier3,1051,1114
745,shivamjain,1146,1176
745,holmes-26,1301,1287
745,Brij_Desai,1239,1242
745,morsalin,1364,1335
745,sankhoroy,1184,1203
745,Nasef,1150,1179
745,_Anas__,1364,1335
745,hakeem,1298,1285
745,AhmedKhaledS,1238,1241
745,cvele,961,1057
745,jimmyo,1453,1404
745,Acceptologist,1216,1225
745,nitesh_dudhey,1325,1305
745,Dalai,539,824
745,Musta_Mohamed,954,1053
745,AIhosya,1248,1248
745,rajeshk87,1291,1279
745,Muzy,1382,1348
745,joseraul,1339,1316
745,zhangkefang45,1288,1277
745,AlyssaHerbst,1388,1353
745,starsaminf,1006,1085
745,zoooma13,1161,1187
745,Alpha_Q,1844,1721
745,_HossamYehia_,1265,1260
745,chill21,1483,1427
745,shubhransh,1360,1332
745,rmm_0304,1221,1229
745,FreakyBunny,1332,1310
745,kanon2,1199,1213
745,hnustzhouming,1281,1272
745,X_emad_X,1514,1452
745,_mahmoud,1159,1185
745,ksohan,1538,1471
745,jian1573,1416,1375
745,Onesh0t,1307,1291
745,arshia_m,1369,1339
745,rocka,1391,1355
745,ryanleecup,1500,1441
745,nikhilhassija,1694,1598
745,Vacantxin_newbie,1500,1441
745,itami,1500,1441
745,patel95,1426,1380
745,zhadyrassyn,997,1076
745,afterzvn,1451,1400
745,pariz0,1245,1243
745,anonymousNerd,1339,1313
745,caph1993,1816,1696
745,jewel_,1285,1273
745,LoneConquerorer,1500,1439
745,gitesh18,1244,1243
745,welcome,1488,1429
745,aboura,1352,1323
745,tanish_gupta,1500,1439
745,udashi,1365,1333
745,lusine.petrosyan1,1405,1364
745,Messenger,1244,1243
745,_Scare_Crow_,811,966
745,manasagarwal1993,1317,1297
745,lehoangngoc15,1409,1367
745,ankush2394,1378,1343
745,EdgarsJ,1353,1324
745,randomguy___,1462,1409
745,Rashidov_Anis,1134,1165
745,dune,1467,1413
745,sid64,1403,1363
745,_coder_,1303,1286
745,i1uxa,1361,1330
745,coder7,1181,1198
745,shlok5,1375,1341
745,richardlizhu,1122,1157
745,gmdsam,1573,1498
745,tarikhdamir,1123,1158
745,7020kjs,1259,1253
745,AbdelkareemEmara,1352,1323
745,jonsnow7,1500,1439
745,naknct,1487,1429
745,El5dewy,1244,1243
745,code6340,1383,1347
745,tocolor,1350,1322
745,dark_knight97,1205,1215
745,adeshp96,1305,1287
745,poco,1189,1203
745,shardul.511,1336,1311
745,Ivashkaization,1161,1184
745,rounder123,1292,1275
745,_fake-,1417,1372
745,Dmit_riy,1348,1318
745,aktRabbit,1326,1301
745,MPeros,1328,1303
745,hungs20,1495,1433
745,NatInTheHat,1500,1437
745,Mhamadli,1146,1171
745,antimatter96,1343,1314
745,cse.komol,1346,1317
745,gayathrisampath1,1318,1295
745,low_level,1500,1437
745,ghaith.naddaf,1266,1256
745,sojiro_seta,1021,1088
745,E-Maxon,1354,1323
745,Bekheit,1372,1337
745,AhmadAliNabas,1500,1437
745,prateekgi,1338,1311
745,November_Man,1197,1206
745,Saadiqui,1500,1437
745,the_sage,1363,1330
745,Khaled9447,1500,1437
745,rakesh.shukla.nitw,1390,1351
745,khaledzag,1115,1150
745,unknownperson,1114,1149
745,Human_Beeing,1500,1437
745,_no0B,1201,1209
745,A.Child,1343,1314
745,pun250,1130,1160
745,vtantia,1654,1562
745,shubham_nph,1500,1437
745,tranbapcaiphutho,1666,1572
745,caesiumlz,1499,1436
745,Error_404_not_found,1175,1191
745,ashp20,1270,1259
745,AyaAbuDoleh,1011,1082
745,Espartacus,1074,1122
745,Haedarah_Ali,1326,1301
745,leduythuc,1416,1371
745,DeceptionAgain,1500,1436
745,Sage,1152,1172
745,frathoso,1224,1223
745,het,1347,1315
745,Restinpeace,1232,1229
745,Pacific25,1149,1170
745,aminealoui,1500,1436
745,donqt,1228,1226
745,Seyed_Seyed,1091,1131
745,kakon,1158,1177
745,Yash_Sk_Kothari,1308,1286
745,Sabyasachi,1056,1108
745,Goutham_VG,1194,1202
745,sk893,1359,1325
745,kanishk19,1063,1113
745,hsrf7,1332,1304
745,abhi0210,1272,1259
745,bishal_biswas,1124,1153
745,kenp,1104,1140
745,cse_nazmul,1188,1198
745,IkramulMurad,1376,1338
745,luannd,1290,1272
745,zhangyuxiang,1169,1184
745,henugyb,1355,1322
745,asif2k13,1094,1133
745,RubyStone,1351,1319
745,travelers,1030,1091
745,Anonymous_rush,1134,1160
745,hrushikesht,1327,1300
745,phuthuynhochienthan,1612,1526
745,RandumDode,1500,1436
745,121131qw,1493,1430
745,Fish_Li,1345,1314
745,_BAYABDI_,1265,1253
745,chernyavskiy.dmitriy,1391,1349
745,manas0008,1489,1427
745,k_anushka,1275,1261
745,lamtran,1500,1435
745,naoyk1212,1097,1134
745,LinPC,1732,1624
745,PKP,1506,1440
745,shapnil092,1347,1315
745,umang._.panchal,1273,1258
745,bbkregmi,1383,1342
745,Rijoanul_Shanto,1145,1166
745,Uber_Pwner,1208,1211
745,d12345b,1500,1435
745,vikraman,1341,1310
745,Crono,1367,1330
745,FrozenBlood,1406,1360
745,ransky,1464,1406
745,skcse03,1028,1089
745,mastermind_,1425,1375
745,nur_islam,1159,1176
745,RedMurloc,1488,1424
745,aakash2007,1480,1417
745,vakan,1710,1605
745,iuv,1352,1317
745,Ali-Eisa,1441,1386
745,gabrielm19,1325,1296
745,Unknovvn,1389,1345
745,ACkf,1436,1382
745,VNbeginner,1395,1350
745,vnak,1386,1343
745,Tristan_Tate,1098,1132
745,leolleo,1262,1248
745,Kelvinluk,1401,1355
745,Verlichte,1080,1120
745,IDzekh,1331,1300
745,RazgrizX,1375,1334
745,soviet_union,1177,1186
745,AhmedMorgan,1451,1394
745,qwerty12345,1134,1156
745,Jynx,1500,1433
745,Animesh_Tewari,1298,1275
745,levi_ackerman,1500,1433
745,ASIB,1158,1173
745,TopSafder,1137,1158
745,centuron,1314,1287
745,Wiz-Khalipha,1325,1296
745,sahilbansal17,1274,1257
745,Joker1212,1500,1433
745,rohank196196,1341,1308
745,pandaboo,1382,1340
745,amanpurwar,1315,1288
745,ayana,1019,1080
745,HIT_TOM,1507,1439
745,shashwat7,1683,1583
745,Jeremy1149,1336,1304
745,tks,1200,1203
745,MatheusMonteiro,1294,1270
745,artcyan,1200,1200
745,arpit_chessmind,1325,1294
745,habib6093,1172,1180
745,imalgoholic,1500,1432
745,brntcd_Keshav,1500,1432
745,SCKBsckb,1108,1136
745,sb1044756,1365,1325
745,medhabajpai,1302,1276
745,Mikaeel,1387,1342
745,sam96,1170,1179
745,aahmedsamy,942,1029
745,MuhammadSamy,1108,1136
745,Hellomik123,1169,1178
745,Asura_zoro,1257,1242
745,jnf,1412,1362
745,IzZaman,1196,1198
745,jkmsnenny,1500,1432
745,Moaz.e,1277,1257
745,maulik1375,1366,1326
745,RedLeonFire,1358,1319
745,_harun,1275,1256
745,Shiv151096,1215,1211
745,zktxdy,1324,1293
745,5415070101,1508,1438
745,-Architect,1241,1230
745,835124694,1327,1295
745,MazedRupok,1389,1344
745,rsazid99,1171,1180
745,mpfrolovstud,1347,1311
745,machau,1467,1405
745,Mit25,1320,1290
745,avinash139,1256,1241
745,heptathlon123,1169,1178
745,yat0pp,1462,1401
745,paskol,1262,1246
745,GGHF,1257,1240
745,catherian,1421,1367
745,Stevenjsx,1500,1431
745,s96,1006,1066
745,barebuch,1597,1510
745,lekow,1500,1431
745,GDUT-hzy,1500,1431
745,-Nihal-,1527,1453
745,Lakshman55,1223,1215
745,pomodorcat,1500,1431
745,minions,1232,1222
745,Meth_man,1298,1272
745,mentalcase,1340,1304
745,JhonTorres,1247,1233
745,kirotaka,1500,1431
745,Vibe,1303,1275
745,kripa_jha007,1104,1131
745,mammadhp,1217,1211
745,elistark,1303,1275
745,I_AM_SHY,1320,1288
745,vaibhav1224,1616,1525
745,the0dd1out,1269,1249
745,itsBhrigu,1461,1399
745,MostafizSuman,1165,1173
745,OMAR404,1390,1343
745,himanshu_0896,1500,1431
745,Bal5,1500,1431
745,jisan047,1356,1316
745,navanitachora,1450,1390
745,rap,1368,1325
745,JKLY,1546,1468
745,teo.cons98,1431,1375
745,Mr.Awesome,1315,1283
745,Venio,1546,1467
745,tufaan42,1332,1296
745,SakHaux,1215,1208
745,shreyansh.barodiya,1407,1355
745,mia_ortizma,1403,1352
745,5kopeek,1305,1275
745,vccolombo,1442,1383
745,AokiYami,1215,1208
745,anonymous_,1180,1182
745,sanchi_285,1320,1287
745,Wolf.,1279,1256
745,kop_yh,1208,1203
745,kakitgogogo,1500,1429
745,mds_333,1452,1391
745,maulik_trapasiya,1165,1172
745,sw1ft,1252,1235
745,guddu9211,1057,1097
745,dooms_day,1500,1429
745,Dynatron_12,1378,1332
745,RikeVoltz,1418,1364
745,UnusedFever,1445,1385
745,Zindow,1373,1328
745,Asugo,1262,1242
745,shishir.hstu,1247,1231
745,stsaikat,1334,1298
745,Dmitriev,1403,1352
745,arbitrary_A,1263,1242
745,rahulladda,1230,1217
745,karan.juneja1106,1480,1412
745,npugenji,1500,1429
745,jc285,1354,1312
745,Aronzx,1251,1233
745,vipul1996,1301,1271
745,Arpan_Bhowmik,1435,1376
745,batman14,1416,1361
745,shivamsmarty,1304,1273
745,sameer27,1229,1217
745,yukun133,1475,1408
745,Will.It.Tornado,1512,1438
745,Zhaoyz,1336,1298
745,Hqhq,1500,1429
745,Taksu,1300,1270
745,saikrishnaponnam,1500,1429
745,ChemliYoussef,1470,1404
745,mahfuz15,1125,1142
745,dhakadmk92,1378,1331
745,liyingyan,1359,1316
745,chopikus,1233,1219
745,vinamra6,1434,1374
745,manishbisht,1034,1078
745,Omnia.Saleh,1316,1281
745,ashubeckham,1207,1198
745,theodor10,1500,1427
745,piihanose,1496,1424
745,Diego-Ucharima,1389,1338
745,moreiralucas,1500,1427
745,Sheoran_Jitu,1344,1303
745,khaled_Esmail,1416,1359
745,H_for_Hatem,1222,1209
745,FRIENDLY,1424,1366
745,roopal_jazz,1327,1289
745,mohammad-ez,1104,1125
745,_revive_k_,1203,1195
745,TASM96,1407,1352
745,falric,1205,1197
745,King_jy,1333,1294
745,kisu_prena,1056,1093
745,rhombic,1378,1329
745,parth_1,1305,1272
745,d1d3,1541,1461
745,ranasl6262,1045,1085
745,l0ftyWhizZ,1257,1236
745,Graph-ix,934,1014
745,HUSC.RENT,1287,1259
745,sid_yosemite,1500,1427
745,tatamas,1500,1427
745,tanmiiti,1330,1292
745,arulat,1108,1128
745,IgorDr1999,864,972
745,rahi_lu,1160,1164
745,abx_2109,1327,1288
745,joodX,1122,1136
745,DanLys,1273,1247
745,vlcmodan,1427,1367
745,limo_756,1373,1324
745,bhabesh.chanduka,1500,1426
745,NewSense,1417,1359
745,Imtiaz_Riton,1067,1098
745,hanylch,1360,1314
745,ashwin_1995,811,939
745,Aalchemist,1239,1221
745,azaemon,1188,1183
745,nishant_2124,1197,1190
745,hadizadeh.ali,1327,1288
745,inzamam_toha,1346,1303
745,CSPWinterPrince,1239,1221
745,knows_nothing,1122,1136
745,maian99,1500,1426
745,rohan23chhabra,1317,1281
745,farzirahu,1362,1315
745,aj_kishor,1278,1250
745,loop_breaker,1082,1107
745,padma_nadir_majhi,1500,1426
745,Dragon_Heart,1191,1184
745,Vrush_03,1407,1351
745,dragonFighter,1500,1426
745,Baruh,1219,1205
745,justsomename,1500,1426
745,Sarthak_8,1334,1293
745,earwax,1437,1375
745,MostafaSa3eD,1021,1066
745,vaipal1234,1340,1298
745,rayhan50001,1060,1092
745,sayedalmahdi,1187,1181
745,vbansal027,1305,1270
745,kesrio,1111,1127
745,Lera043,1294,1262
745,heiisenbergg,1323,1283
745,harshvasoya008,1391,1337
745,AmmarElshamy,1389,1335
745,ghulam,1260,1235
745,roistimme,1378,1327
745,mi_nd,1368,1319
745,cero,1121,1133
745,wklarrt,1500,1425
745,zura1547,1415,1356
745,isotope,1225,1208
745,shikhar.bsar,1065,1095
745,jain447,1249,1227
745,Euphrasie,1170,1168
745,smml1996,1500,1425
745,shally,964,1028
745,saisandeepvaddi,1229,1210
745,hiddenShadow,1451,1384
745,mkhalel211,1167,1164
745,ni_al,1345,1299
745,nostalgic,1050,1083
745,AMNaggar,1207,1194
745,megalomaniac,1218,1202
745,InshaAllah,1107,1122
745,minhtung04042001,1470,1400
745,gottacodeemall,1454,1387
745,ruhatch,1424,1362
745,ilmaafrinmitu,1001,1050
745,san123moun1,1370,1319
745,HYDRA,1500,1424
745,kush2327,1243,1221
745,Ma5kedGuy,1323,1282
745,2003-pro,1224,1206
745,ysqdgg,1222,1205
745,blackcatt,1438,1374
745,radeonguy,1129,1137
745,MohabMohamed,1322,1281
745,StannisTheMannis,1074,1099
745,Billah_Kuet14,1267,1239
745,ElizabethLiu,1332,1288
745,air1,1328,1285
745,cleverestbou,1222,1203
745,romeon,1327,1284
745,gaurav,1258,1231
745,peaceless,1066,1092
745,Thacker,1243,1219
745,deep2696,1309,1270
745,bktl1love,1160,1158
745,Nesrin,1352,1304
745,princeladdak,1537,1454
745,ELMaestro,1084,1104
745,caadi0,1500,1423
745,raha2079,1500,1423
745,swunbelievable,1391,1335
745,mayankshorey94,1327,1284
745,easyhoon,1468,1397
745,HulkBuster9,1119,1128
745,ST.upid,1339,1294
745,android_21,1210,1194
745,834929914,1363,1313
745,Fuad_Tanjim,1066,1092
745,BhaiTuAHeeKar,1315,1275
745,RaselAhmed,1201,1186
745,Abdullah,1431,1366
745,IA-Fuad,1269,1238
745,kuldeepsharma1312,1500,1422
745,ImplodeExplode,1354,1304
745,gargargargar,1330,1285
745,kopche,1210,1193
745,malevolent_shilz,1378,1323
745,titanium27,1104,1116
745,mateusbessoni100,1192,1179
745,Vardanyan,1424,1360
745,shivam066gupta,1201,1186
745,UmmaySani,1127,1132
745,jyao49,1500,1422
745,amp1590,1249,1223
745,Ahmad,1499,1421
745,Mahfujur_Rahman,1314,1273
745,shbhmsingh72,1500,1422
745,0xKoko,1020,1059
745,blackmamba011,1131,1135
745,Dzls.NGBA_Hoch,1372,1318
745,Amore_coder,1033,1067
745,tuquanrong,1272,1240
745,Batyrbek,1077,1097
745,ImaniAm,1372,1318
745,eatless,1140,1140
745,tej_17,1500,1422
745,helgi17,1134,1136
745,Avinvini,1318,1275
745,abhishekcs10,1185,1173
745,ExperienceD,1268,1236
745,Masudur_Rahman_Tonmoy,1178,1168
745,rohan999,1299,1260
745,samyars80,1345,1296
745,F_to_the_D,1324,1279
745,BOUGA,1397,1338
745,rahv017,1192,1178
745,deepak1050pandey,1382,1326
745,Avilash__Dutta,1362,1310
745,vgangwar7,1500,1422
745,lionadis,1163,1157
745,hmahmudul852,907,985
745,Nithish_K,1385,1328
745,dungdxhp,1194,1180
745,hjf520,1333,1285
745,anik.nicks,1061,1083
745,HARRYoo7,1231,1206
745,Tareq.rar,1113,1119
745,imamrb,1108,1116
745,mahbub_hasan,992,1037
745,tuhin_bd47,1127,1129
745,Lukom,1183,1170
745,rapel,1503,1423
745,hamed053,1270,1236
745,SarthakGoel,1295,1256
745,LifeIsTrue,1420,1355
745,ComfortablyLazy,1046,1073
745,uenoku,1720,1604
745,sponde,1007,1047
745,OneClickAC,1378,1321
745,kallejre,1313,1270
745,_CHUI_,1500,1421
745,thisisgood,1294,1255
745,Triforce162,1172,1162
745,Bekmyrat.A,1616,1516
745,Einstein,1317,1272
745,1Piece,1321,1275
745,mohit299,1244,1215
745,ifti_khar,1282,1244
745,codex786,1500,1420
745,ToudoriScj,1324,1277
745,xplorer,1467,1393
745,Hamza_Abusnaineh,1135,1134
745,sujeetkr,1398,1337
745,Fulger,863,954
745,Kinko,1500,1420
745,AkmElias,1152,1146
745,vishva1994,1069,1087
745,akash975,1356,1303
745,protiknag08,1263,1230
745,saumyadip,932,997
745,kg16,1029,1060
745,lokeshgovindu,1366,1311
745,Arlen2000,1433,1364
745,dubwub,1500,1419
745,howcum,1236,1208
745,3agwa,1402,1339
745,rAAGZ,1416,1350
745,Purplish,1106,1112
745,Ernar17,1465,1390
745,prachin_roy,1247,1216
745,AKGP,912,983
745,hpu_yilin,1398,1336
745,yprajapati0311,1500,1419
745,Ruslan02,1390,1329
745,Eldary89,1315,1269
745,Riyan,1240,1211
745,rogue_33,1394,1332
745,quantic,1162,1152
745,ahmedayman96,1412,1347
745,luosuocumt_16,1606,1507
745,3l2,1306,1261
745,Rajan_sust,1250,1217
745,muhitsarwar,1374,1315
745,athenachanyy,1142,1136
745,Kepperoni,1462,1387
745,abhassaroha,1484,1405
745,marinac321,1073,1087
745,rajat3jain,1297,1254
745,alenam0161,1471,1394
745,makorro,1279,1240
745,slowrunner,1001,1038
745,prince_of_crows,1313,1267
745,sharma.chhavi96,1500,1418
745,Mohammad-Hejry,1276,1238
745,liuyuqiang,1186,1169
745,changela,1383,1323
745,TheLisztomaniac,1500,1418
745,ashu_1995,1500,1418
745,easyAation,1404,1340
745,DGuedes,1319,1271
745,red_dust,1363,1306
745,karl-marx,1284,1243
745,Too_stupid,1318,1270
745,mm137505,1452,1378
745,bintu3003,1078,1089
745,55wuwu,1274,1235
745,cat._.,1326,1276
745,evgenijkatunov,1500,1418
745,lsiddiqsunny,1256,1221
745,DalCrater,1339,1286
745,sumanerjoys,1401,1336
745,D4Rew,1337,1285
745,bonfire,1444,1372
745,undercovergod,1284,1243
745,fearless_hasan,1270,1232
745,shivendra2304,1254,1220
745,sanketmakani,1504,1421
745,UnfilledDreams,1378,1317
745,tezzsurya,1500,1417
745,pavanyellow123,1500,1417
745,theMonkeyKing,961,1009
745,Black,1268,1229
745,flygrounder,1415,1347
745,Underwood_,1296,1251
745,chinmayag,1500,1417
745,0418jasmine,1435,1363
745,snapst,1374,1314
745,daatto,1281,1239
745,Omarjh,1631,1526
745,iitpsr,1594,1495
745,NAbdulla,1292,1248
745,surya_230697,1348,1293
745,daniil.vaino,1318,1269
745,KrAsAu4iK,1260,1223
745,fffeelipe,1309,1261
745,100friends,1467,1390
745,banoresaurabh,1500,1417
745,ShAc,1333,1279
745,psc0628,1383,1320
745,179000,1500,1416
745,Hasan28,1208,1182
745,testerAbstract,1424,1353
745,Alimzoo,1036,1057
745,enzolizama98,1372,1311
745,Chowder_Shnitzel,1500,1416
745,KesaShon,1439,1366
745,org562,1466,1388
745,Ikali,1500,1416
745,dhruvil_1bhuptani,1346,1290
745,aashirs,1278,1236
745,kanishk1225,1408,1340
745,aiden_pearce,1289,1244
745,for_zepto,1394,1329
745,python07,1500,1416
745,tni_md,1099,1101
745,GT_18,1318,1267
745,ayaNader,1308,1259
745,vipr,1097,1099
745,Albertenok,1236,1203
745,Joty,985,1022
745,matrixguy_415,1187,1165
745,vladan,1500,1416
745,taerbao,1500,1416
745,sahudhanraj1234,1160,1144
745,anshkhanna7,1698,1582
745,codingeverest,1500,1416
745,Ashraful_Haq,1136,1127
745,sailormonkey1,1500,1416
745,st-Firdavs,1392,1326
745,S.N,1299,1252
745,djo.zouari,1500,1416
745,FrozenBeast028,1128,1121
745,Ashap_Bappy,1046,1061
745,mvgrass,1476,1395
745,mahim007,1410,1340
745,AintNoFun,1427,1354
745,dedicated11,1332,1277
745,M_Allahyari,1206,1178
745,An0x,1390,1324
745,jayasurya006,1199,1172
745,CliffordSimak,1500,1415
745,YeSatellite,1272,1229
745,yogesh01,1298,1250
745,ddjing,1446,1370
745,ragingbull,1322,1269
745,mohamedfathy7604,1378,1314
745,Lexa_love,1192,1167
745,JoeSherif,1211,1182
745,drunkskunk97,918,975
745,Abhijets1411,1500,1415
745,Mason_007,1402,1334
745,elvinaa,1500,1415
745,Tareq_096,1134,1123
745,Shimchuk_Dima,772,887
745,Reigns123,962,1004
745,Miwa,1242,1205
745,Luminous_271,1333,1277
745,draak_krijger,1769,1640
745,fanzhang,1257,1216
745,segf,1500,1414
745,Prince_Lelouch,940,988
745,grksriram321,1409,1339
745,Reasat,987,1019
745,Osama_Alkhodairy,1227,1193
745,B1uzzy,1500,1414
745,wintercode,1436,1361
745,Isla_p,1167,1147
745,Mr_Emrul,1276,1231
745,sandrocaster,1500,1414
745,stilllHungry,967,1006
745,razorshi123,1262,1220
745,Dilzhan,1577,1478
745,Solve_Every_Where,1104,1099
745,Lakh,1337,1279
745,gau_2112_kumar,1500,1414
745,sjtsingh,1264,1221
745,S_V,1226,1191
745,VK9,1500,1414
745,Mohidul,1096,1094
745,Utsav27,1500,1414
745,mohit_m,1397,1328
745,Kosherniy,1500,1414
745,atmfaisal,1369,1305
745,Not_Out,1522,1432
745,Code_zero,1469,1387
745,welersonMelo,1401,1331
745,m4j0rtwi5t,1340,1281
745,LOL2016,1235,1197
745,SINUS,1201,1171
745,luffy05,1108,1101
745,NAkib_RUET,1163,1142
745,nuc_nls,1466,1385
745,anshulkataria4,1196,1167
745,ashishranjan2828,1470,1388
745,flakka,1409,1337
745,NarkhanQamzabek,1333,1275
745,umsh1ume,1202,1172
745,kemega,1402,1332
745,Pishka_,955,993
745,veritas,1500,1412
745,nitesh_gupta,1327,1269
745,ssaxena36,1325,1268
745,Avalan4e,1413,1340
745,yasha,1208,1175
745,Mahamed.Salah,1339,1279
745,TLElovesme,1466,1384
745,1200rohit,1100,1094
745,Logic_Hunter,1273,1226
745,ahmadbassiouny,1500,1412
745,nicenicenice,1364,1299
745,Ahmad_Abudray3,1118,1107
745,itskp,1381,1313
745,WinterIs_Coming,1500,1412
745,i_am_eating_wa_and_tle,1311,1256
745,Ahmedradwan,1434,1357
745,mokid_hobby_IU,1254,1211
745,Bahonti,1279,1231
745,Mr.obeidat,1216,1181
745,wbars,1158,1136
745,74zadua,1500,1412
745,rayhan-ahmed,1500,1412
745,xiaowuga,1500,1412
745,manuelvsousa,1346,1284
745,shoheb,970,1002
745,inception_h,1328,1270
745,stark_holmes,1385,1316
745,markelof,1155,1134
745,romanfixture1404,1349,1287
745,Verlandz,1328,1269
745,durbin,1194,1163
745,Mostafa.Hassan,1346,1284
745,Ramprosad,1287,1236
745,aldaiarov,1324,1266
745,Cutebuglikecode,1293,1241
745,tolba,1310,1254
745,Ctrl_Alt_Del,1500,1411
745,annavyatkina,1500,1411
745,dddk-0310,1346,1284
745,algomatrix,1500,1411
745,ya_yan,1078,1076
745,DieHardFanOfBarca,1347,1284
745,DataStructer,1390,1319
745,Shalaby,1060,1062
745,foxy23,1500,1411
745,5ak18,1081,1077
745,krishna29,1150,1129
745,Youknowwho16,1500,1411
745,AHMADMEAAA,1343,1281
745,xplosiveloons,1028,1040
745,aishwes1996,1500,1411
745,Asad441,1176,1148
745,Ali_BM,1162,1137
745,keshav97,1287,1235
745,mr_mohamed_ahmed,1326,1266
745,astinaam,1212,1176
745,dchameleon,1064,1065
745,96koushikroy,1399,1326
745,burhan103335,1451,1370
745,cs.antorkhan,1500,1410
745,_ethereal_,1086,1080
745,kjais,1500,1410
745,darrk_Shark,1473,1388
745,tashfiq12,1068,1067
745,utkarsh.yadav5,1375,1306
745,hassansobhy,1169,1142
745,Belloid,1500,1410
745,Kagami_Taiga,992,1013
745,nish1234,1500,1410
745,APIV,1459,1376
745,Kushni,1319,1260
745,labib,1147,1124
745,MahdiGheidi,1285,1232
745,ujjwal_k23,1114,1099
745,arfancse,1301,1245
745,jinninbin,1403,1329
745,tanveer00L,1276,1225
745,Baker_vai,778,877
745,rsakib,1321,1261
745,AshikeNewStart,1383,1312
745,NewPacket,1500,1409
745,imran83,1099,1087
745,aragon1,936,974
745,Raghad_ALdahamsheh,1078,1072
745,Oporajita,1011,1024
745,Shofiq,1130,1110
745,m0ghya,1352,1286
745,rdas6313,1305,1248
745,MRITuhin,1357,1290
745,shan2new,1300,1244
745,prak_blah,1287,1233
745,Chitholian,1329,1267
745,StarkTheGnr,1378,1307
745,pi_plus,1337,1273
745,nazmussaif,1257,1209
745,Galileo103,895,946
745,Maxim.Greek,1500,1409
745,saeedzx,1500,1409
745,nir123,1330,1267
745,JUSTmonika,1351,1284
745,tkhan,1337,1273
745,Georginsky,1037,1041
745,wy_2016,1413,1336
745,Bakler,1431,1351
745,rolypolyvg,1394,1320
745,HassanFahmy,1282,1228
745,keshav_23,1295,1239
745,sandeep007,1439,1357
745,mohon55555,1238,1192
745,dc1997,1403,1327
745,2017_RED,1234,1189
745,rousemarry,1387,1314
745,of_coffee,1462,1376
745,nada.adel303,1115,1097
745,MarioBassem,1333,1269
745,mehadi_kuet,993,1009
745,rafael,1142,1117
745,archop,1391,1317
745,mr.baraa,1122,1102
745,TooNewbie,1203,1164
745,kryptofreak,1323,1260
745,zhbdripon,995,1010
745,ErikDNPrince,1346,1279
745,digital_alchemist,1376,1304
745,bugIsEverywhere,1074,1066
745,bhavish,1432,1351
745,LmnGz,1384,1310
745,Alina20032003,1355,1286
745,Amir_ice_1516_iu,1223,1180
745,aboodxxx8,884,936
745,diegoasencio96,1396,1320
745,bequna,1336,1271
745,r4huln,1247,1198
745,xw2k,1500,1407
745,tipu-_-,1339,1273
745,tejaram15,929,964
745,psycho_valker,1212,1170
745,code_baker,1288,1231
745,abcdef123456,1205,1165
745,saumyag.gupta,1365,1294
745,adnan_sust331,1277,1222
745,thongchuthanh2000,1500,1407
745,Bombo,1341,1274
745,Reckful,1322,1259
745,darcey,1244,1195
745,saif_husain,1151,1122
745,hms.sardhara,1042,1040
745,Froz,1521,1425
745,Muhaammed_Emamm,1169,1136
745,_HangOver_,1172,1138
745,greenMonkey,1051,1047
745,repeating,1851,1705
745,2012200000015,1181,1145
745,prman,1500,1407
745,bebo222,1500,1407
745,ghorardim,1298,1238
745,pranav0123,1500,1407
745,Deep13,673,806
745,Mustak_Talukder,1029,1031
745,Gurshid,1122,1099
745,Saher,1286,1228
745,Jasse,1121,1099
745,blackhorse21,1391,1314
745,cuongcn3ptit,1338,1270
745,udbhavgovil,1377,1302
745,Jayu,926,958
745,himan_kash_27,1309,1246
745,islamdidarmd,1045,1041
745,ayanaMussabayeva,1338,1270
745,7Mahfuz,1202,1160
745,manishtolani12,1500,1406
745,Tuli_64,1244,1193
745,navie_boy,1268,1213
745,asadullah012,816,888
745,sidratul_tutul,1239,1189
745,honarmand,1500,1406
745,DragonFist,1418,1336
745,loc,1425,1342
745,Enigmaster,995,1004
745,MAKCOH,1271,1215
745,3-4-1-20-13-8,1142,1113
745,blackjack123,1206,1163
745,dimasclown,1249,1197
745,tonu0509,1078,1064
745,Coo.King,1179,1141
745,ayesha49,1339,1270
745,obarros,1500,1405
745,ujeshmaurya,1198,1155
745,mr.fujiru,1359,1286
745,Leemur,1104,1083
745,diioctopus,1219,1172
745,vincentalfred,1342,1272
745,YaraFarid,1014,1016
745,__Tasnim__,1422,1339
745,dogreatthing,1375,1300
745,nguyenthaihocxm1999,1263,1207
745,Enigma27,1266,1210
745,rathee,1206,1162
745,A.Yazdani,1269,1212
745,arc_,1180,1141
745,WA.cpp,1050,1042
745,Sangar,1437,1351
745,mkumarrohit,1333,1264
745,adityachd123,1155,1121
745,aman_9899,1068,1055
745,sidn27,1342,1272
745,mish13,1310,1245
745,pmsh_93,801,875
745,dolphin1999,1418,1335
745,ahmetdaar,1500,1405
745,kira420,1149,1116
745,We11Done,1385,1307
745,Yulian,1500,1405
745,aka.Foda,1418,1335
745,bu_hridoy,1089,1069
745,psr960701,1497,1402
745,shubho.cse,1059,1047
745,danielbgm,1402,1321
745,Korzhik,1500,1404
745,dplus1016,1269,1210
745,xc01,1444,1356
745,harryp,949,968
745,coder0902,1109,1084
745,Nirob_SUST,1380,1302
745,minhthienap,1334,1264
745,chrisxu3,1500,1404
745,Zahra_Mohseni,1245,1191
745,Mahmoud_Fekry,1500,1404
745,lavina_jain,1392,1313
745,yasinuddowla3,1500,1404
745,ranjanakash166,1217,1168
745,johir_sec,1054,1042
745,pappu.,1119,1091
745,utk21sept,1225,1174
745,rootn,1500,1404
745,kowsher66,1145,1111
745,ryuzakil,1310,1243
745,Edg3,1229,1177
745,Edmonds-Karp,1535,1433
745,1614140854,1305,1239
745,reyhanehtt,1465,1374
745,yeswewillcode,1655,1536
745,prince,1268,1209
745,Sho_Yamato,1430,1344
745,roniepaolo,1500,1403
745,jubayercseruet,1257,1199
745,Tahmid46,1500,1403
745,Yoyo2014,836,891
745,-o-,1500,1403
745,subramanyam,1461,1370
745,dipu11,1022,1017
745,GODOF_Shinobi,1339,1267
745,zoro_123,1351,1277
745,nancy996,1403,1321
745,vinky,1224,1172
745,palin,1023,1017
745,dangminhhoangdz,1405,1322
745,iloveverso,1281,1218
745,0_O_O_O_O_0,1308,1241
745,Amigo_Browser,1139,1104
745,sadia.csedu,1083,1062
745,abdulsalam,995,997
745,andrelime,1023,1017
745,j3rw1N,1274,1212
745,prabhavgupta,1350,1275
745,tahsin_siad27,1095,1070
745,rl05kr05,1500,1402
745,pankaj_96,1429,1342
745,VicMac,1500,1402
745,pappu112,957,969
745,Desmos,1220,1168
745,Dungeon_Master910,1349,1274
745,ReaL_73,1025,1017
745,apjfan,1230,1176
745,troy,989,991
745,allenite,1343,1269
745,g_agrawal,1500,1402
745,Belal_CSEIU,1114,1084
745,roy,1087,1063
745,naughtyBit,1500,1402
745,bhasin,1271,1209
745,z_karaulashvili,1204,1154
745,xvamp,1380,1300
745,LordValerio,1500,1402
745,faishol27,1459,1367
745,harishm17,1534,1431
745,memcpy,1225,1171
745,sukhad.anand,1284,1219
745,Miltonbhowmick,978,982
745,pved2371,1500,1402
745,Suleyman.A,1448,1357
745,_iconer_,1211,1159
745,somesh166,1094,1066
745,sayemPasha,983,984
745,shailyYroy,1042,1027
745,bnav990,1412,1326
745,kamran07,1051,1034
745,dancing_everywhere,1407,1322
745,bagdat.zhursynbek,1386,1304
745,anindita_94,1044,1028
745,ankurssharma96,1388,1306
745,9911722995,1500,1401
745,Tonmoy_Sarjid,1283,1218
745,PLAYS,1402,1317
745,papa-ka-para,1319,1247
745,yemi,1500,1401
745,ayman996,1351,1274
745,rht20,1016,1007
745,sasoko,1419,1332
745,Shyamol,911,933
745,doncnu,1325,1252
745,ransac,1309,1238
745,blackflag777,1402,1317
745,mir_sabbir,1334,1259
745,tanmesh,1265,1202
745,abhishek_golu,1219,1164
745,ChinmoySaha,1531,1427
745,Dziewan,1378,1296
745,abir_075,1274,1209
745,sajadur_duet,1204,1152
745,Mordred,1123,1087
745,MFoad_Aba,1120,1085
745,chunzhen,1451,1358
745,Ehsanul_Fahad,1321,1248
745,ZeekHuge,1500,1400
745,maxiners,1208,1155
745,omaragha,967,970
745,nafees_sadique,1378,1296
745,seddik11,1247,1186
745,MrMiroslaw,1478,1381
745,mishatron,1212,1157
745,jayed.al.hasan,1013,1002
745,damian95.gs,1195,1143
745,Animesh123,1126,1088
745,bojika_420,1279,1212
745,t.kas9mbek,1297,1227
745,mohammadjamil994,1481,1384
745,root1311,901,922
745,abhi13095004,1320,1246
745,shaikat0088,1123,1085
745,S_azad,1050,1029
745,ravikumarn24,1439,1347
745,wangxinhao,1500,1400
745,Amnestia,911,929
745,kashyap21,1214,1158
745,aiproshar,1172,1124
745,sumon23,1026,1010
745,silentrazgriz,1418,1329
745,hello1bye2,1131,1091
745,duyledat197,1351,1272
745,logicoder,1205,1150
745,timoti007,1500,1399
745,kasra1,1363,1282
745,OptimusPrime,1500,1399
745,faelyx,1128,1088
745,pocket,1182,1131
745,Saidbek_Sarimsakov,1388,1303
745,anuj_shah,1171,1122
745,toharshrocks1,1500,1399
745,sachinstar2010,1443,1350
745,sakim,1055,1031
745,Pleakley,1500,1399
745,AdrianAdyAdy,1500,1399
745,-Yaroslav-,1378,1294
745,Dipu_brur,1244,1181
745,ZYehia,1376,1292
745,Prithwiraj12,1388,1303
745,UNDEFINED_MEHEDI,1037,1017
745,chittagong,1137,1094
745,_V_,1230,1169
745,csn,1460,1364
745,deepita,759,827
745,Chikhaoui,1179,1128
745,seitcs,1246,1183
745,magma1983,867,895
745,Khaled_ALboul,970,966
745,shuvo969,1411,1322
745,tera_coder,1401,1313
745,Rmatrix,1383,1298
745,Dds2412,1500,1398
745,rohijulislam,1183,1130
745,Dipto_kuet_2k14,968,964
745,_goku_,1500,1398
745,deepak_choudhary,1392,1305
745,g_gut,1344,1264
745,Rajat_Tyagi,1247,1182
745,Remie00,1037,1015
745,catchashu10,1315,1239
745,Mahdy_nasr,1165,1115
745,O.Dem,1334,1255
745,sandeep.nimmakuri,1311,1236
745,KT11,1238,1175
745,rock19,1500,1398
745,shakilakp,1500,1398
745,kattyrats,1229,1167
745,POISION,1348,1267
745,Mr.Cave,1350,1269
745,gorneanu.andrei,1438,1344
745,linnzsc,1272,1202
745,theapplemangotree,1500,1398
745,bonna46,1088,1053
745,Who_are_you,1292,1219
745,md_muntaz,1248,1182
745,samjain1994,1393,1305
745,HansBala,1500,1397
745,AnikaTahsin,1126,1083
745,Shuvo,1284,1212
745,kiol,1432,1338
745,sazzad8867,1219,1158
745,undefinedderivativE,1147,1099
745,smooth_hunter,1051,1024
745,chewwwon,1346,1265
745,jeremyc,1064,1034
745,AhmedSamir.1907,1120,1077
745,HikariYoru,1403,1313
745,calabash_boy,1500,1397
745,laziestcoder,1028,1006
745,singhal.iitr,1500,1397
745,It_was_a_nice_journey,1012,993
745,aydarboss,1831,1682
745,shiro,1448,1352
745,PratikMandlecha,1412,1320
745,Subhashis_CSE,1166,1113
745,Apoorva537,1500,1396
745,enaim,1313,1235
745,YERGALI,1142,1093
745,Magdy.A,1102,1062
745,nurakib.nstu,1248,1181
745,Khanhhuy_19,1500,1396
745,kouroshez,1500,1396
745,akshaya.kp97,1140,1092
745,killcode,1334,1253
745,shymcoder,1395,1306
745,seheracer,1500,1396
745,rupasreedey5,886,900
745,Nazawrius,1183,1126
745,Andru47,1403,1312
745,Mustafa.,1595,1479
745,bpr10ry,892,904
745,tabasss_entezami,1378,1290
745,duongoku,1178,1122
745,Fardin_1_,1091,1052
745,OldBoy,1213,1150
745,YakinRubaiat,1204,1143
745,Aditya76,1299,1223
745,xiaozhezi,1427,1332
745,Sihc,1248,1179
745,asderfers,1359,1274
745,samuraj25,1374,1287
745,chollak,999,980
745,tchi,1575,1461
745,cinnamonlnb1,1287,1212
745,MohamedNabeel,1291,1215
745,sheoran,1189,1130
745,Rain,1221,1156
745,alexkuzmenko,1500,1395
745,_DN_,1180,1122
745,Shamim_A,1031,1004
745,andrea.morels14,1500,1395
745,madim,1500,1395
745,lucifer007,1500,1395
745,Hanieh.sh,1378,1290
745,B.B.E.P.X,1372,1284
745,ehasanaj,1474,1373
745,Dalgerok,1345,1261
745,_greg,1047,1015
745,tas_kin,1191,1131
745,sohan083,1103,1059
745,filipin,1091,1049
745,FungusFunk,1500,1395
745,soldan,1405,1312
745,OMAR7,1398,1306
745,rakib_ruet_13,1518,1411
745,i_love_AC,1680,1551
745,DivideAndConquer,1148,1094
745,me.megha96,959,947
745,Thishandleiscurrent,1288,1211
745,Arif77,844,866
745,akansh008,1258,1186
745,MRJ_10,1160,1104
745,karan14,1262,1189
745,yasou,1378,1289
745,ArifHaider,1121,1072
745,KING-SEN,1162,1105
745,tung123123,1500,1394
745,convivial_emon,1500,1394
745,iampossiblee,1038,1006
745,mohitgarg2219,1500,1394
745,saigdy,1500,1394
745,akib9ctg,1306,1226
745,jrrain,1421,1325
745,_AUR_,1267,1193
745,ShubhamAvasthi,1225,1157
745,Just_4_Fun,1026,996
745,786,1128,1077
745,awadhesh14,1500,1394
745,pritish1996,1174,1114
745,LaoShi,1346,1260
745,triny,1382,1291
745,heeeerd,1500,1394
745,Ali_jaber,1007,981
745,datblind,1500,1394
745,AfraidCoder,1378,1288
745,mariohany96,1376,1286
745,chb19,1418,1322
745,GButbaia,1500,1394
745,bagadrl,1353,1266
745,cheb_Sa3id,1500,1394
745,Owwee,1296,1216
745,Karapantas,1277,1200
745,1bidhan,964,947
745,Scayre,1184,1121
745,shreya12830,1399,1305
745,WarmachineXI,1364,1275
745,HARI1A,1275,1198
745,almahfuz,1173,1112
745,adriankun,1264,1189
745,imad_062,1378,1287
745,nikita204,1324,1240
745,tukki,1026,993
745,Sanchozz,1500,1393
745,zyad,1317,1234
745,chon1152015,1261,1186
745,TranHuuTri,925,916
745,avadh14026,1209,1141
745,shikimaru,1211,1143
745,ayushman_singh,1500,1393
745,amrita.j.das,1161,1100
745,cotnemamaca,1500,1392
745,tenacious,1209,1141
745,MohitBaid,1224,1153
745,shinite,1430,1331
745,Mohamed2811,1500,1392
745,insung151,1421,1323
745,Beblaawy7,1023,989
745,_nova_,1061,1019
745,Abdo_Naser,853,863
745,voroniy,1578,1461
745,Noangokeq,1119,1021
745,shubhamsetia,1324,1214
745,vishusachdeva,1496,1372
745,N_i_k_i_t_a,1199,1097
745,srijonsbzsifat,1002,910
745,Newbie,1342,1231
745,rbm897,1166,1066
745,Maviar,1410,1294
745,mohamd1araby,1500,1376
745,Ka8eeM,1007,915
745,kaspet94,1500,1376
745,venky__,1500,1376
745,NapsterCP3,1500,1376
745,MarufAhmed,1244,1139
745,dxtpc,1429,1311
745,dbshah,1273,1166
745,m.r.a.p,942,852
745,Divyansh_19,1220,1117
745,Unview,1500,1376
745,behnoodrahbari,1500,1376
745,prefix_108,980,889
745,suTakiahaque,1058,963
745,eclipse_271,1405,1289
745,Miss_M,1291,1183
745,Redsmith,1275,1168
745,jamie18,999,907
745,vovanstrr,1500,1376
745,tienthang222,1366,1253
745,deathnotebook,1128,1030
745,chiran_singh,1145,1046
745,tuudug,992,900
745,animeshsahu80,1415,1298
745,tiramisueanne,1303,1194
745,Nusherjk,1377,1263
745,thesis_007,1203,1101
745,superiqbal7,1050,956
745,Nawshad,1500,1376
745,liya,1298,1190
745,amusement,1333,1222
745,201611104017,1500,1376
745,Castle_Master,1017,924
745,Geekchic,1409,1293
745,kyn,1500,1376
745,Demid5,1378,1264
745,racheriunicolae,1421,1304
745,csesabbir,823,738
745,REEED,644,567
745,Falguni_065,1378,1264
745,aayush98,1353,1241
745,Fake_Candidate_Master,1102,1005
745,21August,1001,909
745,hundredrab,1263,1157
745,satyam268,1500,1376
745,alamin899,1261,1155
745,fatema_gamal,1500,1376
745,niraj291997,1212,1109
745,toghrul,1500,1376
745,hafiz_samrat,1310,1201
745,sadyi98,1450,1330
745,maheshwarishubh98,1426,1308
745,Black_Fregat,1712,1566
745,zeyadetman,1099,1002
745,Dangeres,1415,1298
745,Matei.Chirita,1323,1213
745,mahjabinmeem,1383,1269
745,nayem_097,1200,1098
745,balauca.ionut,1500,1376
745,Hillet,1500,1376
745,rayxu1s,1500,1376
745,Rakib77,1063,968
745,al_maruf,932,843
745,DeadCoder,886,799
745,LongNite,1110,1013
745,Tanvir_Anzum,1028,935
745,DCODR,917,829
745,Sopto,1283,1176
745,shahla_shaan,1011,918
745,Newaj_69,1139,1040
745,sulay99,1500,1376
745,brokep4,1378,1264
745,bagdat.zhursynbek.ru,1175,1074
745,TareqMahmudHridoy,1269,1163
745,A.Khames,1375,1261
745,chromomons,1246,1141
745,Sherlock06,1189,1087
745,Gabbar,1346,1234
745,Nickname124,1500,1376
745,pandey11_,1260,1154
745,egorKUTS,1168,1068
745,NiverdPereira,1020,927
745,horizon121,1100,1003
745,janek2,1378,1264
745,v_for_vendatta,1450,1330
745,srjtsngh,1408,1292
745,RajanLagah,1500,1376
745,Mahir_sust,1186,1085
745,Dominar,1411,1294
745,ImangaliShymkentKTL,1097,1000
745,Mujakkir00,1026,933
745,111000,997,905
745,samyak3098,1393,1278
745,Maneesh,1500,1376
745,lmhoang,1886,1717
745,LiXiang12138,1492,1369
745,ACorWA,1500,1376
745,back_slash,1607,1473
745,F.I.L.E.-W.,1378,1264
745,suvro47,1057,962
745,move_on,1500,1376
745,Lazy_noob,1409,1293
745,vasu_arora,1335,1224
745,M-F-B-A,1500,1376
745,Husniddin351,1284,1177
745,Ahsan_Vai,1206,1103
745,algoholic_98,1500,1376
745,_Md_AL_AMIN_,1095,998
745,saprince93,1016,923
745,adhish_kapoor,946,856
745,clair,1500,1376
745,_.Sedna._,1500,1376
745,shandy0,976,885
745,mutinner,1507,1382
745,return_SS,1093,997
745,Fantastic_Code2018,1421,1304
745,anno,1290,1182
745,erik35,1157,1057
745,Alireza-MZV,1500,1376
745,neighthorn,1500,1376
745,looser97,1308,1199
745,FirstDream,917,829
745,rishiksingh,1378,1264
745,bivashpandey75,1500,1376
745,smartnj,1376,1262
745,rimidalv,1500,1376
745,rks_mak,1305,1196
745,Zayyeef,1500,1376
745,quietus,1310,1201
745,Datka,1324,1214
745,asiuzzaman006,796,712
745,learningworm,1500,1376
745,maverick,1012,919
745,Yes_I_Can_,1286,1178
745,mehran.em,1500,1376
745,2000.d.r,1500,1376
745,Dsingh_24,1448,1328
745,nilcoder,1276,1169
745,status_coding,1402,1286
745,yellowtides,1237,1133
745,aalim.kuet_14,965,874
745,Mahsa.Sdt,1270,1163
745,king_of_own_kingdom,1329,1219
745,Labiba_045,1208,1105
745,Ayman_Tanvir_101,1053,958
745,UddinRobel,1378,1264
745,Lisi,1445,1326
745,linhtcl,1168,1068
745,simpson,1370,1257
745,bigshow212,1357,1245
745,Akib6074,1500,1376
745,20164686qzw,1412,1295
745,blackswordsman,1500,1376
745,Mohamed_Harmoush,1142,1043
745,vishal616,1500,1376
745,histeria25,1207,1104
745,mav1912,1164,1064
745,Elgazzar.,932,843
745,neoteric,1219,1116
745,Azomi,1394,1279
745,_Aragorn_,1120,1022
745,Hrach,1274,1167
745,Arraf_Inteha_Alvy,1004,912
745,t.g.g.t,1753,1602
745,cokamu,1207,1104
745,Ntruong,1314,1205
745,alagneB_diK,1265,1159
745,Delowar_N,1372,1258
745,masumbillah,1298,1190
745,jalousie,1137,1038
745,Anikcsejnu,1043,949
745,Ferrari777,971,880
745,FZH,1113,1015
745,magicyang,1568,1438
745,13_Maruf,1500,1376
745,Mr_Robot_,937,848
745,toufiqul97,1058,963
745,MagnificantDigit,1340,1229
745,Webwei,1426,1308
745,obhinov,1431,1313
745,SalahuddinAhammad,848,762
745,Ramzan,1123,1025
745,ATharCoder,1268,1162
745,blowin_in_the_wind,1500,1376
745,drifter_kabir,798,714
745,nanspro,1424,1306
745,Ahmadk_,1190,1088
745,Him98,1352,1240
745,LiangaShen,1500,1376
745,Tajrian,1015,922
745,nayem_siddique_asif,1261,1155
745,tryingg,1263,1157
745,s_a_k,1321,1211
745,Mohamed.Kh.Yousef15,1371,1258
745,habdu,1454,1334
745,Nayan_Biswas,972,881
745,alamin007,641,564
745,swats,1302,1193
745,igorrr,933,844
745,monroe,1119,1021
745,Nourin456,1214,1111
745,Tarik_mouallem,1456,1336
745,Nazmul,822,737
745,crazyCoder01,1500,1376
745,C_Logger,1500,1376
745,Amit_Pandey,1451,1331
745,ZED_,1492,1369
745,HArDc0d3R,1500,1376
745,pajiani,1267,1161
745,tom1810,1327,1217
745,Kakatua,1457,1337
745,_Connor_,1316,1206
745,almas.shaikh,1036,942
745,marine.gasparyan,1416,1299
745,shafiul.sumon,996,904
745,fly_,1457,1337
745,MuhammedMokbelQ_Q,1408,1292
745,AndrewCobraTate,1207,1104
745,Mahbubur_Rahman,1157,1057
745,eslam1077,1031,938
745,rajput.kshitij,1301,1192
745,moody124,1074,978
745,EasyKatka,910,822
745,RaghavArora,1500,1376
745,shortcut,1042,948
745,Dopamine1,1198,1096
745,Sabik,1100,1003
745,Grizzly01,1500,1376
745,shahin333,1012,919
745,Distructed_Cat,1298,1190
745,orik,1500,1376
745,stassold,1500,1376
745,sabbir_cse14,1146,1047
745,Vito96,1264,1158
745,mlotfy,1073,978
745,Gratata,1500,1376
745,easyproblem,1274,1167
745,AntiDHero,1314,1205
745,7sN.,1061,966
745,utsavgoel11,1390,1275
745,Rifat79,979,888
745,El-Bo7tory,1257,1151
745,kushagra1067,973,882
745,BelowLuminous,1674,1532
745,prime_optimus,1141,1042
745,nobita1234,1500,1376
745,sadeeb101,1065,970
745,maryam.megahed,1030,937
745,mjnovice,1369,1256
745,Dhairya_Shah,1500,1376
745,SomeWeirdo,1575,1444
745,un_known,1292,1184
745,DUETcse_MOHAN,1500,1376
745,DABAI520,1417,1300
745,basel-99,1119,1021
745,imbigloser,1405,1289
745,u22ss,1433,1315
745,Humayan_Kabir,1185,1084
745,hxtscjkhxt,1500,1376
745,Asxom,1264,1158
745,Jammer1,1077,981
745,tanvir243,1413,1296
745,ayush7991,1387,1272
745,arg2,1416,1299
745,Nick_Pro,1281,1174
745,profi,1291,1183
745,Rizon_Sunny,1162,1062
745,jeel,1500,1376
745,EvoPovver,1195,1093
745,SmaGold,1419,1302
745,tasneemria,1500,1376
745,Dreamy_Idler,1045,951
745,anik_1507103,1037,943
745,MypakA,1376,1262
745,Helaluddin_brur,874,787
745,shaunhossain,1500,1376
745,Jakhongir55,1500,1376
745,harry_potter_28,1141,1042
745,qaz123,1500,1376
745,mansip,1500,1376
745,ProHackers,826,741
745,0123456hahaha0123456,1513,1388
745,knight_rider,1012,919
745,_sync,1351,1239
745,surathsamanta12,1500,1376
745,tnilesh02,1201,1099
745,vaibhavit.mnnit,1500,1376
745,BUG_FF,1272,1165
745,TlcAkash,1128,1030
745,dhiva,1106,1009
745,tusher_002,1196,1094
745,Ab5code,1270,1163
745,csaha505,1065,970
745,i_m_Shakil,955,865
745,Partha11,1089,993
745,Yeader,1500,1376
745,kishan98,1250,1145
745,binh_nguyen,1500,1376
745,Nibir_Hossain,1018,925
745,Don_Vito_Corleone_77,1183,1082
745,PaulusUnexpendableTurtle,1337,1226
745,Vision11,1356,1244
745,Asbestos,1208,1105
745,mamunparvez,1377,1263
745,arnob-nstu,1047,953
745,the_smartest,1301,1192
745,ninja.mf,866,780
745,ya_haam,1316,1206
745,MarvinMindX,1406,1290
745,zitul_mahmud,915,827
745,cmashinho,1532,1405
745,smsnobin77,1036,942
745,avenger27,986,895
745,ronok14,722,642
745,Bnahmad15,1433,1315
745,Sumaitakhushi,755,673
745,anshuljain62,1233,1129
745,mail4frnd.mohit,1210,1107
745,dzimiks,1383,1269
745,Goddamn,1259,1153
745,Jimmynex,1300,1192
745,feedfeed,1398,1282
745,Gapro06,1509,1384
745,newtonkr,1339,1228
745,YSR_horcrux,1378,1264
745,tomsajuk,1153,1053
745,cod_muskeeter,1210,1107
745,hugewarriors,1201,1099
745,vivekkrs,1289,1181
745,cy11,1428,1310
745,Apurbo94,1500,1376
745,joy25896,994,902
745,Linuxtux48,961,871
745,nishantbansal,1371,1258
745,csgocsgo,1378,1264
745,porwalok,1362,1249
745,lucky_love,1290,1182
745,barca1011,1325,1215
745,sr98jan,1422,1305
745,wwwwing,1239,1134
745,lazyfahim,1166,1066
745,NDakota,1500,1376
745,sohil_khokhar,1291,1183
745,Hafiz-ul-Quran,1403,1287
745,mhmdlogan,1500,1376
745,codejob10,1375,1261
745,M106-24,1500,1376
745,funnypig,1296,1188
745,adnantech17,934,845
745,karker97,1500,1376
745,Dutzul,1719,1572
745,NimesisP,1500,1376
745,lightagami,1280,1173
745,vegetablechicken,1381,1267
745,__Morsalin,906,818
745,wuawballer,1060,965
745,nikanikuradze,1435,1317
745,getsam123,1271,1164
745,luvsaxena181,1270,1163
745,Saikrishna9,1500,1376
745,zzhzz,1341,1230
745,google_adarsh,1103,1006
745,bernie,1378,1264
745,HunkyFromZavod,1314,1205
745,Narkan_2002,1095,998
745,Rund.Rasheed,1253,1148
745,abh1906,1062,967
745,anamibnaharun,1500,1376
745,mohamedmohsen,961,871
745,McAwesome,1412,1295
745,diasmersat,1500,1376
745,vikas333pain,1227,1123
745,temp707,1153,1053
745,MohamedOsamaAsu,1137,1038
745,hasali,1078,982
745,Dimasichek,1279,1172
745,gray_coder,1008,916
745,yudhik,1362,1249
745,sayim,1142,1043
745,kjs,1500,1376
745,Mihanyaa,1467,1346
745,sm_hemel,939,850
745,ProximaCentauri,1113,1015
745,Hashem.ACM,1378,1264
745,BenniKartefla,1477,1355
745,ahmibr68,1343,1232
745,alamin16,1500,1376
745,rpmm,1500,1376
745,sky1,1054,959
745,swarup32756,1397,1282
745,sazedul,833,748
745,supernova.,725,644
745,shaurya809,1314,1205
745,harshali_25,1413,1296
745,geomancer,890,803
745,raj2000,1416,1299
745,hossamahmed6668,1381,1267
745,yashbhatia97,1500,1376
745,sofcb,1500,1376
745,jahirtheboss,1197,1095
745,leo479,1298,1190
745,f2lk6wf90d,1500,1376
745,ucan_mg,1287,1179
745,devbishnoi,1388,1273
745,b1ank,1500,1376
745,CroPoder,1463,1342
745,italoM,1227,1123
745,ihumaunkabir,1071,976
745,imukovin,1045,951
745,Aranya_059,1296,1188
745,manishbhagwani16,1406,1290
745,AdilkhanTheBest,1500,1376
745,Darshan26,1449,1329
745,sagor_cuet13,1165,1065
745,shubham_04,1500,1376
745,username12,1122,1024
745,MaymARCY,1152,1052
745,magneet,1224,1120
745,Rakib_Ul_Haque_Raj,1500,1376
745,akhil_f9t,1500,1376
745,VoGia,1095,998
745,mpmohi,1133,1034
745,Bless.924,1336,1225
745,rahman.topu67,1500,1376
745,Towboat,1166,1066
745,andreiudila,1308,1199
745,noob_coder_v2,1264,1158
745,rubaiyadoula,1373,1259
745,yashvardhan90,1278,1171
745,derAdler,1323,1213
745,memo16,894,806
745,raju_2K14,1163,1063
745,Suhi31,1147,1048
745,Orpib,1151,1051
745,Saurabh303,1414,1297
745,cyanomax,914,826
745,shuvro_das,1291,1183
745,Bubblewww,1365,1252
745,aditya97g,1251,1146
745,ms.choudhary2000,1378,1264
745,tmpr,1500,1376
745,Jack5505,1092,995
745,asdfghjl,1279,1172
745,musa.cse12,1527,1400
745,preetha2711,1265,1158
745,nikizakr,1031,937
745,tanvir_,1091,994
745,TheStupidOne,1008,914
