contest_id,problem_index,id,programming_language,verdict,relative_time_seconds,creation_time_seconds,author_handle,participation_type,test_set,passed_test_count,time_consumed_milliseconds,memory_consumed_bytes
902,A,33415576,Java 8,WRONG_ANSWER,731,1513698431,--HK--,CONTESTANT,PRETESTS,4,155,20992000
902,A,33419204,Java 8,WRONG_ANSWER,1350,1513699050,--HK--,CONTESTANT,PRETESTS,4,140,20992000
902,A,33421248,Java 8,OK,1804,1513699504,--HK--,CONTESTANT,TESTS,55,155,20992000
902,B,33420984,GNU C++11,WRONG_ANSWER,1740,1513699440,-3.1416,CONTESTANT,PRETESTS,2,15,2252800
902,B,33424958,GNU C++11,OK,2816,1513700516,-3.1416,CONTESTANT,TESTS,50,61,2457600
902,A,33427668,GNU C++11,WRONG_ANSWER,3754,1513701454,-3.1416,CONTESTANT,PRETESTS,0,0,2150400
902,A,33428235,GNU C++11,OK,3968,1513701668,-3.1416,CONTESTANT,TESTS,55,15,2252800
902,A,33418984,GNU C++11,WRONG_ANSWER,1304,1513699004,-Bata,CONTESTANT,PRETESTS,2,0,2048000
902,A,33420372,GNU C++11,WRONG_ANSWER,1594,1513699294,-Bata,CONTESTANT,PRETESTS,5,15,2048000
902,A,33421926,GNU C++11,OK,1974,1513699674,-Bata,CONTESTANT,TESTS,55,15,2048000
902,B,33431416,GNU C++11,WRONG_ANSWER,5316,1513703016,-Bata,CONTESTANT,PRETESTS,0,0,8396800
902,B,33432325,GNU C++11,WRONG_ANSWER,5775,1513703475,-Bata,CONTESTANT,PRETESTS,2,15,8396800
902,B,33433702,GNU C++11,COMPILATION_ERROR,6426,1513704126,-Bata,CONTESTANT,PRETESTS,0,0,0
902,B,33433754,GNU C++11,WRONG_ANSWER,6450,1513704150,-Bata,CONTESTANT,PRETESTS,6,124,8396800
902,B,33434466,GNU C++11,TIME_LIMIT_EXCEEDED,6786,1513704486,-Bata,CONTESTANT,PRETESTS,5,1000,14745600
902,B,33434679,GNU C++11,WRONG_ANSWER,6877,1513704577,-Bata,CONTESTANT,PRETESTS,9,109,14745600
902,B,33434804,GNU C++11,TIME_LIMIT_EXCEEDED,6934,1513704634,-Bata,CONTESTANT,PRETESTS,5,1000,14745600
902,B,33435224,GNU C++11,TIME_LIMIT_EXCEEDED,7079,1513704779,-Bata,CONTESTANT,PRETESTS,5,1000,14745600
902,B,33435520,GNU C++11,TIME_LIMIT_EXCEEDED,7167,1513704867,-Bata,CONTESTANT,PRETESTS,0,1000,14438400
902,A,33414766,C++14 (GCC 6-32),WRONG_ANSWER,595,1513698306,-Nihal-,CONTESTANT,PRETESTS,0,0,1843200
902,A,33415613,C++14 (GCC 6-32),OK,724,1513698435,-Nihal-,CONTESTANT,TESTS,55,15,1945600
902,B,33422006,C++14 (GCC 6-32),OK,1984,1513699695,-Nihal-,CONTESTANT,TESTS,50,31,2457600
902,C,33426995,C++14 (GCC 6-32),OK,3491,1513701201,-Nihal-,CONTESTANT,TESTS,45,140,2355200
902,A,33414852,Python 3,WRONG_ANSWER,612,1513698323,-TheLaw-,CONTESTANT,PRETESTS,2,46,5529600
902,A,33416660,Python 3,WRONG_ANSWER,881,1513698591,-TheLaw-,CONTESTANT,PRETESTS,2,46,5529600
902,A,33418116,Python 3,WRONG_ANSWER,1125,1513698836,-TheLaw-,CONTESTANT,PRETESTS,2,61,5529600
902,A,33419226,Python 3,WRONG_ANSWER,1356,1513699056,-TheLaw-,CONTESTANT,PRETESTS,2,46,5529600
902,A,33421292,Python 3,WRONG_ANSWER,1805,1513699516,-TheLaw-,CONTESTANT,PRETESTS,4,62,5529600
902,A,33422771,Python 3,WRONG_ANSWER,2193,1513699903,-TheLaw-,CONTESTANT,PRETESTS,4,62,5529600
902,A,33424966,Python 3,WRONG_ANSWER,2809,1513700519,-TheLaw-,CONTESTANT,PRETESTS,4,46,5529600
902,A,33435598,Python 3,WRONG_ANSWER,7173,1513704884,-TheLaw-,CONTESTANT,PRETESTS,3,46,5529600
902,A,33424036,GNU C++11,WRONG_ANSWER,2554,1513700254,-Tyr-,CONTESTANT,PRETESTS,2,0,2048000
902,A,33429320,GNU C++11,RUNTIME_ERROR,4404,1513702104,-Tyr-,CONTESTANT,PRETESTS,2,0,2048000
902,A,33433575,GNU C++11,WRONG_ANSWER,6369,1513704069,-Tyr-,CONTESTANT,PRETESTS,2,15,2048000
902,A,33420068,C++14 (GCC 6-32),OK,1528,1513699228,-_-_-_-_-_-_-,CONTESTANT,TESTS,55,15,2867200
902,B,33428444,C++14 (GCC 6-32),OK,4050,1513701750,-_-_-_-_-_-_-,CONTESTANT,TESTS,50,31,6041600
902,A,33413639,C++14 (GCC 6-32),WRONG_ANSWER,427,1513698127,-albus-,CONTESTANT,PRETESTS,2,15,1945600
902,A,33414214,C++14 (GCC 6-32),WRONG_ANSWER,521,1513698221,-albus-,CONTESTANT,PRETESTS,4,15,1945600
902,A,33415846,C++14 (GCC 6-32),WRONG_ANSWER,770,1513698470,-albus-,CONTESTANT,PRETESTS,4,15,1945600
902,A,33420623,C++14 (GCC 6-32),OK,1653,1513699353,-albus-,CONTESTANT,TESTS,55,15,1945600
902,A,33412963,C++14 (GCC 6-32),WRONG_ANSWER,302,1513698002,-osdajigu-,CONTESTANT,PRETESTS,4,15,1843200
902,A,33417240,C++14 (GCC 6-32),OK,988,1513698688,-osdajigu-,CONTESTANT,TESTS,55,15,1945600
902,B,33419997,C++14 (GCC 6-32),OK,1511,1513699211,-osdajigu-,CONTESTANT,TESTS,50,31,2867200
902,C,33425457,C++14 (GCC 6-32),WRONG_ANSWER,2979,1513700679,-osdajigu-,CONTESTANT,PRETESTS,3,15,2457600
902,C,33427075,C++14 (GCC 6-32),OK,3536,1513701236,-osdajigu-,CONTESTANT,TESTS,45,124,15769600
902,A,33414197,C++14 (GCC 6-32),WRONG_ANSWER,518,1513698218,....,CONTESTANT,PRETESTS,2,0,1945600
902,A,33415890,C++14 (GCC 6-32),WRONG_ANSWER,776,1513698476,....,CONTESTANT,PRETESTS,2,15,1843200
902,B,33420247,C++14 (GCC 6-32),OK,1569,1513699269,....,CONTESTANT,TESTS,50,15,3993600
902,A,33423178,C++14 (GCC 6-32),WRONG_ANSWER,2315,1513700015,....,CONTESTANT,PRETESTS,2,15,1843200
902,C,33427229,C++14 (GCC 6-32),OK,3595,1513701295,....,CONTESTANT,TESTS,45,93,5120000
902,A,33428281,C++14 (GCC 6-32),OK,3985,1513701685,....,CONTESTANT,TESTS,55,15,1945600
902,A,33419521,GNU C++11,OK,1403,1513699114,.J_X.,CONTESTANT,TESTS,55,15,2048000
902,A,33413466,GNU C++11,OK,387,1513698097,.____.,CONTESTANT,TESTS,55,15,2048000
902,B,33419817,GNU C++11,OK,1462,1513699172,.____.,CONTESTANT,TESTS,50,31,2560000
902,C,33425341,GNU C++11,WRONG_ANSWER,2932,1513700642,.____.,CONTESTANT,PRETESTS,4,15,2867200
902,C,33427663,GNU C++11,OK,3741,1513701451,.____.,CONTESTANT,TESTS,45,233,2867200
902,A,33413055,C++14 (GCC 6-32),WRONG_ANSWER,321,1513698021,.anis.,CONTESTANT,PRETESTS,4,15,1843200
902,A,33413965,C++14 (GCC 6-32),OK,482,1513698182,.anis.,CONTESTANT,TESTS,55,15,1945600
902,B,33417090,C++14 (GCC 6-32),OK,961,1513698661,.anis.,CONTESTANT,TESTS,50,15,2560000
902,C,33427057,C++14 (GCC 6-32),RUNTIME_ERROR,3529,1513701229,.anis.,CONTESTANT,TESTS,13,31,7782400
902,A,33416584,C++14 (GCC 6-32),WRONG_ANSWER,881,1513698581,00Mokhtar00,CONTESTANT,PRETESTS,5,15,1843200
902,A,33418369,C++14 (GCC 6-32),WRONG_ANSWER,1179,1513698879,00Mokhtar00,CONTESTANT,PRETESTS,5,15,1843200
902,A,33423751,C++14 (GCC 6-32),WRONG_ANSWER,2476,1513700176,00Mokhtar00,CONTESTANT,PRETESTS,2,15,1843200
902,A,33430582,C++14 (GCC 6-32),WRONG_ANSWER,4939,1513702639,00Mokhtar00,CONTESTANT,PRETESTS,5,0,1843200
902,A,33434911,C++14 (GCC 6-32),WRONG_ANSWER,6974,1513704674,00Mokhtar00,CONTESTANT,PRETESTS,5,15,1843200
902,A,33435362,C++14 (GCC 6-32),WRONG_ANSWER,7123,1513704823,00Mokhtar00,CONTESTANT,PRETESTS,5,15,1843200
902,A,33413386,C++14 (GCC 6-32),OK,381,1513698082,0101-1001,CONTESTANT,TESTS,55,15,1945600
902,B,33416945,C++14 (GCC 6-32),OK,936,1513698636,0101-1001,CONTESTANT,TESTS,50,15,2457600
902,C,33424939,C++14 (GCC 6-32),OK,2811,1513700511,0101-1001,CONTESTANT,TESTS,45,716,3891200
902,D,33430869,C++14 (GCC 6-32),OK,5062,1513702762,0101-1001,CONTESTANT,TESTS,150,15,1945600
902,A,33413108,C++14 (GCC 6-32),OK,322,1513698032,025-22643-Dias-8,CONTESTANT,TESTS,55,15,1945600
902,B,33422278,C++14 (GCC 6-32),RUNTIME_ERROR,2047,1513699758,025-22643-Dias-8,CONTESTANT,PRETESTS,5,15,5939200
902,B,33422556,C++14 (GCC 6-32),MEMORY_LIMIT_EXCEEDED,2130,1513699841,025-22643-Dias-8,CONTESTANT,PRETESTS,0,0,268390400
902,B,33423556,C++14 (GCC 6-32),WRONG_ANSWER,2411,1513700122,025-22643-Dias-8,CONTESTANT,PRETESTS,9,62,2150400
902,A,33415357,GNU C++,COMPILATION_ERROR,699,1513698399,07akioni2,CONTESTANT,PRETESTS,0,0,0
902,A,33415588,GNU C++,OK,733,1513698433,07akioni2,CONTESTANT,TESTS,55,15,2048000
902,B,33422594,GNU C++,OK,2152,1513699852,07akioni2,CONTESTANT,TESTS,50,78,2252800
902,C,33428580,GNU C++,OK,4107,1513701807,07akioni2,CONTESTANT,TESTS,45,327,3686400
902,D,33433509,GNU C++,WRONG_ANSWER,6336,1513704036,07akioni2,CONTESTANT,PRETESTS,0,15,2662400
902,D,33434263,GNU C++,OK,6700,1513704400,07akioni2,CONTESTANT,TESTS,150,15,2764800
902,A,33418229,C++14 (GCC 6-32),WRONG_ANSWER,1155,1513698855,0gnjen,CONTESTANT,PRETESTS,4,15,1843200
902,A,33414340,GNU C++11,WRONG_ANSWER,540,1513698240,0x742,CONTESTANT,PRETESTS,2,15,2048000
902,A,33420134,GNU C++11,WRONG_ANSWER,1542,1513699242,0x742,CONTESTANT,PRETESTS,4,15,2048000
902,A,33420916,GNU C++11,WRONG_ANSWER,1722,1513699422,0x742,CONTESTANT,PRETESTS,4,15,2048000
902,A,33422083,GNU C++11,WRONG_ANSWER,2008,1513699708,0x742,CONTESTANT,PRETESTS,4,15,2048000
902,A,33422955,GNU C++11,OK,2248,1513699948,0x742,CONTESTANT,TESTS,55,31,2048000
902,A,33420093,GNU C++11,OK,1534,1513699234,0x86,CONTESTANT,TESTS,55,15,2048000
902,B,33432278,GNU C++11,WRONG_ANSWER,5755,1513703455,0x86,CONTESTANT,PRETESTS,0,0,2252800
902,B,33432702,GNU C++11,WRONG_ANSWER,5963,1513703663,0x86,CONTESTANT,PRETESTS,1,15,2252800
902,B,33433243,GNU C++11,TIME_LIMIT_EXCEEDED,6223,1513703923,0x86,CONTESTANT,TESTS,17,1000,2252800
902,A,33416014,Python 3,WRONG_ANSWER,794,1513698494,0x_________x0,CONTESTANT,PRETESTS,2,46,5529600
902,A,33418792,Python 3,WRONG_ANSWER,1260,1513698960,0x_________x0,CONTESTANT,PRETESTS,3,61,5529600
902,A,33419821,Python 3,WRONG_ANSWER,1473,1513699173,0x_________x0,CONTESTANT,PRETESTS,3,46,5529600
902,A,33422414,Python 3,OK,2103,1513699803,0x_________x0,CONTESTANT,TESTS,55,62,5529600
902,B,33434136,C++14 (GCC 6-32),WRONG_ANSWER,6640,1513704340,0x_________x0,CONTESTANT,PRETESTS,9,15,2662400
902,B,33435391,C++14 (GCC 6-32),WRONG_ANSWER,7132,1513704832,0x_________x0,CONTESTANT,PRETESTS,1,0,1843200
902,A,33417492,C++14 (GCC 6-32),WRONG_ANSWER,1030,1513698730,1.7.2.9,CONTESTANT,PRETESTS,2,15,1945600
902,A,33417751,C++14 (GCC 6-32),WRONG_ANSWER,1076,1513698776,1.7.2.9,CONTESTANT,PRETESTS,2,15,1945600
902,A,33419661,C++14 (GCC 6-32),WRONG_ANSWER,1442,1513699142,1.7.2.9,CONTESTANT,PRETESTS,0,0,1843200
902,B,33423589,C++14 (GCC 6-32),OK,2429,1513700129,1.7.2.9,CONTESTANT,TESTS,50,15,2560000
902,A,33425751,C++14 (GCC 6-32),WRONG_ANSWER,3073,1513700773,1.7.2.9,CONTESTANT,PRETESTS,4,15,1945600
902,A,33426341,C++14 (GCC 6-32),OK,3267,1513700967,1.7.2.9,CONTESTANT,TESTS,55,15,1945600
902,C,33430563,C++14 (GCC 6-32),OK,4930,1513702630,1.7.2.9,CONTESTANT,TESTS,45,93,6144000
902,A,33420219,GNU C++,WRONG_ANSWER,1562,1513699262,1010010001,CONTESTANT,PRETESTS,2,0,2048000
902,A,33422026,GNU C++,WRONG_ANSWER,2000,1513699700,1010010001,CONTESTANT,PRETESTS,2,0,2048000
902,A,33423249,GNU C++,WRONG_ANSWER,2341,1513700041,1010010001,CONTESTANT,PRETESTS,2,15,2048000
902,A,33425764,GNU C++,WRONG_ANSWER,3078,1513700778,1010010001,CONTESTANT,PRETESTS,2,0,2048000
902,A,33427446,GNU C++,WRONG_ANSWER,3673,1513701373,1010010001,CONTESTANT,PRETESTS,2,15,2048000
902,A,33427623,GNU C++,WRONG_ANSWER,3739,1513701439,1010010001,CONTESTANT,PRETESTS,2,15,2048000
902,A,33424467,C++14 (GCC 6-32),OK,2669,1513700379,101101110,CONTESTANT,TESTS,55,15,1945600
902,B,33431311,C++14 (GCC 6-32),OK,5255,1513702965,101101110,CONTESTANT,TESTS,50,46,2560000
902,A,33413469,GNU C++11,OK,397,1513698097,1021839,CONTESTANT,TESTS,55,31,2150400
902,B,33415186,GNU C++11,OK,673,1513698373,1021839,CONTESTANT,TESTS,50,46,2560000
902,C,33418357,GNU C++11,OK,1177,1513698877,1021839,CONTESTANT,TESTS,45,342,2560000
902,E,33429858,GNU C++11,WRONG_ANSWER,4636,1513702336,1021839,CONTESTANT,PRETESTS,0,0,8499200
902,E,33430178,GNU C++11,WRONG_ANSWER,4772,1513702472,1021839,CONTESTANT,PRETESTS,1,15,8499200
902,E,33430743,GNU C++11,RUNTIME_ERROR,5012,1513702712,1021839,CONTESTANT,PRETESTS,2,15,9011200
902,E,33431051,GNU C++11,RUNTIME_ERROR,5140,1513702840,1021839,CONTESTANT,PRETESTS,2,0,9011200
902,E,33432514,GNU C++11,RUNTIME_ERROR,5875,1513703575,1021839,CONTESTANT,PRETESTS,2,15,9011200
902,E,33432635,GNU C++11,RUNTIME_ERROR,5938,1513703638,1021839,CONTESTANT,PRETESTS,2,15,9011200
902,E,33433360,GNU C++11,WRONG_ANSWER,6276,1513703976,1021839,CONTESTANT,PRETESTS,0,0,9011200
902,E,33433478,GNU C++11,RUNTIME_ERROR,6324,1513704024,1021839,CONTESTANT,PRETESTS,2,15,9011200
902,E,33434245,GNU C++11,RUNTIME_ERROR,6689,1513704389,1021839,CONTESTANT,PRETESTS,2,15,9523200
902,E,33434377,GNU C++11,RUNTIME_ERROR,6748,1513704448,1021839,CONTESTANT,PRETESTS,2,0,9523200
902,E,33434542,GNU C++11,WRONG_ANSWER,6819,1513704519,1021839,CONTESTANT,PRETESTS,0,15,9523200
902,E,33435354,GNU C++11,RUNTIME_ERROR,7121,1513704821,1021839,CONTESTANT,PRETESTS,2,0,9523200
902,A,33425875,GNU C,RUNTIME_ERROR,3111,1513700811,10_01,CONTESTANT,PRETESTS,2,15,1843200
902,A,33426199,GNU C,RUNTIME_ERROR,3221,1513700921,10_01,CONTESTANT,PRETESTS,2,15,1843200
902,A,33426481,GNU C,WRONG_ANSWER,3315,1513701015,10_01,CONTESTANT,PRETESTS,2,15,1843200
902,A,33427777,GNU C,WRONG_ANSWER,3795,1513701495,10_01,CONTESTANT,PRETESTS,2,15,1843200
902,A,33413684,Python 3,WRONG_ANSWER,437,1513698137,111vad111,CONTESTANT,TESTS,47,77,5529600
902,A,33421945,GNU C++11,OK,1968,1513699679,12123123,CONTESTANT,TESTS,55,15,2048000
902,A,33426395,Python 3,WRONG_ANSWER,3288,1513700988,123MSD,CONTESTANT,PRETESTS,2,46,5529600
902,A,33426954,Python 3,WRONG_ANSWER,3490,1513701190,123MSD,CONTESTANT,PRETESTS,0,46,5529600
902,A,33427086,Python 3,WRONG_ANSWER,3540,1513701240,123MSD,CONTESTANT,PRETESTS,2,62,5529600
902,A,33430355,Python 3,WRONG_ANSWER,4842,1513702542,123MSD,CONTESTANT,PRETESTS,2,46,5529600
902,A,33412910,GNU C++11,OK,286,1513697986,123gg123,CONTESTANT,TESTS,55,15,2048000
902,B,33417487,GNU C++11,OK,1030,1513698730,123gg123,CONTESTANT,TESTS,50,31,2560000
902,C,33429089,GNU C++11,WRONG_ANSWER,4314,1513702014,123gg123,CONTESTANT,PRETESTS,3,15,4505600
902,C,33431755,GNU C++11,WRONG_ANSWER,5491,1513703191,123gg123,CONTESTANT,PRETESTS,3,15,4505600
902,C,33432611,GNU C++11,WRONG_ANSWER,5925,1513703625,123gg123,CONTESTANT,PRETESTS,3,15,4505600
902,C,33432751,GNU C++11,WRONG_ANSWER,5987,1513703687,123gg123,CONTESTANT,PRETESTS,3,15,6860800
902,A,33416088,GNU C++,OK,804,1513698504,1287365536,CONTESTANT,TESTS,55,15,2048000
902,B,33424427,GNU C++,OK,2663,1513700363,1287365536,CONTESTANT,TESTS,50,15,2150400
902,C,33430496,GNU C++,WRONG_ANSWER,4901,1513702601,1287365536,CONTESTANT,PRETESTS,1,15,2457600
902,C,33430741,GNU C++,OK,5011,1513702711,1287365536,CONTESTANT,TESTS,45,109,2457600
902,A,33420843,C++14 (GCC 6-32),WRONG_ANSWER,1707,1513699407,1321273664,CONTESTANT,PRETESTS,4,15,1843200
902,A,33421868,C++14 (GCC 6-32),WRONG_ANSWER,1957,1513699657,1321273664,CONTESTANT,PRETESTS,4,15,1843200
902,A,33429414,C++14 (GCC 6-32),WRONG_ANSWER,4447,1513702147,1321273664,CONTESTANT,PRETESTS,1,15,1843200
902,A,33429571,C++14 (GCC 6-32),WRONG_ANSWER,4516,1513702216,1321273664,CONTESTANT,PRETESTS,1,15,1843200
902,A,33417369,GNU C,WRONG_ANSWER,1010,1513698710,1379250679,CONTESTANT,PRETESTS,2,15,1843200
902,A,33419311,GNU C,OK,1369,1513699069,1379250679,CONTESTANT,TESTS,55,30,1843200
902,B,33433116,GNU C,WRONG_ANSWER,6164,1513703864,1379250679,CONTESTANT,PRETESTS,1,0,1843200
902,A,33417707,GNU C++11,WRONG_ANSWER,1068,1513698768,13Fish,CONTESTANT,PRETESTS,2,15,2048000
902,A,33432598,GNU C++11,WRONG_ANSWER,5917,1513703617,13Fish,CONTESTANT,PRETESTS,2,15,2048000
902,A,33413083,C++14 (GCC 6-32),OK,326,1513698026,1405001,CONTESTANT,TESTS,55,15,1945600
902,B,33415729,C++14 (GCC 6-32),OK,753,1513698453,1405001,CONTESTANT,TESTS,50,30,3788800
902,C,33423656,C++14 (GCC 6-32),SKIPPED,2447,1513700147,1405001,CONTESTANT,PRETESTS,13,31,3072000
902,C,33424004,C++14 (GCC 6-32),OK,2547,1513700247,1405001,CONTESTANT,TESTS,45,93,13926400
902,D,33431788,C++14 (GCC 6-32),WRONG_ANSWER,5511,1513703211,1405001,CONTESTANT,PRETESTS,0,0,1945600
902,D,33432717,C++14 (GCC 6-32),WRONG_ANSWER,5971,1513703671,1405001,CONTESTANT,PRETESTS,1,15,1843200
902,D,33433262,C++14 (GCC 6-32),WRONG_ANSWER,6234,1513703934,1405001,CONTESTANT,PRETESTS,2,15,1843200
902,A,33425383,GNU C,WRONG_ANSWER,2954,1513700654,15b01a05b0,CONTESTANT,PRETESTS,2,0,1843200
902,A,33426013,GNU C,WRONG_ANSWER,3155,1513700855,15b01a05b0,CONTESTANT,PRETESTS,2,0,1843200
902,A,33427379,GNU C,WRONG_ANSWER,3650,1513701350,15b01a05b0,CONTESTANT,PRETESTS,2,0,1843200
902,A,33429984,GNU C,WRONG_ANSWER,4688,1513702388,15b01a05b0,CONTESTANT,PRETESTS,2,0,1843200
902,A,33430590,GNU C,WRONG_ANSWER,4943,1513702643,15b01a05b0,CONTESTANT,PRETESTS,2,15,1843200
902,A,33433757,GNU C,WRONG_ANSWER,6452,1513704152,15b01a05b0,CONTESTANT,PRETESTS,2,15,1843200
902,A,33433952,GNU C,WRONG_ANSWER,6551,1513704251,15b01a05b0,CONTESTANT,PRETESTS,2,15,1843200
902,A,33414409,C++14 (GCC 6-32),WRONG_ANSWER,543,1513698254,1615925431,CONTESTANT,PRETESTS,2,15,1945600
902,A,33417927,C++14 (GCC 6-32),WRONG_ANSWER,1095,1513698805,1615925431,CONTESTANT,PRETESTS,4,0,1843200
902,A,33422298,GNU C++,OK,2063,1513699763,16321,CONTESTANT,TESTS,55,15,2048000
902,A,33426525,GNU C++,WRONG_ANSWER,3332,1513701032,16B01A05D4,CONTESTANT,PRETESTS,0,0,2048000
902,A,33430674,GNU C,COMPILATION_ERROR,4971,1513702682,16B01a1287,CONTESTANT,PRETESTS,0,0,0
902,A,33431228,GNU C++,WRONG_ANSWER,5229,1513702929,16B01a1287,CONTESTANT,PRETESTS,4,15,2048000
902,A,33421650,GNU C,WRONG_ANSWER,1903,1513699603,16b01a0592,CONTESTANT,PRETESTS,2,0,1843200
902,A,33425069,GNU C,WRONG_ANSWER,2852,1513700552,16b01a0592,CONTESTANT,PRETESTS,2,15,1843200
902,A,33428567,GNU C,WRONG_ANSWER,4102,1513701802,16b01a0592,CONTESTANT,PRETESTS,2,0,1843200
902,A,33434331,GNU C,WRONG_ANSWER,6727,1513704427,16b01a1252,CONTESTANT,PRETESTS,2,15,1843200
902,A,33435209,GNU C,WRONG_ANSWER,7074,1513704774,16b01a1252,CONTESTANT,PRETESTS,3,15,1843200
902,A,33435579,GNU C,WRONG_ANSWER,7180,1513704880,16b01a1252,CONTESTANT,PRETESTS,2,0,1843200
902,A,33429621,Python 3,WRONG_ANSWER,4542,1513702242,1Demiurg,CONTESTANT,PRETESTS,4,62,5529600
902,A,33430114,Python 3,WRONG_ANSWER,4748,1513702448,1Demiurg,CONTESTANT,PRETESTS,4,46,5529600
902,A,33430857,Python 3,WRONG_ANSWER,5054,1513702754,1Demiurg,CONTESTANT,PRETESTS,4,46,5529600
902,A,33431112,Python 3,WRONG_ANSWER,5169,1513702869,1Demiurg,CONTESTANT,PRETESTS,4,61,5529600
902,A,33413729,C++14 (GCC 6-32),WRONG_ANSWER,442,1513698142,1O1,CONTESTANT,PRETESTS,3,15,1843200
902,A,33414560,C++14 (GCC 6-32),OK,578,1513698278,1O1,CONTESTANT,TESTS,55,15,1945600
902,B,33420089,C++14 (GCC 6-32),OK,1533,1513699233,1O1,CONTESTANT,TESTS,50,31,2048000
902,C,33428705,C++14 (GCC 6-32),WRONG_ANSWER,4162,1513701862,1O1,CONTESTANT,PRETESTS,3,0,3891200
902,C,33432566,C++14 (GCC 6-32),WRONG_ANSWER,5902,1513703602,1O1,CONTESTANT,PRETESTS,3,15,3891200
902,C,33434316,C++14 (GCC 6-32),WRONG_ANSWER,6721,1513704421,1O1,CONTESTANT,PRETESTS,3,15,3891200
902,A,33413486,GNU C++11,WRONG_ANSWER,400,1513698100,2014CAIS01,CONTESTANT,PRETESTS,3,15,2048000
902,A,33415304,GNU C++11,WRONG_ANSWER,692,1513698392,2014CAIS01,CONTESTANT,PRETESTS,3,0,2048000
902,B,33416844,GNU C++11,WRONG_ANSWER,921,1513698621,2014CAIS01,CONTESTANT,PRETESTS,0,0,2048000
902,A,33416890,GNU C++11,OK,928,1513698628,2014CAIS01,CONTESTANT,TESTS,55,30,2048000
902,B,33419011,GNU C++11,OK,1311,1513699011,2014CAIS01,CONTESTANT,TESTS,50,30,3891200
902,C,33426335,GNU C++11,OK,3265,1513700965,2014CAIS01,CONTESTANT,TESTS,45,342,10035200
902,A,33413147,GNU C++,WRONG_ANSWER,339,1513698039,2016014402,CONTESTANT,PRETESTS,2,15,2048000
902,A,33413849,GNU C++,OK,462,1513698162,2016014402,CONTESTANT,TESTS,55,15,2048000
902,A,33424335,Java 8,WRONG_ANSWER,2632,1513700332,2016adeshmukh,CONTESTANT,PRETESTS,4,140,20992000
902,A,33420191,C++14 (GCC 6-32),CHALLENGED,1556,1513699256,2017117322,CONTESTANT,CHALLENGES,8,15,1843200
902,A,33415314,C++14 (GCC 6-32),WRONG_ANSWER,683,1513698394,21August,CONTESTANT,PRETESTS,4,15,1945600
902,A,33415822,C++14 (GCC 6-32),WRONG_ANSWER,756,1513698467,21August,CONTESTANT,PRETESTS,4,15,1945600
902,A,33417734,C++14 (GCC 6-32),OK,1061,1513698772,21August,CONTESTANT,TESTS,55,15,1945600
902,B,33420567,C++14 (GCC 6-32),OK,1631,1513699341,21August,CONTESTANT,TESTS,50,31,2457600
902,C,33429738,C++14 (GCC 6-32),WRONG_ANSWER,4575,1513702285,21August,CONTESTANT,PRETESTS,1,0,2252800
902,C,33430778,C++14 (GCC 6-32),WRONG_ANSWER,5017,1513702727,21August,CONTESTANT,PRETESTS,3,15,2252800
902,C,33431485,C++14 (GCC 6-32),OK,5344,1513703054,21August,CONTESTANT,TESTS,45,93,2252800
902,A,33416469,C++14 (GCC 6-32),OK,862,1513698562,224,CONTESTANT,TESTS,55,15,1945600
902,B,33421936,C++14 (GCC 6-32),OK,1976,1513699676,224,CONTESTANT,TESTS,50,15,2457600
902,C,33426065,C++14 (GCC 6-32),OK,3176,1513700876,224,CONTESTANT,TESTS,45,78,2252800
902,A,33415774,C++14 (GCC 6-32),WRONG_ANSWER,761,1513698461,2390_,CONTESTANT,PRETESTS,4,15,1945600
902,A,33418553,C++14 (GCC 6-32),OK,1214,1513698914,2390_,CONTESTANT,TESTS,55,15,1945600
902,B,33424232,C++14 (GCC 6-32),OK,2604,1513700304,2390_,CONTESTANT,TESTS,50,46,2560000
902,C,33431399,C++14 (GCC 6-32),WRONG_ANSWER,5311,1513703011,2390_,CONTESTANT,PRETESTS,1,15,1945600
902,C,33433287,C++14 (GCC 6-32),OK,6243,1513703943,2390_,CONTESTANT,TESTS,45,155,3891200
902,A,33418440,MS C++,WRONG_ANSWER,1182,1513698892,24khandsome,CONTESTANT,PRETESTS,4,15,2048000
902,A,33420987,MS C++,WRONG_ANSWER,1731,1513699441,24khandsome,CONTESTANT,PRETESTS,3,15,2048000
902,A,33423351,MS C++,OK,2354,1513700065,24khandsome,CONTESTANT,TESTS,55,15,2048000
902,B,33432716,MS C++,OK,5970,1513703670,24khandsome,CONTESTANT,TESTS,50,31,2150400
902,A,33417202,GNU C++11,OK,983,1513698683,2545974520,CONTESTANT,TESTS,55,15,2048000
902,B,33424550,GNU C++11,MEMORY_LIMIT_EXCEEDED,2701,1513700401,2545974520,CONTESTANT,PRETESTS,0,15,268390400
902,B,33427031,GNU C++11,WRONG_ANSWER,3516,1513701216,2545974520,CONTESTANT,PRETESTS,9,15,2355200
902,B,33427270,GNU C++11,WRONG_ANSWER,3613,1513701313,2545974520,CONTESTANT,PRETESTS,9,15,2355200
902,B,33427872,GNU C++11,WRONG_ANSWER,3828,1513701528,2545974520,CONTESTANT,PRETESTS,9,15,2355200
902,A,33415607,C++14 (GCC 6-32),OK,734,1513698434,2Deep,CONTESTANT,TESTS,55,15,1945600
902,B,33419174,C++14 (GCC 6-32),OK,1345,1513699045,2Deep,CONTESTANT,TESTS,50,31,3993600
902,C,33424556,C++14 (GCC 6-32),WRONG_ANSWER,2703,1513700403,2Deep,CONTESTANT,PRETESTS,5,15,1945600
902,C,33425222,C++14 (GCC 6-32),OK,2900,1513700600,2Deep,CONTESTANT,TESTS,45,93,2252800
902,A,33433655,GNU C,COMPILATION_ERROR,6407,1513704107,3.14-thon,CONTESTANT,PRETESTS,0,0,0
902,A,33433788,Python 3,WRONG_ANSWER,6464,1513704164,3.14-thon,CONTESTANT,PRETESTS,2,46,5529600
902,A,33435212,Python 3,WRONG_ANSWER,7075,1513704775,3.14-thon,CONTESTANT,PRETESTS,2,46,5529600
902,A,33416008,C++14 (GCC 6-32),RUNTIME_ERROR,793,1513698493,3.14sh4,CONTESTANT,PRETESTS,2,15,2048000
902,A,33416346,C++14 (GCC 6-32),OK,843,1513698543,3.14sh4,CONTESTANT,TESTS,55,30,2048000
902,B,33420712,C++14 (GCC 6-32),OK,1676,1513699376,3.14sh4,CONTESTANT,TESTS,50,31,2662400
902,C,33425254,C++14 (GCC 6-32),OK,2911,1513700611,3.14sh4,CONTESTANT,TESTS,45,155,2355200
902,A,33414742,GNU C++11,WRONG_ANSWER,603,1513698303,349707513,CONTESTANT,PRETESTS,2,15,2048000
902,A,33417610,GNU C++11,WRONG_ANSWER,1052,1513698752,349707513,CONTESTANT,PRETESTS,2,15,2048000
902,A,33418856,GNU C++11,WRONG_ANSWER,1274,1513698974,349707513,CONTESTANT,PRETESTS,2,15,2048000
902,A,33421051,GNU C++11,OK,1757,1513699457,349707513,CONTESTANT,TESTS,55,15,2048000
902,A,33415161,C++14 (GCC 6-32),OK,669,1513698369,3AQ,CONTESTANT,TESTS,55,15,5222400
902,B,33422794,C++14 (GCC 6-32),RUNTIME_ERROR,2208,1513699908,3AQ,CONTESTANT,PRETESTS,5,15,2150400
902,B,33423024,C++14 (GCC 6-32),OK,2267,1513699967,3AQ,CONTESTANT,TESTS,50,31,2662400
902,C,33434112,C++14 (GCC 6-32),WRONG_ANSWER,6630,1513704330,3AQ,CONTESTANT,PRETESTS,1,15,1945600
902,C,33434380,C++14 (GCC 6-32),WRONG_ANSWER,6749,1513704449,3AQ,CONTESTANT,PRETESTS,1,15,1945600
902,A,33413003,C++14 (GCC 6-32),OK,309,1513698009,3agwa,CONTESTANT,TESTS,55,15,2150400
902,B,33418378,C++14 (GCC 6-32),OK,1181,1513698881,3agwa,CONTESTANT,TESTS,50,31,5324800
902,C,33426957,C++14 (GCC 6-32),WRONG_ANSWER,3490,1513701190,3agwa,CONTESTANT,PRETESTS,3,15,3072000
902,C,33428050,C++14 (GCC 6-32),RUNTIME_ERROR,3892,1513701592,3agwa,CONTESTANT,PRETESTS,12,46,7475200
902,C,33428275,C++14 (GCC 6-32),OK,3982,1513701682,3agwa,CONTESTANT,TESTS,45,108,18329600
902,A,33413153,C++14 (GCC 6-32),OK,340,1513698040,3funnn,CONTESTANT,TESTS,55,15,1945600
902,B,33428763,C++14 (GCC 6-32),WRONG_ANSWER,4188,1513701888,3funnn,CONTESTANT,PRETESTS,5,15,2355200
902,B,33428935,C++14 (GCC 6-32),WRONG_ANSWER,4251,1513701951,3funnn,CONTESTANT,PRETESTS,5,15,2355200
902,B,33429998,C++14 (GCC 6-32),OK,4694,1513702394,3funnn,CONTESTANT,TESTS,50,186,2355200
902,A,33412988,C++14 (GCC 6-32),OK,306,1513698006,3laa.ali,CONTESTANT,TESTS,55,15,1945600
902,B,33418778,C++14 (GCC 6-32),OK,1258,1513698958,3laa.ali,CONTESTANT,TESTS,50,31,3276800
902,C,33425094,C++14 (GCC 6-32),OK,2861,1513700561,3laa.ali,CONTESTANT,TESTS,45,93,3481600
902,E,33430919,C++14 (GCC 6-32),WRONG_ANSWER,5079,1513702779,3laa.ali,CONTESTANT,PRETESTS,2,732,102502400
902,E,33431724,C++14 (GCC 6-32),OK,5475,1513703175,3laa.ali,CONTESTANT,TESTS,59,857,113152000
902,A,33420273,GNU C++11,WRONG_ANSWER,1573,1513699273,44ruul,CONTESTANT,PRETESTS,4,15,2048000
902,A,33422317,GNU C++11,WRONG_ANSWER,2071,1513699771,44ruul,CONTESTANT,PRETESTS,2,15,2048000
902,A,33427241,GNU C++11,WRONG_ANSWER,3599,1513701299,44ruul,CONTESTANT,PRETESTS,3,0,2150400
902,A,33427813,GNU C++11,COMPILATION_ERROR,3808,1513701508,44ruul,CONTESTANT,PRETESTS,0,0,0
902,A,33427978,GNU C++11,WRONG_ANSWER,3866,1513701566,44ruul,CONTESTANT,PRETESTS,3,15,2150400
902,A,33428811,GNU C++11,WRONG_ANSWER,4203,1513701903,44ruul,CONTESTANT,TESTS,16,15,2150400
902,A,33419808,C++14 (GCC 6-32),WRONG_ANSWER,1470,1513699170,46_Sam,CONTESTANT,PRETESTS,2,15,1945600
902,A,33420539,C++14 (GCC 6-32),WRONG_ANSWER,1635,1513699335,46_Sam,CONTESTANT,PRETESTS,2,15,1945600
902,A,33422251,C++14 (GCC 6-32),WRONG_ANSWER,2050,1513699750,46_Sam,CONTESTANT,PRETESTS,2,15,1843200
902,A,33422738,C++14 (GCC 6-32),WRONG_ANSWER,2192,1513699892,46_Sam,CONTESTANT,PRETESTS,2,15,1945600
902,A,33430812,C++14 (GCC 6-32),OK,5041,1513702741,46_Sam,CONTESTANT,TESTS,55,15,1945600
902,A,33416006,C++14 (GCC 6-32),OK,782,1513698492,47th-draganov,CONTESTANT,TESTS,55,15,1945600
902,B,33423990,C++14 (GCC 6-32),WRONG_ANSWER,2532,1513700243,47th-draganov,CONTESTANT,PRETESTS,3,15,2150400
902,B,33425654,C++14 (GCC 6-32),OK,3028,1513700739,47th-draganov,CONTESTANT,TESTS,50,280,2867200
902,C,33430002,C++14 (GCC 6-32),WRONG_ANSWER,4687,1513702397,47th-draganov,CONTESTANT,PRETESTS,3,15,4300800
902,C,33432040,C++14 (GCC 6-32),WRONG_ANSWER,5623,1513703333,47th-draganov,CONTESTANT,TESTS,13,108,4300800
902,A,33415646,C++14 (GCC 6-32),OK,740,1513698440,4l5n3,CONTESTANT,TESTS,55,15,1945600
902,B,33418831,C++14 (GCC 6-32),OK,1268,1513698968,4l5n3,CONTESTANT,TESTS,50,31,2560000
902,C,33423738,C++14 (GCC 6-32),WRONG_ANSWER,2472,1513700172,4l5n3,CONTESTANT,PRETESTS,1,0,1945600
902,C,33424273,C++14 (GCC 6-32),WRONG_ANSWER,2615,1513700315,4l5n3,CONTESTANT,PRETESTS,3,0,1945600
902,C,33425923,C++14 (GCC 6-32),COMPILATION_ERROR,3128,1513700828,4l5n3,CONTESTANT,PRETESTS,0,0,0
902,C,33426143,C++14 (GCC 6-32),WRONG_ANSWER,3202,1513700902,4l5n3,CONTESTANT,PRETESTS,3,0,1945600
902,C,33426533,C++14 (GCC 6-32),WRONG_ANSWER,3334,1513701034,4l5n3,CONTESTANT,TESTS,13,15,1945600
902,A,33413044,C++14 (GCC 6-32),WRONG_ANSWER,318,1513698018,4llower,CONTESTANT,PRETESTS,4,15,17920000
902,A,33413919,C++14 (GCC 6-32),WRONG_ANSWER,474,1513698174,4llower,CONTESTANT,PRETESTS,4,15,17920000
902,A,33421574,C++14 (GCC 6-32),OK,1888,1513699588,4llower,CONTESTANT,TESTS,55,15,25907200
902,B,33428023,C++14 (GCC 6-32),WRONG_ANSWER,3884,1513701584,4llower,CONTESTANT,PRETESTS,2,15,30003200
902,B,33428832,C++14 (GCC 6-32),OK,4214,1513701914,4llower,CONTESTANT,TESTS,50,31,30412800
902,A,33415372,Java 8,OK,703,1513698403,4mda4mda,CONTESTANT,TESTS,55,139,20684800
902,B,33419113,Java 8,OK,1335,1513699035,4mda4mda,CONTESTANT,TESTS,50,155,20787200
902,C,33424872,Java 8,OK,2790,1513700490,4mda4mda,CONTESTANT,TESTS,45,218,20787200
902,A,33414089,C++14 (GCC 6-32),OK,502,1513698202,52416,CONTESTANT,TESTS,55,15,1945600
902,B,33421850,C++14 (GCC 6-32),OK,1953,1513699653,52416,CONTESTANT,TESTS,50,31,2457600
902,C,33425656,C++14 (GCC 6-32),OK,3039,1513700739,52416,CONTESTANT,TESTS,45,109,2252800
902,A,33414069,C++14 (GCC 6-32),WRONG_ANSWER,490,1513698200,5ak0,CONTESTANT,PRETESTS,2,15,1843200
902,A,33414830,C++14 (GCC 6-32),WRONG_ANSWER,608,1513698319,5ak0,CONTESTANT,PRETESTS,2,15,1843200
902,B,33418516,C++14 (GCC 6-32),OK,1196,1513698906,5ak0,CONTESTANT,TESTS,50,30,2560000
902,C,33423614,C++14 (GCC 6-32),OK,2424,1513700134,5ak0,CONTESTANT,TESTS,45,93,2969600
902,A,33426770,C++14 (GCC 6-32),OK,3411,1513701122,5ak0,CONTESTANT,TESTS,55,15,1945600
902,A,33428563,Java 8,WRONG_ANSWER,4101,1513701801,5kopeek,CONTESTANT,PRETESTS,2,139,20992000
902,A,33429452,Java 8,WRONG_ANSWER,4464,1513702164,5kopeek,CONTESTANT,PRETESTS,2,140,20992000
902,A,33431151,Java 8,WRONG_ANSWER,5191,1513702891,5kopeek,CONTESTANT,PRETESTS,2,140,20992000
902,A,33414336,GNU C++11,OK,540,1513698240,6ziv,CONTESTANT,TESTS,55,15,1843200
902,B,33417486,GNU C++11,OK,1030,1513698730,6ziv,CONTESTANT,TESTS,50,30,1945600
902,C,33421221,GNU C++11,WRONG_ANSWER,1798,1513699498,6ziv,CONTESTANT,PRETESTS,6,15,2252800
902,C,33422682,GNU C++11,WRONG_ANSWER,2177,1513699877,6ziv,CONTESTANT,TESTS,13,186,2252800
902,D,33428452,GNU C++11,WRONG_ANSWER,4054,1513701754,6ziv,CONTESTANT,PRETESTS,5,15,1843200
902,D,33432800,GNU C++11,OK,6012,1513703712,6ziv,CONTESTANT,TESTS,150,30,1843200
902,A,33423128,GNU C++,OK,2302,1513700002,7Mahfuz,CONTESTANT,TESTS,55,15,2150400
902,B,33430477,GNU C++,OK,4892,1513702592,7Mahfuz,CONTESTANT,TESTS,50,61,3686400
902,A,33413446,Java 8,WRONG_ANSWER,394,1513698094,7dan,CONTESTANT,PRETESTS,2,92,20684800
902,A,33417108,Java 8,WRONG_ANSWER,965,1513698665,7dan,CONTESTANT,PRETESTS,2,124,20684800
902,B,33422510,Java 8,OK,2128,1513699828,7dan,CONTESTANT,TESTS,50,140,20889600
902,D,33432310,Java 8,OK,5769,1513703469,7dan,CONTESTANT,TESTS,150,139,20684800
902,A,33433138,Java 8,OK,6179,1513703879,7dan,CONTESTANT,TESTS,55,140,20684800
902,A,33418439,GNU C,WRONG_ANSWER,1192,1513698892,8897360799,CONTESTANT,TESTS,47,30,1843200
902,B,33429706,GNU C,OK,4574,1513702274,8897360799,CONTESTANT,TESTS,50,31,2662400
902,A,33416640,GNU C,WRONG_ANSWER,889,1513698589,94abrar,CONTESTANT,PRETESTS,2,0,1843200
902,A,33418209,GNU C,WRONG_ANSWER,1151,1513698851,94abrar,CONTESTANT,PRETESTS,2,15,1843200
902,A,33418457,GNU C,WRONG_ANSWER,1195,1513698895,94abrar,CONTESTANT,PRETESTS,2,15,1843200
902,A,33421479,GNU C,WRONG_ANSWER,1863,1513699563,94abrar,CONTESTANT,PRETESTS,3,0,1843200
902,A,33425158,GNU C,WRONG_ANSWER,2878,1513700578,94abrar,CONTESTANT,PRETESTS,4,15,1843200
902,A,33414971,Python 3,WRONG_ANSWER,641,1513698341,958abhijith,CONTESTANT,PRETESTS,2,46,5529600
902,A,33416003,Python 3,OK,792,1513698492,958abhijith,CONTESTANT,TESTS,55,62,5529600
902,B,33426351,GNU C++11,OK,3270,1513700970,958abhijith,CONTESTANT,TESTS,50,30,2764800
902,C,33433263,GNU C++11,WRONG_ANSWER,6234,1513703934,958abhijith,CONTESTANT,PRETESTS,4,15,2048000
902,C,33433955,GNU C++11,OK,6555,1513704255,958abhijith,CONTESTANT,TESTS,45,124,7372800
902,A,33412680,C++14 (GCC 6-32),OK,187,1513697887,998kover,CONTESTANT,TESTS,55,15,1945600
902,B,33415826,C++14 (GCC 6-32),OK,768,1513698468,998kover,CONTESTANT,TESTS,50,280,31436800
902,C,33421092,C++14 (GCC 6-32),OK,1766,1513699466,998kover,CONTESTANT,TESTS,45,156,37990400
902,D,33425173,C++14 (GCC 6-32),WRONG_ANSWER,2884,1513700584,998kover,CONTESTANT,PRETESTS,0,15,37990400
902,D,33425688,C++14 (GCC 6-32),WRONG_ANSWER,3051,1513700751,998kover,CONTESTANT,PRETESTS,0,0,37990400
902,D,33433674,C++14 (GCC 6-32),WRONG_ANSWER,6414,1513704114,998kover,CONTESTANT,PRETESTS,4,15,37990400
902,D,33433767,C++14 (GCC 6-32),WRONG_ANSWER,6456,1513704156,998kover,CONTESTANT,PRETESTS,4,15,37990400
902,D,33433876,C++14 (GCC 6-32),WRONG_ANSWER,6510,1513704210,998kover,CONTESTANT,PRETESTS,5,15,37990400
902,D,33433896,C++14 (GCC 6-32),WRONG_ANSWER,6521,1513704221,998kover,CONTESTANT,PRETESTS,4,15,37990400
902,D,33434172,C++14 (GCC 6-32),WRONG_ANSWER,6658,1513704358,998kover,CONTESTANT,PRETESTS,3,15,37990400
902,D,33434278,C++14 (GCC 6-32),WRONG_ANSWER,6707,1513704407,998kover,CONTESTANT,PRETESTS,3,15,37990400
902,D,33434356,C++14 (GCC 6-32),WRONG_ANSWER,6741,1513704441,998kover,CONTESTANT,PRETESTS,0,15,37990400
902,D,33434752,C++14 (GCC 6-32),WRONG_ANSWER,6911,1513704611,998kover,CONTESTANT,PRETESTS,3,15,37990400
902,D,33434794,C++14 (GCC 6-32),WRONG_ANSWER,6930,1513704630,998kover,CONTESTANT,PRETESTS,4,15,37990400
902,D,33434825,C++14 (GCC 6-32),WRONG_ANSWER,6943,1513704643,998kover,CONTESTANT,PRETESTS,2,15,37990400
902,A,33427930,C++14 (GCC 6-32),WRONG_ANSWER,3840,1513701550,9aminul,CONTESTANT,PRETESTS,2,15,1945600
902,A,33429713,C++14 (GCC 6-32),WRONG_ANSWER,4567,1513702277,9aminul,CONTESTANT,PRETESTS,2,0,1843200
902,A,33430517,C++14 (GCC 6-32),WRONG_ANSWER,4898,1513702608,9aminul,CONTESTANT,PRETESTS,2,15,1945600
902,A,33430981,C++14 (GCC 6-32),WRONG_ANSWER,5101,1513702811,9aminul,CONTESTANT,PRETESTS,2,0,1945600
902,A,33432847,C++14 (GCC 6-32),WRONG_ANSWER,6028,1513703738,9aminul,CONTESTANT,PRETESTS,2,0,1945600
902,A,33415898,GNU C++11,OK,777,1513698477,A-Sitora,CONTESTANT,TESTS,55,15,2048000
902,A,33414933,C++14 (GCC 6-32),OK,634,1513698334,A.Magdy7,CONTESTANT,TESTS,55,15,2048000
902,B,33419440,C++14 (GCC 6-32),OK,1396,1513699096,A.Magdy7,CONTESTANT,TESTS,50,31,2560000
902,C,33425892,C++14 (GCC 6-32),WRONG_ANSWER,3117,1513700817,A.Magdy7,CONTESTANT,PRETESTS,3,15,1945600
902,C,33427207,C++14 (GCC 6-32),OK,3588,1513701288,A.Magdy7,CONTESTANT,TESTS,45,77,2252800
902,A,33414058,C++14 (GCC 6-32),WRONG_ANSWER,498,1513698198,A.m-E.r,CONTESTANT,PRETESTS,2,0,1843200
902,A,33417412,C++14 (GCC 6-32),WRONG_ANSWER,1016,1513698716,A.m-E.r,CONTESTANT,PRETESTS,4,15,1843200
902,A,33419122,C++14 (GCC 6-32),WRONG_ANSWER,1337,1513699037,A.m-E.r,CONTESTANT,PRETESTS,4,15,1843200
902,A,33421806,C++14 (GCC 6-32),WRONG_ANSWER,1940,1513699640,A.m-E.r,CONTESTANT,PRETESTS,6,15,1843200
902,A,33423333,C++14 (GCC 6-32),WRONG_ANSWER,2360,1513700060,A.m-E.r,CONTESTANT,TESTS,14,15,1945600
902,B,33432670,C++14 (GCC 6-32),OK,5950,1513703650,A.m-E.r,CONTESTANT,TESTS,50,30,1945600
902,A,33416521,GNU C++11,WRONG_ANSWER,871,1513698571,A.nassar,CONTESTANT,PRETESTS,2,15,2048000
902,A,33419309,GNU C++11,WRONG_ANSWER,1369,1513699069,A.nassar,CONTESTANT,PRETESTS,2,15,2048000
902,A,33420637,GNU C++11,WRONG_ANSWER,1657,1513699357,A.nassar,CONTESTANT,PRETESTS,2,15,2048000
902,A,33425296,GNU C++11,WRONG_ANSWER,2925,1513700625,A.nassar,CONTESTANT,PRETESTS,1,0,2048000
902,A,33425468,GNU C++11,WRONG_ANSWER,2982,1513700682,A.nassar,CONTESTANT,PRETESTS,2,15,2048000
902,A,33417401,GNU C++11,WRONG_ANSWER,1014,1513698714,A7med_S3d,CONTESTANT,PRETESTS,2,0,2048000
902,A,33426084,GNU C++11,WRONG_ANSWER,3184,1513700884,A7med_S3d,CONTESTANT,PRETESTS,2,15,2048000
902,A,33428378,GNU C++11,WRONG_ANSWER,4021,1513701721,A7med_S3d,CONTESTANT,PRETESTS,2,15,2048000
902,A,33416659,GNU C++,OK,881,1513698591,AAYES,CONTESTANT,TESTS,55,31,2048000
902,B,33422479,GNU C++,OK,2111,1513699821,AAYES,CONTESTANT,TESTS,50,15,2457600
902,C,33428958,GNU C++,WRONG_ANSWER,4252,1513701962,AAYES,CONTESTANT,PRETESTS,1,15,2867200
902,C,33430086,GNU C++,WRONG_ANSWER,4727,1513702438,AAYES,CONTESTANT,PRETESTS,4,30,2867200
902,C,33432165,GNU C++,OK,5685,1513703396,AAYES,CONTESTANT,TESTS,45,93,2867200
902,A,33414067,C++14 (GCC 6-32),WRONG_ANSWER,500,1513698200,ABID_MAHADI,CONTESTANT,PRETESTS,2,0,1843200
902,A,33415829,C++14 (GCC 6-32),WRONG_ANSWER,768,1513698468,ABID_MAHADI,CONTESTANT,PRETESTS,2,0,1945600
902,A,33420087,C++14 (GCC 6-32),WRONG_ANSWER,1532,1513699232,ABID_MAHADI,CONTESTANT,PRETESTS,2,15,1945600
902,A,33423223,C++14 (GCC 6-32),WRONG_ANSWER,2329,1513700029,ABID_MAHADI,CONTESTANT,PRETESTS,2,15,1945600
902,A,33425122,C++14 (GCC 6-32),WRONG_ANSWER,2868,1513700568,ABID_MAHADI,CONTESTANT,PRETESTS,2,15,1843200
902,A,33425499,C++14 (GCC 6-32),WRONG_ANSWER,2991,1513700691,ABID_MAHADI,CONTESTANT,PRETESTS,4,15,1843200
902,A,33426025,C++14 (GCC 6-32),WRONG_ANSWER,3159,1513700859,ABID_MAHADI,CONTESTANT,PRETESTS,0,15,1843200
902,A,33426391,C++14 (GCC 6-32),WRONG_ANSWER,3288,1513700988,ABID_MAHADI,CONTESTANT,PRETESTS,4,0,1945600
902,A,33426663,C++14 (GCC 6-32),WRONG_ANSWER,3385,1513701085,ABID_MAHADI,CONTESTANT,PRETESTS,4,31,1843200
902,A,33427287,C++14 (GCC 6-32),WRONG_ANSWER,3617,1513701317,ABID_MAHADI,CONTESTANT,PRETESTS,4,15,1843200
902,A,33427522,C++14 (GCC 6-32),WRONG_ANSWER,3707,1513701407,ABID_MAHADI,CONTESTANT,PRETESTS,4,15,1945600
902,A,33418371,GNU C++,WRONG_ANSWER,1169,1513698879,ABS48,CONTESTANT,PRETESTS,6,15,2048000
902,A,33424295,GNU C++,WRONG_ANSWER,2624,1513700324,ABS48,CONTESTANT,PRETESTS,2,15,2048000
902,A,33426069,GNU C++,OK,3177,1513700877,ABS48,CONTESTANT,TESTS,55,15,2048000
902,A,33420965,C++14 (GCC 6-32),WRONG_ANSWER,1736,1513699436,ACAA06,CONTESTANT,PRETESTS,2,15,1945600
902,A,33421820,C++14 (GCC 6-32),WRONG_ANSWER,1946,1513699646,ACAA06,CONTESTANT,PRETESTS,2,15,1843200
902,A,33422457,C++14 (GCC 6-32),WRONG_ANSWER,2113,1513699813,ACAA06,CONTESTANT,PRETESTS,2,15,1843200
902,A,33424459,C++14 (GCC 6-32),WRONG_ANSWER,2675,1513700375,ACAA06,CONTESTANT,PRETESTS,2,15,1843200
902,A,33423411,C++14 (GCC 6-32),OK,2382,1513700082,ACGoxy,CONTESTANT,TESTS,55,15,2867200
902,B,33429212,C++14 (GCC 6-32),OK,4362,1513702062,ACGoxy,CONTESTANT,TESTS,50,31,2457600
902,A,33416650,GNU C++11,WRONG_ANSWER,890,1513698590,AIM_SAW,CONTESTANT,PRETESTS,2,0,2048000
902,A,33417429,GNU C++11,WRONG_ANSWER,1018,1513698718,AIM_SAW,CONTESTANT,PRETESTS,1,15,2048000
902,A,33417757,GNU C++11,WRONG_ANSWER,1077,1513698777,AIM_SAW,CONTESTANT,PRETESTS,2,15,2048000
902,A,33419800,GNU C++11,WRONG_ANSWER,1468,1513699168,AIM_SAW,CONTESTANT,PRETESTS,4,30,2048000
902,A,33421767,GNU C++11,CHALLENGED,1931,1513699631,AIM_SAW,CONTESTANT,CHALLENGES,8,15,2048000
902,A,33421825,C++14 (GCC 6-32),OK,1947,1513699647,AJAY_VAIBHAV,CONTESTANT,TESTS,55,15,1945600
902,B,33428494,C++14 (GCC 6-32),OK,4072,1513701772,AJAY_VAIBHAV,CONTESTANT,TESTS,50,46,2560000
902,A,33413336,GNU C++11,TIME_LIMIT_EXCEEDED,372,1513698072,ANDREYDEN,CONTESTANT,PRETESTS,2,1000,2048000
902,A,33414014,GNU C++11,CHALLENGED,490,1513698190,ANDREYDEN,CONTESTANT,CHALLENGES,8,15,2048000
902,B,33418906,GNU C++11,OK,1286,1513698986,ANDREYDEN,CONTESTANT,TESTS,50,31,2560000
902,C,33425225,GNU C++11,WRONG_ANSWER,2901,1513700601,ANDREYDEN,CONTESTANT,PRETESTS,3,15,2048000
902,C,33425904,GNU C++11,WRONG_ANSWER,3121,1513700821,ANDREYDEN,CONTESTANT,PRETESTS,5,15,2048000
902,C,33427056,GNU C++11,OK,3528,1513701228,ANDREYDEN,CONTESTANT,TESTS,45,249,5120000
902,A,33412849,PHP,WRONG_ANSWER,257,1513697967,ANTIMIRAGE,CONTESTANT,PRETESTS,0,15,5939200
902,A,33413041,C++14 (GCC 6-32),OK,306,1513698017,ANTIMIRAGE,CONTESTANT,TESTS,55,15,1945600
902,B,33416556,C++14 (GCC 6-32),OK,866,1513698577,ANTIMIRAGE,CONTESTANT,TESTS,50,30,2457600
902,C,33424131,C++14 (GCC 6-32),WRONG_ANSWER,2569,1513700279,ANTIMIRAGE,CONTESTANT,PRETESTS,12,78,4198400
902,C,33424733,C++14 (GCC 6-32),WRONG_ANSWER,2741,1513700452,ANTIMIRAGE,CONTESTANT,PRETESTS,12,78,4198400
902,C,33427196,C++14 (GCC 6-32),OK,3576,1513701286,ANTIMIRAGE,CONTESTANT,TESTS,45,108,9523200
902,A,33418139,GNU C++11,WRONG_ANSWER,1139,1513698839,ANUBA,CONTESTANT,PRETESTS,3,15,2048000
902,A,33413506,C++14 (GCC 6-32),WRONG_ANSWER,405,1513698105,ARMACOTY,CONTESTANT,PRETESTS,3,15,1843200
902,A,33413867,C++14 (GCC 6-32),OK,464,1513698164,ARMACOTY,CONTESTANT,TESTS,55,15,1945600
902,B,33421456,C++14 (GCC 6-32),OK,1855,1513699555,ARMACOTY,CONTESTANT,TESTS,50,31,2867200
902,C,33425857,C++14 (GCC 6-32),OK,3107,1513700807,ARMACOTY,CONTESTANT,TESTS,45,140,2252800
902,A,33413996,C++14 (GCC 6-32),COMPILATION_ERROR,477,1513698187,AR_Mahee,CONTESTANT,PRETESTS,0,0,0
902,A,33414335,C++14 (GCC 6-32),WRONG_ANSWER,529,1513698239,AR_Mahee,CONTESTANT,PRETESTS,2,15,1945600
902,A,33415650,C++14 (GCC 6-32),OK,730,1513698440,AR_Mahee,CONTESTANT,TESTS,55,15,1945600
902,B,33433611,C++14 (GCC 6-32),WRONG_ANSWER,6377,1513704088,AR_Mahee,CONTESTANT,PRETESTS,9,31,1945600
902,B,33435293,C++14 (GCC 6-32),WRONG_ANSWER,7092,1513704802,AR_Mahee,CONTESTANT,PRETESTS,9,15,1945600
902,B,33435702,C++14 (GCC 6-32),OK,7197,1513704908,AR_Mahee,CONTESTANT,TESTS,50,61,1945600
902,A,33418916,GNU C++11,WRONG_ANSWER,1288,1513698988,AR_Nirob,CONTESTANT,PRETESTS,3,15,2048000
902,A,33420300,GNU C++11,WRONG_ANSWER,1578,1513699278,AR_Nirob,CONTESTANT,PRETESTS,4,0,2048000
902,A,33421961,GNU C++11,WRONG_ANSWER,1983,1513699683,AR_Nirob,CONTESTANT,PRETESTS,4,15,2048000
902,A,33425582,GNU C++11,WRONG_ANSWER,3018,1513700718,AR_Nirob,CONTESTANT,PRETESTS,2,0,2048000
902,A,33429341,GNU C++11,OK,4415,1513702115,AR_Nirob,CONTESTANT,TESTS,55,15,2048000
902,A,33418435,C++14 (GCC 6-32),WRONG_ANSWER,1192,1513698892,ARooike,CONTESTANT,TESTS,16,15,1945600
902,B,33424841,C++14 (GCC 6-32),OK,2783,1513700483,ARooike,CONTESTANT,TESTS,50,31,1945600
902,A,33415602,GNU C++11,SKIPPED,734,1513698434,ASIB,CONTESTANT,PRETESTS,8,15,2048000
902,B,33422991,GNU C++11,OK,2256,1513699956,ASIB,CONTESTANT,TESTS,50,31,3993600
902,C,33430620,GNU C++11,OK,4958,1513702658,ASIB,CONTESTANT,TESTS,45,218,8089600
902,A,33432691,GNU C++11,OK,5959,1513703659,ASIB,CONTESTANT,TESTS,55,15,2048000
902,A,33413989,GNU C++11,OK,476,1513698187,AStanev,CONTESTANT,TESTS,55,15,2048000
902,B,33422130,GNU C++11,OK,2010,1513699721,AStanev,CONTESTANT,TESTS,50,46,2560000
902,C,33427367,GNU C++11,OK,3637,1513701347,AStanev,CONTESTANT,TESTS,45,327,5427200
902,A,33412927,GNU C++11,OK,282,1513697992,AStepanov,CONTESTANT,TESTS,55,31,2048000
902,B,33413964,GNU C++11,OK,472,1513698182,AStepanov,CONTESTANT,TESTS,50,31,2150400
902,C,33419148,C++14 (GCC 6-32),OK,1340,1513699040,AStepanov,CONTESTANT,TESTS,45,93,5222400
902,A,33415532,GNU C++11,WRONG_ANSWER,726,1513698426,ATG,CONTESTANT,PRETESTS,2,15,2048000
902,A,33415983,GNU C++11,WRONG_ANSWER,791,1513698491,ATG,CONTESTANT,PRETESTS,1,0,2048000
902,A,33417143,GNU C++11,WRONG_ANSWER,971,1513698671,ATG,CONTESTANT,PRETESTS,4,15,2048000
902,A,33420243,GNU C++11,WRONG_ANSWER,1568,1513699268,ATG,CONTESTANT,PRETESTS,2,0,2048000
902,A,33422483,GNU C++11,WRONG_ANSWER,2122,1513699822,ATG,CONTESTANT,PRETESTS,4,15,2048000
902,A,33424371,GNU C++11,WRONG_ANSWER,2644,1513700344,ATG,CONTESTANT,PRETESTS,4,31,2048000
902,A,33425978,GNU C++11,WRONG_ANSWER,3144,1513700844,ATG,CONTESTANT,PRETESTS,4,15,2048000
902,A,33427126,GNU C++11,WRONG_ANSWER,3552,1513701252,ATG,CONTESTANT,PRETESTS,4,15,2048000
902,A,33416984,C++14 (GCC 6-32),OK,942,1513698642,AV1502,CONTESTANT,TESTS,55,15,1945600
902,A,33418484,C++14 (GCC 6-32),WRONG_ANSWER,1190,1513698900,A_98,CONTESTANT,PRETESTS,2,0,1945600
902,A,33420625,C++14 (GCC 6-32),WRONG_ANSWER,1643,1513699354,A_98,CONTESTANT,PRETESTS,2,15,1843200
902,A,33421321,C++14 (GCC 6-32),WRONG_ANSWER,1813,1513699524,A_98,CONTESTANT,PRETESTS,2,0,1945600
902,A,33425820,C++14 (GCC 6-32),WRONG_ANSWER,3084,1513700795,A_98,CONTESTANT,PRETESTS,2,15,1945600
902,A,33426499,C++14 (GCC 6-32),WRONG_ANSWER,3312,1513701022,A_98,CONTESTANT,PRETESTS,2,15,1843200
902,A,33427653,C++14 (GCC 6-32),WRONG_ANSWER,3738,1513701448,A_98,CONTESTANT,PRETESTS,2,15,1843200
902,A,33430548,C++14 (GCC 6-32),WRONG_ANSWER,4913,1513702623,A_98,CONTESTANT,PRETESTS,2,15,1843200
902,A,33432660,C++14 (GCC 6-32),WRONG_ANSWER,5936,1513703646,A_98,CONTESTANT,PRETESTS,2,15,1945600
902,A,33435505,C++14 (GCC 6-32),WRONG_ANSWER,7154,1513704865,A_98,CONTESTANT,TESTS,47,15,1945600
902,A,33413462,C++14 (GCC 6-32),OK,386,1513698097,A_Alex_L,CONTESTANT,TESTS,55,15,1945600
902,B,33421893,C++14 (GCC 6-32),OK,1953,1513699664,A_Alex_L,CONTESTANT,TESTS,50,234,2355200
902,C,33426925,C++14 (GCC 6-32),WRONG_ANSWER,3468,1513701178,A_Alex_L,CONTESTANT,PRETESTS,1,15,1843200
902,C,33427161,C++14 (GCC 6-32),OK,3558,1513701269,A_Alex_L,CONTESTANT,TESTS,45,140,2969600
902,B,33420500,C++14 (GCC 6-32),WRONG_ANSWER,1614,1513699324,Aaaaaaaaaaaaaab,CONTESTANT,PRETESTS,9,15,2560000
902,A,33421128,C++14 (GCC 6-32),OK,1766,1513699476,Aaaaaaaaaaaaaab,CONTESTANT,TESTS,55,15,1945600
902,B,33422730,C++14 (GCC 6-32),OK,2179,1513699889,Aaaaaaaaaaaaaab,CONTESTANT,TESTS,50,46,2560000
902,C,33426737,C++14 (GCC 6-32),OK,3401,1513701111,Aaaaaaaaaaaaaab,CONTESTANT,TESTS,45,171,9113600
902,A,33412889,C++14 (GCC 6-32),WRONG_ANSWER,280,1513697980,Aagii1,CONTESTANT,PRETESTS,2,0,1945600
902,A,33413361,C++14 (GCC 6-32),WRONG_ANSWER,378,1513698078,Aagii1,CONTESTANT,PRETESTS,2,15,1843200
902,A,33413928,C++14 (GCC 6-32),OK,476,1513698176,Aagii1,CONTESTANT,TESTS,55,15,1945600
902,B,33418789,C++14 (GCC 6-32),OK,1259,1513698959,Aagii1,CONTESTANT,TESTS,50,31,2560000
902,C,33430230,C++14 (GCC 6-32),WRONG_ANSWER,4793,1513702493,Aagii1,CONTESTANT,PRETESTS,1,15,3072000
902,C,33431053,C++14 (GCC 6-32),OK,5143,1513702843,Aagii1,CONTESTANT,TESTS,45,108,3072000
902,A,33422176,GNU C++11,OK,2032,1513699732,Aaronus23,CONTESTANT,TESTS,55,15,2048000
902,B,33426885,GNU C++11,OK,3465,1513701165,Aaronus23,CONTESTANT,TESTS,50,46,2150400
902,C,33433300,GNU C++11,WRONG_ANSWER,6248,1513703948,Aaronus23,CONTESTANT,PRETESTS,1,0,2867200
902,C,33433676,GNU C++11,WRONG_ANSWER,6415,1513704115,Aaronus23,CONTESTANT,PRETESTS,4,15,2867200
902,A,33413066,C++14 (GCC 6-32),WRONG_ANSWER,323,1513698023,AayushAC,CONTESTANT,PRETESTS,4,15,1843200
902,A,33419161,C++14 (GCC 6-32),OK,1332,1513699043,AayushAC,CONTESTANT,TESTS,55,15,1945600
902,B,33425281,C++14 (GCC 6-32),WRONG_ANSWER,2919,1513700619,AayushAC,CONTESTANT,PRETESTS,0,0,3891200
902,B,33425661,C++14 (GCC 6-32),OK,3041,1513700741,AayushAC,CONTESTANT,TESTS,50,15,4403200
902,C,33435179,C++14 (GCC 6-32),WRONG_ANSWER,7065,1513704765,AayushAC,CONTESTANT,PRETESTS,3,0,3072000
902,A,33421644,C++14 (GCC 6-32),WRONG_ANSWER,1901,1513699601,AayushSurana,CONTESTANT,PRETESTS,5,15,2457600
902,A,33423157,C++14 (GCC 6-32),OK,2311,1513700011,AayushSurana,CONTESTANT,TESTS,55,15,2457600
902,B,33426429,C++14 (GCC 6-32),OK,3298,1513700998,AayushSurana,CONTESTANT,TESTS,50,46,4915200
902,C,33430718,C++14 (GCC 6-32),WRONG_ANSWER,5002,1513702702,AayushSurana,CONTESTANT,PRETESTS,1,15,3481600
902,C,33431410,C++14 (GCC 6-32),RUNTIME_ERROR,5315,1513703015,AayushSurana,CONTESTANT,PRETESTS,5,31,3481600
902,C,33433535,GNU C++,WRONG_ANSWER,6347,1513704047,AayushSurana,CONTESTANT,PRETESTS,5,15,4505600
902,C,33433960,GNU C++,WRONG_ANSWER,6557,1513704257,AayushSurana,CONTESTANT,PRETESTS,5,15,4505600
902,C,33434241,GNU C++,OK,6688,1513704388,AayushSurana,CONTESTANT,TESTS,45,312,4505600
902,A,33420946,C++14 (GCC 6-32),OK,1719,1513699430,Abdalla,CONTESTANT,TESTS,55,15,2048000
902,B,33432937,C++14 (GCC 6-32),OK,6072,1513703782,Abdalla,CONTESTANT,TESTS,50,31,2457600
902,A,33421940,C++14 (GCC 6-32),COMPILATION_ERROR,1976,1513699676,AbdelghafourMourchid,CONTESTANT,PRETESTS,0,0,0
902,A,33422136,C++14 (GCC 6-32),COMPILATION_ERROR,2023,1513699723,AbdelghafourMourchid,CONTESTANT,PRETESTS,0,0,0
902,A,33422302,C++14 (GCC 6-32),WRONG_ANSWER,2065,1513699765,AbdelghafourMourchid,CONTESTANT,PRETESTS,5,15,1945600
902,A,33422531,C++14 (GCC 6-32),WRONG_ANSWER,2134,1513699834,AbdelghafourMourchid,CONTESTANT,PRETESTS,5,15,1945600
902,A,33430198,C++14 (GCC 6-32),OK,4779,1513702479,AbdelghafourMourchid,CONTESTANT,TESTS,55,15,1945600
902,A,33417348,GNU C++11,WRONG_ANSWER,996,1513698706,AbdelrhmanRafaat,CONTESTANT,PRETESTS,2,0,2048000
902,A,33418264,GNU C++11,WRONG_ANSWER,1151,1513698862,AbdelrhmanRafaat,CONTESTANT,PRETESTS,2,15,2048000
902,A,33422595,GNU C++11,OK,2142,1513699853,AbdelrhmanRafaat,CONTESTANT,TESTS,55,15,2048000
902,A,33415251,GNU C++11,WRONG_ANSWER,684,1513698384,Abdelrhman_Akram,CONTESTANT,PRETESTS,4,15,2048000
902,A,33416989,GNU C++11,OK,943,1513698643,Abdelrhman_Akram,CONTESTANT,TESTS,55,31,2048000
902,B,33420765,GNU C++11,OK,1691,1513699391,Abdelrhman_Akram,CONTESTANT,TESTS,50,31,2560000
902,C,33427339,GNU C++11,OK,3639,1513701339,Abdelrhman_Akram,CONTESTANT,TESTS,45,280,10444800
902,A,33414668,C++14 (GCC 6-32),WRONG_ANSWER,591,1513698291,Abdo_Naser,CONTESTANT,PRETESTS,3,15,1945600
902,A,33419670,C++14 (GCC 6-32),OK,1443,1513699143,Abdo_Naser,CONTESTANT,TESTS,55,15,1945600
902,A,33413285,C++14 (GCC 6-32),WRONG_ANSWER,365,1513698065,Abdullah,CONTESTANT,PRETESTS,4,15,1945600
902,A,33414982,C++14 (GCC 6-32),OK,643,1513698343,Abdullah,CONTESTANT,TESTS,55,15,1945600
902,B,33419218,C++14 (GCC 6-32),OK,1343,1513699053,Abdullah,CONTESTANT,TESTS,50,31,2457600
902,C,33424869,C++14 (GCC 6-32),WRONG_ANSWER,2789,1513700489,Abdullah,CONTESTANT,PRETESTS,1,15,1843200
902,C,33426829,C++14 (GCC 6-32),OK,3444,1513701144,Abdullah,CONTESTANT,TESTS,45,93,4915200
902,A,33413412,Java 8,OK,388,1513698088,Abdullah_Abu_Alrish,CONTESTANT,TESTS,55,124,20684800
902,B,33421360,Java 8,WRONG_ANSWER,1833,1513699533,Abdullah_Abu_Alrish,CONTESTANT,PRETESTS,2,93,20582400
902,B,33421647,Java 8,OK,1902,1513699602,Abdullah_Abu_Alrish,CONTESTANT,TESTS,50,155,21196800
902,C,33433557,Java 8,WRONG_ANSWER,6360,1513704060,Abdullah_Abu_Alrish,CONTESTANT,PRETESTS,1,93,20684800
902,A,33416895,C++14 (GCC 6-32),WRONG_ANSWER,929,1513698629,Abeer_Mustafa,CONTESTANT,PRETESTS,2,15,1945600
902,A,33417572,C++14 (GCC 6-32),WRONG_ANSWER,1044,1513698744,Abeer_Mustafa,CONTESTANT,PRETESTS,2,15,1843200
902,A,33418314,C++14 (GCC 6-32),WRONG_ANSWER,1170,1513698870,Abeer_Mustafa,CONTESTANT,PRETESTS,2,15,1945600
902,A,33427914,C++14 (GCC 6-32),WRONG_ANSWER,3845,1513701545,Abeer_Mustafa,CONTESTANT,PRETESTS,2,15,1945600
902,A,33419399,GNU C,COMPILATION_ERROR,1384,1513699084,Abhi1998,CONTESTANT,PRETESTS,0,0,0
902,A,33419486,GNU C++,WRONG_ANSWER,1405,1513699105,Abhi1998,CONTESTANT,PRETESTS,2,15,2048000
902,A,33420535,GNU C++,WRONG_ANSWER,1635,1513699335,Abhi1998,CONTESTANT,PRETESTS,2,15,2048000
902,A,33421774,GNU C++,WRONG_ANSWER,1934,1513699634,Abhi1998,CONTESTANT,PRETESTS,2,15,2048000
902,A,33423477,GNU C++,WRONG_ANSWER,2399,1513700099,Abhi1998,CONTESTANT,PRETESTS,2,15,2048000
902,A,33426022,GNU C++,OK,3158,1513700858,Abhi1998,CONTESTANT,TESTS,55,15,2048000
902,A,33413748,C++14 (GCC 6-32),SKIPPED,445,1513698145,AbhiTaker,CONTESTANT,PRETESTS,8,15,1945600
902,B,33418138,C++14 (GCC 6-32),OK,1139,1513698839,AbhiTaker,CONTESTANT,TESTS,50,31,30515200
902,C,33423122,C++14 (GCC 6-32),OK,2300,1513700000,AbhiTaker,CONTESTANT,TESTS,45,93,9932800
902,A,33424123,C++14 (GCC 6-32),OK,2576,1513700276,AbhiTaker,CONTESTANT,TESTS,55,15,1945600
902,A,33417400,GNU C++11,WRONG_ANSWER,1014,1513698714,Abhishek_8,CONTESTANT,PRETESTS,6,15,2048000
902,A,33419442,GNU C++11,WRONG_ANSWER,1396,1513699096,Abhishek_8,CONTESTANT,TESTS,11,15,2048000
902,B,33422387,GNU C++11,OK,2095,1513699795,Abhishek_8,CONTESTANT,TESTS,50,31,2560000
902,C,33428148,GNU C++11,WRONG_ANSWER,3936,1513701636,Abhishek_8,CONTESTANT,PRETESTS,1,15,3686400
902,C,33429420,GNU C++11,WRONG_ANSWER,4451,1513702151,Abhishek_8,CONTESTANT,PRETESTS,4,15,3686400
902,C,33430291,GNU C++11,WRONG_ANSWER,4813,1513702513,Abhishek_8,CONTESTANT,TESTS,13,233,3686400
902,A,33422958,C++14 (GCC 6-32),OK,2249,1513699949,AbirRahman,CONTESTANT,TESTS,55,15,1945600
902,A,33413056,C++14 (GCC 6-32),OK,321,1513698021,AbolfazlB3,CONTESTANT,TESTS,55,15,2867200
902,B,33415724,C++14 (GCC 6-32),OK,751,1513698451,AbolfazlB3,CONTESTANT,TESTS,50,15,2560000
902,C,33423660,C++14 (GCC 6-32),WRONG_ANSWER,2449,1513700149,AbolfazlB3,CONTESTANT,TESTS,13,78,3481600
902,D,33428719,C++14 (GCC 6-32),WRONG_ANSWER,4168,1513701868,AbolfazlB3,CONTESTANT,PRETESTS,3,15,1843200
902,A,33415575,C++14 (GCC 6-32),WRONG_ANSWER,731,1513698431,Absur_Siam,CONTESTANT,PRETESTS,2,15,1843200
902,A,33416133,C++14 (GCC 6-32),WRONG_ANSWER,812,1513698512,Absur_Siam,CONTESTANT,PRETESTS,2,15,1843200
902,A,33421332,C++14 (GCC 6-32),WRONG_ANSWER,1826,1513699526,Absur_Siam,CONTESTANT,PRETESTS,0,0,1843200
902,A,33422922,C++14 (GCC 6-32),WRONG_ANSWER,2241,1513699941,Absur_Siam,CONTESTANT,PRETESTS,2,15,1843200
902,A,33424636,C++14 (GCC 6-32),TIME_LIMIT_EXCEEDED,2715,1513700425,Abukhadijah,CONTESTANT,PRETESTS,2,1000,1843200
902,A,33425172,C++14 (GCC 6-32),WRONG_ANSWER,2872,1513700582,Abukhadijah,CONTESTANT,PRETESTS,0,0,1843200
902,A,33425653,C++14 (GCC 6-32),TIME_LIMIT_EXCEEDED,3028,1513700738,Abukhadijah,CONTESTANT,PRETESTS,2,1000,1945600
902,A,33426613,C++14 (GCC 6-32),WRONG_ANSWER,3357,1513701068,Abukhadijah,CONTESTANT,PRETESTS,3,15,1843200
902,A,33427037,C++14 (GCC 6-32),WRONG_ANSWER,3508,1513701219,Abukhadijah,CONTESTANT,PRETESTS,3,15,1843200
902,A,33428211,C++14 (GCC 6-32),WRONG_ANSWER,3950,1513701660,Abukhadijah,CONTESTANT,PRETESTS,4,0,1843200
902,A,33428692,C++14 (GCC 6-32),WRONG_ANSWER,4148,1513701858,Abukhadijah,CONTESTANT,PRETESTS,4,0,1843200
902,A,33422198,MS C++,COMPILATION_ERROR,2036,1513699736,AcAmer,CONTESTANT,PRETESTS,0,0,0
902,A,33422364,C++14 (GCC 6-32),WRONG_ANSWER,2086,1513699786,AcAmer,CONTESTANT,PRETESTS,4,15,1945600
902,A,33428510,C++14 (GCC 6-32),TIME_LIMIT_EXCEEDED,4079,1513701779,AcAmer,CONTESTANT,PRETESTS,2,1000,1945600
902,A,33430818,C++14 (GCC 6-32),TIME_LIMIT_EXCEEDED,5043,1513702743,AcAmer,CONTESTANT,PRETESTS,2,1000,1843200
902,A,33422329,C++14 (GCC 6-32),WRONG_ANSWER,2073,1513699773,AcFreak,CONTESTANT,PRETESTS,5,15,1945600
902,A,33424568,C++14 (GCC 6-32),OK,2705,1513700405,AcFreak,CONTESTANT,TESTS,55,15,1945600
902,B,33432353,C++14 (GCC 6-32),OK,5789,1513703489,AcFreak,CONTESTANT,TESTS,50,31,2355200
902,C,33435690,C++14 (GCC 6-32),WRONG_ANSWER,7199,1513704899,AcFreak,CONTESTANT,PRETESTS,1,0,1843200
902,A,33415810,C++14 (GCC 6-32),WRONG_ANSWER,766,1513698466,Ace201m,CONTESTANT,PRETESTS,2,15,1945600
902,A,33416778,C++14 (GCC 6-32),WRONG_ANSWER,912,1513698612,Ace201m,CONTESTANT,PRETESTS,2,15,1945600
902,A,33420301,C++14 (GCC 6-32),WRONG_ANSWER,1578,1513699278,Ace201m,CONTESTANT,PRETESTS,5,15,1843200
902,A,33424444,C++14 (GCC 6-32),WRONG_ANSWER,2671,1513700371,Ace201m,CONTESTANT,PRETESTS,5,15,1945600
902,B,33429246,C++14 (GCC 6-32),OK,4375,1513702075,Ace201m,CONTESTANT,TESTS,50,30,2764800
902,C,33433494,C++14 (GCC 6-32),WRONG_ANSWER,6332,1513704032,Ace201m,CONTESTANT,PRETESTS,3,15,1843200
902,A,33413227,GNU C++11,OK,355,1513698055,Ace_02,CONTESTANT,TESTS,55,15,2048000
902,B,33417104,GNU C++11,OK,963,1513698663,Ace_02,CONTESTANT,TESTS,50,15,2560000
902,C,33421837,GNU C++11,WRONG_ANSWER,1949,1513699649,Ace_02,CONTESTANT,PRETESTS,3,15,3276800
902,C,33423109,GNU C++11,WRONG_ANSWER,2294,1513699994,Ace_02,CONTESTANT,PRETESTS,5,15,3276800
902,C,33423315,GNU C++11,OK,2355,1513700055,Ace_02,CONTESTANT,TESTS,45,124,3276800
902,A,33429179,GNU C++,WRONG_ANSWER,4349,1513702049,Aczar,CONTESTANT,PRETESTS,2,0,2048000
902,A,33431225,GNU C++,OK,5227,1513702927,Aczar,CONTESTANT,TESTS,55,15,2048000
902,A,33412650,C++14 (GCC 6-32),WRONG_ANSWER,157,1513697857,Addy,CONTESTANT,PRETESTS,3,15,1843200
902,A,33412693,C++14 (GCC 6-32),OK,199,1513697899,Addy,CONTESTANT,TESTS,55,15,1945600
902,B,33414482,C++14 (GCC 6-32),OK,563,1513698263,Addy,CONTESTANT,TESTS,50,30,2662400
902,C,33423608,C++14 (GCC 6-32),WRONG_ANSWER,2433,1513700133,Addy,CONTESTANT,PRETESTS,3,15,6860800
902,C,33426259,C++14 (GCC 6-32),RUNTIME_ERROR,3241,1513700941,Addy,CONTESTANT,PRETESTS,12,15,8294400
902,C,33426430,C++14 (GCC 6-32),OK,3298,1513700998,Addy,CONTESTANT,TESTS,45,155,20582400
902,D,33433552,C++14 (GCC 6-32),WRONG_ANSWER,6358,1513704058,Addy,CONTESTANT,PRETESTS,0,0,1843200
902,D,33434818,C++14 (GCC 6-32),WRONG_ANSWER,6940,1513704640,Addy,CONTESTANT,PRETESTS,1,0,1945600
902,D,33435372,C++14 (GCC 6-32),WRONG_ANSWER,7126,1513704826,Addy,CONTESTANT,PRETESTS,1,15,1843200
902,D,33435611,C++14 (GCC 6-32),WRONG_ANSWER,7186,1513704886,Addy,CONTESTANT,PRETESTS,1,15,1843200
902,A,33415742,GNU C++,OK,755,1513698455,Adhami,CONTESTANT,TESTS,55,15,2048000
902,B,33422047,GNU C++,OK,2003,1513699703,Adhami,CONTESTANT,TESTS,50,15,2457600
902,C,33427366,GNU C++,WRONG_ANSWER,3647,1513701347,Adhami,CONTESTANT,PRETESTS,1,15,2457600
902,C,33428243,GNU C++,WRONG_ANSWER,3971,1513701671,Adhami,CONTESTANT,PRETESTS,3,15,2457600
902,C,33428511,GNU C++,OK,4080,1513701780,Adhami,CONTESTANT,TESTS,45,108,2457600
902,A,33416319,GNU C++11,OK,829,1513698540,AdiZer0,CONTESTANT,TESTS,55,15,2048000
902,B,33425265,GNU C++11,OK,2903,1513700614,AdiZer0,CONTESTANT,TESTS,50,62,23449600
902,C,33431117,GNU C++11,WRONG_ANSWER,5160,1513702871,AdiZer0,CONTESTANT,PRETESTS,4,15,6041600
902,C,33432094,GNU C++11,OK,5649,1513703359,AdiZer0,CONTESTANT,TESTS,45,311,6041600
902,A,33415629,C++14 (GCC 6-32),WRONG_ANSWER,737,1513698437,Adibov,CONTESTANT,PRETESTS,2,15,1945600
902,A,33416810,C++14 (GCC 6-32),WRONG_ANSWER,906,1513698616,Adibov,CONTESTANT,PRETESTS,2,0,1945600
902,A,33418519,C++14 (GCC 6-32),WRONG_ANSWER,1197,1513698907,Adibov,CONTESTANT,PRETESTS,2,0,1945600
902,A,33419075,C++14 (GCC 6-32),OK,1316,1513699026,Adibov,CONTESTANT,TESTS,55,15,1945600
902,B,33424126,C++14 (GCC 6-32),OK,2567,1513700277,Adibov,CONTESTANT,TESTS,50,249,2560000
902,C,33430089,C++14 (GCC 6-32),WRONG_ANSWER,4730,1513702440,Adibov,CONTESTANT,PRETESTS,4,0,2662400
902,C,33435394,C++14 (GCC 6-32),WRONG_ANSWER,7122,1513704832,Adibov,CONTESTANT,PRETESTS,4,15,3481600
902,A,33432601,GNU C++11,CHALLENGED,5918,1513703618,Adinator007,CONTESTANT,CHALLENGES,8,15,2048000
902,B,33435361,GNU C++11,OK,7123,1513704823,Adinator007,CONTESTANT,TESTS,50,46,2560000
902,A,33415374,C++14 (GCC 6-32),OK,703,1513698403,Adish_Agarwal,CONTESTANT,TESTS,55,15,1945600
902,B,33418707,C++14 (GCC 6-32),OK,1244,1513698944,Adish_Agarwal,CONTESTANT,TESTS,50,31,2457600
902,C,33427308,C++14 (GCC 6-32),WRONG_ANSWER,3631,1513701331,Adish_Agarwal,CONTESTANT,PRETESTS,1,0,2150400
902,C,33432396,C++14 (GCC 6-32),WRONG_ANSWER,5814,1513703514,Adish_Agarwal,CONTESTANT,TESTS,37,140,4915200
902,A,33416741,Java 8,WRONG_ANSWER,895,1513698606,Adit_Shah,CONTESTANT,PRETESTS,3,109,20684800
902,A,33419358,Java 8,WRONG_ANSWER,1375,1513699075,Adit_Shah,CONTESTANT,PRETESTS,3,109,20684800
902,A,33421163,Java 8,OK,1774,1513699485,Adit_Shah,CONTESTANT,TESTS,55,140,20684800
902,B,33426082,Java 8,OK,3172,1513700882,Adit_Shah,CONTESTANT,TESTS,50,124,20684800
902,A,33419080,C++14 (GCC 6-32),OK,1327,1513699027,AdityaBararia,CONTESTANT,TESTS,55,15,2150400
902,A,33422657,C++14 (GCC 6-32),RUNTIME_ERROR,2160,1513699870,Adoki,CONTESTANT,PRETESTS,0,15,1843200
902,A,33424606,C++14 (GCC 6-32),WRONG_ANSWER,2717,1513700417,AdolfoAiresSchneider,CONTESTANT,TESTS,11,15,1945600
902,B,33431167,C++14 (GCC 6-32),WRONG_ANSWER,5201,1513702901,AdolfoAiresSchneider,CONTESTANT,PRETESTS,1,15,2048000
902,B,33434931,C++14 (GCC 6-32),OK,6979,1513704679,AdolfoAiresSchneider,CONTESTANT,TESTS,50,15,2457600
902,A,33422092,C++14 (GCC 6-32),WRONG_ANSWER,2011,1513699711,AeroChord,CONTESTANT,PRETESTS,2,0,1843200
902,A,33422409,C++14 (GCC 6-32),WRONG_ANSWER,2102,1513699802,AeroChord,CONTESTANT,PRETESTS,2,15,1843200
902,A,33423623,C++14 (GCC 6-32),WRONG_ANSWER,2438,1513700138,AeroChord,CONTESTANT,PRETESTS,2,0,1843200
902,A,33426021,C++14 (GCC 6-32),OK,3157,1513700857,AeroChord,CONTESTANT,TESTS,55,15,1945600
902,B,33430438,C++14 (GCC 6-32),RUNTIME_ERROR,4876,1513702576,AeroChord,CONTESTANT,PRETESTS,5,15,5939200
902,B,33430578,C++14 (GCC 6-32),MEMORY_LIMIT_EXCEEDED,4937,1513702637,AeroChord,CONTESTANT,PRETESTS,0,15,268390400
902,B,33431087,C++14 (GCC 6-32),MEMORY_LIMIT_EXCEEDED,5157,1513702857,AeroChord,CONTESTANT,PRETESTS,0,0,268390400
902,B,33431185,C++14 (GCC 6-32),RUNTIME_ERROR,5209,1513702909,AeroChord,CONTESTANT,PRETESTS,5,15,102092800
902,B,33431321,C++14 (GCC 6-32),RUNTIME_ERROR,5270,1513702970,AeroChord,CONTESTANT,PRETESTS,5,15,198348800
902,B,33431402,C++14 (GCC 6-32),RUNTIME_ERROR,5312,1513703012,AeroChord,CONTESTANT,PRETESTS,5,15,198348800
902,B,33432168,C++14 (GCC 6-32),WRONG_ANSWER,5696,1513703396,AeroChord,CONTESTANT,PRETESTS,0,0,2048000
902,B,33432380,C++14 (GCC 6-32),OK,5801,1513703501,AeroChord,CONTESTANT,TESTS,50,46,2560000
902,A,33415474,C++14 (GCC 6-32),WRONG_ANSWER,707,1513698417,AeroDancer,CONTESTANT,PRETESTS,4,15,1843200
902,A,33418164,C++14 (GCC 6-32),WRONG_ANSWER,1132,1513698843,AeroDancer,CONTESTANT,PRETESTS,2,15,1945600
902,A,33419910,C++14 (GCC 6-32),WRONG_ANSWER,1482,1513699193,AeroDancer,CONTESTANT,PRETESTS,4,15,1945600
902,A,33420733,C++14 (GCC 6-32),WRONG_ANSWER,1670,1513699380,AeroDancer,CONTESTANT,PRETESTS,4,15,1843200
902,A,33422668,C++14 (GCC 6-32),WRONG_ANSWER,2162,1513699873,AeroDancer,CONTESTANT,PRETESTS,2,15,1945600
902,A,33423703,C++14 (GCC 6-32),WRONG_ANSWER,2453,1513700164,AeroDancer,CONTESTANT,PRETESTS,4,15,1843200
902,A,33426039,C++14 (GCC 6-32),WRONG_ANSWER,3156,1513700866,AeroDancer,CONTESTANT,PRETESTS,4,15,1945600
902,A,33426855,C++14 (GCC 6-32),WRONG_ANSWER,3446,1513701156,AeroDancer,CONTESTANT,PRETESTS,4,15,1945600
902,A,33414221,GNU C++11,OK,522,1513698222,AgeMagi,CONTESTANT,TESTS,55,15,2048000
902,B,33422802,GNU C++11,OK,2210,1513699910,AgeMagi,CONTESTANT,TESTS,50,249,2355200
902,C,33432256,GNU C++11,WRONG_ANSWER,5741,1513703441,AgeMagi,CONTESTANT,PRETESTS,1,15,3686400
902,C,33433773,GNU C++11,WRONG_ANSWER,6459,1513704159,AgeMagi,CONTESTANT,PRETESTS,1,0,3686400
902,C,33434273,GNU C++11,WRONG_ANSWER,6703,1513704403,AgeMagi,CONTESTANT,PRETESTS,4,15,3686400
902,C,33434541,GNU C++11,WRONG_ANSWER,6819,1513704519,AgeMagi,CONTESTANT,PRETESTS,3,15,3686400
902,C,33435053,GNU C++11,WRONG_ANSWER,7020,1513704720,AgeMagi,CONTESTANT,PRETESTS,4,15,3686400
902,A,33418854,C++14 (GCC 6-32),WRONG_ANSWER,1262,1513698972,Agrawalankit,CONTESTANT,TESTS,41,15,1945600
902,A,33424982,GNU C++,CHALLENGED,2824,1513700524,Ahad_cs,CONTESTANT,CHALLENGES,8,15,2048000
902,A,33413819,GNU C++11,WRONG_ANSWER,457,1513698157,Ahb_arif,CONTESTANT,TESTS,11,15,2048000
902,B,33420425,GNU C++11,OK,1607,1513699307,Ahb_arif,CONTESTANT,TESTS,50,46,2560000
902,A,33415656,Java 8,OK,730,1513698441,AhmadAliNabas,CONTESTANT,TESTS,55,139,20684800
902,B,33430614,Java 8,OK,4943,1513702654,AhmadAliNabas,CONTESTANT,TESTS,50,155,20889600
902,A,33415750,C++14 (GCC 6-32),WRONG_ANSWER,757,1513698457,AhmadLoiy,CONTESTANT,PRETESTS,2,15,1945600
902,A,33429485,C++14 (GCC 6-32),WRONG_ANSWER,4480,1513702180,AhmadLoiy,CONTESTANT,PRETESTS,2,15,1945600
902,A,33429649,C++14 (GCC 6-32),WRONG_ANSWER,4551,1513702251,AhmadLoiy,CONTESTANT,PRETESTS,2,15,1945600
902,A,33429833,C++14 (GCC 6-32),COMPILATION_ERROR,4627,1513702327,AhmadLoiy,CONTESTANT,PRETESTS,0,0,0
902,A,33429940,C++14 (GCC 6-32),WRONG_ANSWER,4669,1513702369,AhmadLoiy,CONTESTANT,PRETESTS,2,15,1843200
902,A,33430004,C++14 (GCC 6-32),WRONG_ANSWER,4698,1513702398,AhmadLoiy,CONTESTANT,PRETESTS,2,15,1945600
902,A,33430306,C++14 (GCC 6-32),WRONG_ANSWER,4824,1513702524,AhmadLoiy,CONTESTANT,PRETESTS,1,0,1945600
902,A,33430467,C++14 (GCC 6-32),WRONG_ANSWER,4888,1513702588,AhmadLoiy,CONTESTANT,PRETESTS,4,0,1945600
902,A,33413760,C++14 (GCC 6-32),OK,449,1513698149,Ahmad_Osama,CONTESTANT,TESTS,55,15,1843200
902,B,33417513,C++14 (GCC 6-32),OK,1034,1513698734,Ahmad_Osama,CONTESTANT,TESTS,50,31,2457600
902,C,33423144,C++14 (GCC 6-32),OK,2307,1513700007,Ahmad_Osama,CONTESTANT,TESTS,45,124,7270400
902,D,33432816,C++14 (GCC 6-32),OK,6022,1513703722,Ahmad_Osama,CONTESTANT,TESTS,150,15,1945600
902,A,33417330,C++14 (GCC 6-32),WRONG_ANSWER,1003,1513698703,AhmedGamal,CONTESTANT,PRETESTS,3,15,1945600
902,A,33419265,C++14 (GCC 6-32),CHALLENGED,1351,1513699062,AhmedGamal,CONTESTANT,CHALLENGES,8,15,1945600
902,A,33427147,C++14 (GCC 6-32),WRONG_ANSWER,3561,1513701261,AhmedGamal,CONTESTANT,CHALLENGES,0,15,1945600
902,A,33427802,C++14 (GCC 6-32),WRONG_ANSWER,3806,1513701506,AhmedGamal,CONTESTANT,CHALLENGES,0,15,1945600
902,A,33429131,C++14 (GCC 6-32),WRONG_ANSWER,4329,1513702029,AhmedGamal,CONTESTANT,PRETESTS,2,15,1945600
902,A,33430046,C++14 (GCC 6-32),WRONG_ANSWER,4716,1513702416,AhmedGamal,CONTESTANT,PRETESTS,3,15,1945600
902,A,33430248,C++14 (GCC 6-32),WRONG_ANSWER,4798,1513702498,AhmedGamal,CONTESTANT,PRETESTS,3,15,1945600
902,A,33432377,C++14 (GCC 6-32),WRONG_ANSWER,5799,1513703499,AhmedGamal,CONTESTANT,PRETESTS,2,15,2048000
902,A,33432961,C++14 (GCC 6-32),WRONG_ANSWER,6091,1513703791,AhmedGamal,CONTESTANT,PRETESTS,2,0,2048000
902,A,33433411,C++14 (GCC 6-32),WRONG_ANSWER,6300,1513704000,AhmedGamal,CONTESTANT,PRETESTS,3,15,2048000
902,A,33434296,C++14 (GCC 6-32),WRONG_ANSWER,6714,1513704414,AhmedGamal,CONTESTANT,PRETESTS,3,15,2048000
902,A,33435502,C++14 (GCC 6-32),WRONG_ANSWER,7164,1513704864,AhmedGamal,CONTESTANT,PRETESTS,0,0,1843200
902,A,33435641,C++14 (GCC 6-32),WRONG_ANSWER,7191,1513704891,AhmedGamal,CONTESTANT,PRETESTS,0,15,1843200
902,A,33413219,Java 8,OK,354,1513698054,AhmedGhazaly,CONTESTANT,TESTS,55,124,20684800
902,B,33422776,Java 8,OK,2204,1513699904,AhmedGhazaly,CONTESTANT,TESTS,50,140,20787200
902,C,33430255,Java 8,WRONG_ANSWER,4801,1513702501,AhmedGhazaly,CONTESTANT,PRETESTS,3,109,20684800
902,C,33432269,Java 8,WRONG_ANSWER,5747,1513703447,AhmedGhazaly,CONTESTANT,PRETESTS,3,109,20582400
902,C,33435321,Java 8,WRONG_ANSWER,7110,1513704810,AhmedGhazaly,CONTESTANT,PRETESTS,3,109,20582400
902,A,33413571,GNU C++11,OK,406,1513698116,AhmedMorgan,CONTESTANT,TESTS,55,15,2048000
902,B,33417341,GNU C++11,OK,994,1513698705,AhmedMorgan,CONTESTANT,TESTS,50,31,4300800
902,C,33429407,GNU C++11,OK,4431,1513702141,AhmedMorgan,CONTESTANT,TESTS,45,109,4505600
902,A,33414162,MS C#,WRONG_ANSWER,513,1513698213,Ahmed_Nasr,CONTESTANT,PRETESTS,2,46,11673600
902,A,33417351,MS C#,WRONG_ANSWER,1006,1513698706,Ahmed_Nasr,CONTESTANT,PRETESTS,4,46,11673600
902,A,33417853,MS C#,WRONG_ANSWER,1095,1513698795,Ahmed_Nasr,CONTESTANT,PRETESTS,4,46,11673600
902,A,33419212,MS C#,WRONG_ANSWER,1352,1513699052,Ahmed_Nasr,CONTESTANT,PRETESTS,4,46,11673600
902,A,33421794,MS C#,WRONG_ANSWER,1938,1513699638,Ahmed_Nasr,CONTESTANT,PRETESTS,4,46,11673600
902,A,33424333,MS C#,WRONG_ANSWER,2632,1513700332,Ahmed_Nasr,CONTESTANT,PRETESTS,4,46,11673600
902,A,33427443,MS C#,WRONG_ANSWER,3671,1513701371,Ahmed_Nasr,CONTESTANT,PRETESTS,4,46,11776000
902,A,33431152,MS C#,WRONG_ANSWER,5192,1513702892,Ahmed_Nasr,CONTESTANT,PRETESTS,4,46,11673600
902,A,33433954,MS C#,WRONG_ANSWER,6553,1513704253,Ahmed_Nasr,CONTESTANT,PRETESTS,4,46,11776000
902,A,33420663,GNU C++11,WRONG_ANSWER,1653,1513699364,Ahmed_Omani,CONTESTANT,PRETESTS,2,0,2048000
902,A,33421265,GNU C++11,WRONG_ANSWER,1799,1513699510,Ahmed_Omani,CONTESTANT,PRETESTS,2,15,2048000
902,A,33420901,C++14 (GCC 6-32),OK,1718,1513699418,Ahs_58,CONTESTANT,TESTS,55,15,1945600
902,B,33430725,C++14 (GCC 6-32),RUNTIME_ERROR,5005,1513702705,Ahs_58,CONTESTANT,PRETESTS,5,15,2252800
902,B,33434069,C++14 (GCC 6-32),TIME_LIMIT_EXCEEDED,6611,1513704311,Ahs_58,CONTESTANT,TESTS,24,1000,3788800
902,A,33415180,GNU C++11,OK,673,1513698373,Ainsworth,CONTESTANT,TESTS,55,15,2150400
902,B,33429090,GNU C++11,OK,4315,1513702015,Ainsworth,CONTESTANT,TESTS,50,31,4710400
902,A,33418146,C++14 (GCC 6-32),WRONG_ANSWER,1130,1513698840,Ajay_Saundeep.,CONTESTANT,PRETESTS,3,15,1843200
902,A,33419598,C++14 (GCC 6-32),WRONG_ANSWER,1420,1513699131,Ajay_Saundeep.,CONTESTANT,PRETESTS,3,15,1945600
902,A,33421726,C++14 (GCC 6-32),WRONG_ANSWER,1911,1513699621,Ajay_Saundeep.,CONTESTANT,PRETESTS,3,15,1843200
902,A,33422790,C++14 (GCC 6-32),WRONG_ANSWER,2198,1513699908,Ajay_Saundeep.,CONTESTANT,PRETESTS,3,0,1843200
902,A,33424692,C++14 (GCC 6-32),WRONG_ANSWER,2731,1513700442,Ajay_Saundeep.,CONTESTANT,PRETESTS,3,15,1843200
902,B,33434432,C++14 (GCC 6-32),RUNTIME_ERROR,6760,1513704470,Ajay_Saundeep.,CONTESTANT,PRETESTS,0,15,1843200
902,A,33417182,C++14 (GCC 6-32),OK,978,1513698678,AkA,CONTESTANT,TESTS,55,15,1945600
902,B,33432859,C++14 (GCC 6-32),OK,6043,1513703743,AkA,CONTESTANT,TESTS,50,218,2662400
902,A,33413670,C++14 (GCC 6-32),TIME_LIMIT_EXCEEDED,422,1513698133,AkaiShuuichi9866,CONTESTANT,PRETESTS,2,1000,1843200
902,A,33414366,C++14 (GCC 6-32),OK,534,1513698244,AkaiShuuichi9866,CONTESTANT,TESTS,55,15,1945600
902,B,33419731,C++14 (GCC 6-32),OK,1443,1513699153,AkaiShuuichi9866,CONTESTANT,TESTS,50,30,4403200
902,C,33423573,C++14 (GCC 6-32),OK,2415,1513700125,AkaiShuuichi9866,CONTESTANT,TESTS,45,93,8089600
902,A,33418171,GNU C11,WRONG_ANSWER,1145,1513698845,Akarin_kawaii,CONTESTANT,PRETESTS,3,15,1843200
902,A,33419743,GNU C11,WRONG_ANSWER,1455,1513699155,Akarin_kawaii,CONTESTANT,PRETESTS,3,15,1843200
902,B,33432510,GNU C11,MEMORY_LIMIT_EXCEEDED,5871,1513703571,Akarin_kawaii,CONTESTANT,PRETESTS,0,0,268390400
902,B,33433167,GNU C,MEMORY_LIMIT_EXCEEDED,6192,1513703892,Akarin_kawaii,CONTESTANT,PRETESTS,0,0,268390400
902,B,33433354,GNU C,MEMORY_LIMIT_EXCEEDED,6274,1513703974,Akarin_kawaii,CONTESTANT,PRETESTS,0,0,268390400
902,B,33433524,GNU C,WRONG_ANSWER,6344,1513704044,Akarin_kawaii,CONTESTANT,PRETESTS,5,15,5939200
902,B,33434053,GNU C,OK,6607,1513704307,Akarin_kawaii,CONTESTANT,TESTS,50,951,202547200
902,A,33434652,GNU C,WRONG_ANSWER,6866,1513704566,Akarin_kawaii,CONTESTANT,PRETESTS,3,15,1843200
902,A,33418122,Python 3,WRONG_ANSWER,1126,1513698837,Akash_123,CONTESTANT,PRETESTS,2,46,5529600
902,A,33423572,Python 3,WRONG_ANSWER,2414,1513700125,Akash_123,CONTESTANT,PRETESTS,4,46,5529600
902,A,33431781,Python 3,CHALLENGED,5493,1513703204,Akash_123,CONTESTANT,CHALLENGES,8,46,5529600
902,A,33434937,Python 3,WRONG_ANSWER,6971,1513704682,Akash_123,CONTESTANT,CHALLENGES,0,61,5529600
902,A,33412784,C++14 (GCC 6-32),OK,243,1513697943,Akatsuki_,CONTESTANT,TESTS,55,15,1945600
902,B,33415169,C++14 (GCC 6-32),OK,670,1513698370,Akatsuki_,CONTESTANT,TESTS,50,30,2457600
902,C,33420488,C++14 (GCC 6-32),WRONG_ANSWER,1622,1513699322,Akatsuki_,CONTESTANT,PRETESTS,1,15,2252800
902,C,33421413,C++14 (GCC 6-32),WRONG_ANSWER,1845,1513699545,Akatsuki_,CONTESTANT,PRETESTS,3,15,2252800
902,C,33422576,C++14 (GCC 6-32),OK,2147,1513699847,Akatsuki_,CONTESTANT,TESTS,45,109,2252800
902,D,33431197,C++14 (GCC 6-32),WRONG_ANSWER,5214,1513702914,Akatsuki_,CONTESTANT,PRETESTS,2,15,1945600
902,D,33433288,C++14 (GCC 6-32),WRONG_ANSWER,6244,1513703944,Akatsuki_,CONTESTANT,PRETESTS,2,0,1843200
902,D,33434259,C++14 (GCC 6-32),WRONG_ANSWER,6698,1513704398,Akatsuki_,CONTESTANT,PRETESTS,3,15,1843200
902,D,33434411,C++14 (GCC 6-32),OK,6759,1513704459,Akatsuki_,CONTESTANT,TESTS,150,15,1945600
902,A,33415306,C++14 (GCC 6-32),WRONG_ANSWER,692,1513698392,Akhmad228,CONTESTANT,PRETESTS,3,15,1843200
902,B,33420081,C++14 (GCC 6-32),OK,1531,1513699231,Akhmad228,CONTESTANT,TESTS,50,46,18432000
902,A,33412745,C++14 (GCC 6-32),OK,225,1513697925,AkiLotus,CONTESTANT,TESTS,55,15,1945600
902,B,33414581,C++14 (GCC 6-32),OK,580,1513698280,AkiLotus,CONTESTANT,TESTS,50,280,2764800
902,C,33420049,C++14 (GCC 6-32),OK,1523,1513699223,AkiLotus,CONTESTANT,TESTS,45,109,3481600
902,A,33413688,C++14 (GCC 6-32),OK,427,1513698137,Akihiko_Kayaba,CONTESTANT,TESTS,55,15,1945600
902,B,33418423,C++14 (GCC 6-32),OK,1178,1513698889,Akihiko_Kayaba,CONTESTANT,TESTS,50,30,18432000
902,C,33422665,C++14 (GCC 6-32),OK,2162,1513699872,Akihiko_Kayaba,CONTESTANT,TESTS,45,93,4812800
902,A,33424015,GNU C++,WRONG_ANSWER,2550,1513700250,Akmpfen,CONTESTANT,PRETESTS,2,0,2048000
902,A,33429972,GNU C++,OK,4684,1513702384,Akmpfen,CONTESTANT,TESTS,55,15,2048000
902,B,33424807,PascalABC.NET,MEMORY_LIMIT_EXCEEDED,2774,1513700474,Akulyat,CONTESTANT,PRETESTS,0,218,268390400
902,B,33424981,PascalABC.NET,OK,2823,1513700523,Akulyat,CONTESTANT,TESTS,50,46,19865600
902,A,33425774,PascalABC.NET,WRONG_ANSWER,3081,1513700781,Akulyat,CONTESTANT,PRETESTS,2,31,16896000
902,A,33426137,PascalABC.NET,WRONG_ANSWER,3201,1513700901,Akulyat,CONTESTANT,PRETESTS,2,46,16896000
902,A,33427695,PascalABC.NET,RUNTIME_ERROR,3765,1513701465,Akulyat,CONTESTANT,PRETESTS,3,46,16896000
902,A,33428096,PascalABC.NET,WRONG_ANSWER,3916,1513701616,Akulyat,CONTESTANT,PRETESTS,4,31,16896000
902,A,33428920,PascalABC.NET,OK,4245,1513701945,Akulyat,CONTESTANT,TESTS,55,46,16896000
902,C,33431801,PascalABC.NET,OK,5517,1513703217,Akulyat,CONTESTANT,TESTS,45,1637,21606400
902,D,33435095,PascalABC.NET,WRONG_ANSWER,7031,1513704731,Akulyat,CONTESTANT,PRETESTS,0,15,16896000
902,D,33435281,PascalABC.NET,WRONG_ANSWER,7097,1513704797,Akulyat,CONTESTANT,PRETESTS,2,31,16896000
902,A,33412859,C++14 (GCC 6-32),OK,271,1513697971,Akylbeek,CONTESTANT,TESTS,55,15,3072000
902,B,33415328,C++14 (GCC 6-32),OK,684,1513698395,Akylbeek,CONTESTANT,TESTS,50,30,4198400
902,C,33420722,C++14 (GCC 6-32),OK,1667,1513699378,Akylbeek,CONTESTANT,TESTS,45,155,4300800
902,A,33413343,GNU C++11,WRONG_ANSWER,375,1513698075,Alance,CONTESTANT,PRETESTS,2,15,2048000
902,A,33415047,GNU C++11,WRONG_ANSWER,653,1513698353,Alance,CONTESTANT,PRETESTS,2,15,2048000
902,A,33418504,GNU C++11,WRONG_ANSWER,1204,1513698904,Alance,CONTESTANT,PRETESTS,3,15,2048000
902,A,33419194,GNU C++11,OK,1349,1513699049,Alance,CONTESTANT,TESTS,55,31,2048000
902,B,33426362,GNU C++11,WRONG_ANSWER,3274,1513700974,Alance,CONTESTANT,PRETESTS,0,15,2252800
902,B,33428480,GNU C++11,WRONG_ANSWER,4066,1513701766,Alance,CONTESTANT,PRETESTS,9,15,2662400
902,B,33429035,GNU C++11,WRONG_ANSWER,4294,1513701994,Alance,CONTESTANT,PRETESTS,9,15,2662400
902,B,33430252,GNU C++11,MEMORY_LIMIT_EXCEEDED,4800,1513702500,Alance,CONTESTANT,PRETESTS,0,0,268390400
902,B,33430327,GNU C++11,OK,4832,1513702532,Alance,CONTESTANT,TESTS,50,31,2764800
902,A,33415492,C++14 (GCC 6-32),WRONG_ANSWER,720,1513698420,Albert1152002,CONTESTANT,PRETESTS,2,0,9932800
902,A,33417377,C++14 (GCC 6-32),OK,1011,1513698711,Albert1152002,CONTESTANT,TESTS,55,31,9932800
902,B,33429912,C++14 (GCC 6-32),OK,4656,1513702356,Albert1152002,CONTESTANT,TESTS,50,30,9932800
902,A,33413331,GNU C++,WRONG_ANSWER,372,1513698072,Aldir,CONTESTANT,PRETESTS,2,0,1843200
902,A,33413882,GNU C++,WRONG_ANSWER,468,1513698168,Aldir,CONTESTANT,PRETESTS,0,0,1843200
902,A,33414785,GNU C++,OK,611,1513698311,Aldir,CONTESTANT,TESTS,55,15,1843200
902,B,33418080,GNU C++,OK,1128,1513698828,Aldir,CONTESTANT,TESTS,50,31,2560000
902,C,33423335,GNU C++,WRONG_ANSWER,2361,1513700061,Aldir,CONTESTANT,PRETESTS,6,15,4300800
902,C,33430523,GNU C++,OK,4912,1513702612,Aldir,CONTESTANT,TESTS,45,108,4300800
902,A,33413751,C++14 (GCC 6-32),WRONG_ANSWER,435,1513698146,AleXman111,CONTESTANT,PRETESTS,5,15,10956800
902,A,33414514,C++14 (GCC 6-32),OK,558,1513698268,AleXman111,CONTESTANT,TESTS,55,31,10956800
902,B,33417609,C++14 (GCC 6-32),OK,1042,1513698752,AleXman111,CONTESTANT,TESTS,50,31,19353600
902,C,33427800,C++14 (GCC 6-32),OK,3794,1513701505,AleXman111,CONTESTANT,TESTS,45,108,28160000
902,A,33412760,C++14 (GCC 6-32),OK,223,1513697933,Aleks5d,CONTESTANT,TESTS,55,15,1945600
902,B,33418731,C++14 (GCC 6-32),OK,1238,1513698949,Aleks5d,CONTESTANT,TESTS,50,30,2560000
902,C,33422618,C++14 (GCC 6-32),RUNTIME_ERROR,2148,1513699859,Aleks5d,CONTESTANT,TESTS,13,46,2662400
902,D,33427812,C++14 (GCC 6-32),WRONG_ANSWER,3798,1513701508,Aleks5d,CONTESTANT,PRETESTS,2,15,1843200
902,D,33428465,C++14 (GCC 6-32),WRONG_ANSWER,4046,1513701757,Aleks5d,CONTESTANT,PRETESTS,2,15,1843200
902,D,33430898,C++14 (GCC 6-32),WRONG_ANSWER,5061,1513702772,Aleks5d,CONTESTANT,PRETESTS,2,15,1945600
902,D,33434139,C++14 (GCC 6-32),WRONG_ANSWER,6632,1513704343,Aleks5d,CONTESTANT,PRETESTS,2,15,1843200
902,A,33414040,C++14 (GCC 6-32),OK,495,1513698195,Aleksandr2754,CONTESTANT,TESTS,55,15,1945600
902,B,33417304,C++14 (GCC 6-32),OK,999,1513698699,Aleksandr2754,CONTESTANT,TESTS,50,31,3891200
902,C,33425148,C++14 (GCC 6-32),WRONG_ANSWER,2875,1513700575,Aleksandr2754,CONTESTANT,PRETESTS,3,15,3072000
902,C,33425320,C++14 (GCC 6-32),WRONG_ANSWER,2934,1513700634,Aleksandr2754,CONTESTANT,PRETESTS,3,15,4300800
902,C,33426496,C++14 (GCC 6-32),OK,3321,1513701021,Aleksandr2754,CONTESTANT,TESTS,45,140,4300800
902,D,33430807,C++14 (GCC 6-32),WRONG_ANSWER,5040,1513702740,Aleksandr2754,CONTESTANT,PRETESTS,2,15,1843200
902,A,33412931,C++14 (GCC 6-32),WRONG_ANSWER,293,1513697993,AlexArdelean,CONTESTANT,PRETESTS,3,15,1843200
902,A,33413441,C++14 (GCC 6-32),OK,393,1513698093,AlexArdelean,CONTESTANT,TESTS,55,15,1945600
902,B,33428752,C++14 (GCC 6-32),RUNTIME_ERROR,4184,1513701884,AlexArdelean,CONTESTANT,PRETESTS,5,0,1945600
902,B,33428836,C++14 (GCC 6-32),WRONG_ANSWER,4217,1513701917,AlexArdelean,CONTESTANT,TESTS,19,202,2457600
902,A,33420536,Java 8,WRONG_ANSWER,1624,1513699335,AlexRutledge,CONTESTANT,PRETESTS,4,139,20992000
902,A,33412893,GNU C++11,WRONG_ANSWER,281,1513697981,AlexTheDagon,CONTESTANT,TESTS,47,15,2048000
902,B,33418094,GNU C++11,OK,1130,1513698830,AlexTheDagon,CONTESTANT,TESTS,50,46,2560000
902,A,33423222,GNU C,COMPILATION_ERROR,2329,1513700029,Alex_shab97,CONTESTANT,PRETESTS,0,0,0
902,A,33423348,GNU C11,COMPILATION_ERROR,2364,1513700064,Alex_shab97,CONTESTANT,PRETESTS,0,0,0
902,A,33423468,GNU C11,COMPILATION_ERROR,2396,1513700096,Alex_shab97,CONTESTANT,PRETESTS,0,0,0
902,A,33423823,C++14 (GCC 6-32),WRONG_ANSWER,2497,1513700197,Alex_shab97,CONTESTANT,PRETESTS,3,15,1843200
902,A,33426221,C++14 (GCC 6-32),COMPILATION_ERROR,3229,1513700929,Alex_shab97,CONTESTANT,PRETESTS,0,0,0
902,A,33426357,C++14 (GCC 6-32),OK,3272,1513700972,Alex_shab97,CONTESTANT,TESTS,55,31,1945600
902,A,33416866,C++14 (GCC 6-32),WRONG_ANSWER,924,1513698624,AlexandruOlteanu13,CONTESTANT,PRETESTS,4,0,1945600
902,A,33422577,C++14 (GCC 6-32),OK,2148,1513699848,AlexandruOlteanu13,CONTESTANT,TESTS,55,15,1945600
902,B,33434393,C++14 (GCC 6-32),OK,6755,1513704455,AlexandruOlteanu13,CONTESTANT,TESTS,50,46,2048000
902,A,33413718,C++14 (GCC 6-32),OK,441,1513698141,Alexit,CONTESTANT,TESTS,55,15,1945600
902,B,33417815,C++14 (GCC 6-32),OK,1086,1513698786,Alexit,CONTESTANT,TESTS,50,15,2560000
902,C,33420982,C++14 (GCC 6-32),WRONG_ANSWER,1740,1513699440,Alexit,CONTESTANT,PRETESTS,1,15,1945600
902,C,33422025,C++14 (GCC 6-32),WRONG_ANSWER,2000,1513699700,Alexit,CONTESTANT,PRETESTS,3,15,1945600
902,C,33422843,C++14 (GCC 6-32),WRONG_ANSWER,2221,1513699921,Alexit,CONTESTANT,TESTS,37,77,2252800
902,C,33420899,GNU C++11,WRONG_ANSWER,1718,1513699418,Ali.Nili.Zas,CONTESTANT,PRETESTS,8,15,3276800
902,B,33425824,GNU C++11,OK,3097,1513700797,Ali.Nili.Zas,CONTESTANT,TESTS,50,31,2560000
902,C,33426910,GNU C++11,OK,3473,1513701173,Ali.Nili.Zas,CONTESTANT,TESTS,45,234,5632000
902,A,33427774,GNU C++11,WRONG_ANSWER,3795,1513701495,Ali.Nili.Zas,CONTESTANT,PRETESTS,2,15,2048000
902,A,33428132,GNU C++11,WRONG_ANSWER,3931,1513701631,Ali.Nili.Zas,CONTESTANT,PRETESTS,4,15,2048000
902,A,33428423,GNU C++11,WRONG_ANSWER,4043,1513701743,Ali.Nili.Zas,CONTESTANT,PRETESTS,4,15,2048000
902,A,33430055,GNU C++11,SKIPPED,4721,1513702421,Ali.Nili.Zas,CONTESTANT,PRETESTS,8,15,2048000
902,A,33431251,GNU C++11,WRONG_ANSWER,5241,1513702941,Ali.Nili.Zas,CONTESTANT,PRETESTS,3,15,2048000
902,A,33431408,GNU C++11,OK,5314,1513703014,Ali.Nili.Zas,CONTESTANT,TESTS,55,30,2048000
902,A,33412664,Java 8,OK,172,1513697872,AliRabie,CONTESTANT,TESTS,55,171,21299200
902,B,33414693,Java 8,OK,594,1513698294,AliRabie,CONTESTANT,TESTS,50,140,20787200
902,C,33419633,Java 8,WRONG_ANSWER,1435,1513699135,AliRabie,CONTESTANT,PRETESTS,6,109,20684800
902,C,33421566,Java 8,WRONG_ANSWER,1885,1513699585,AliRabie,CONTESTANT,PRETESTS,6,124,20582400
902,C,33422851,Java 8,OK,2223,1513699923,AliRabie,CONTESTANT,TESTS,45,233,31129600
902,D,33435198,Java 8,WRONG_ANSWER,7069,1513704769,AliRabie,CONTESTANT,PRETESTS,1,93,20582400
902,A,33413064,C++14 (GCC 6-32),OK,322,1513698022,AliTavassoly,CONTESTANT,TESTS,55,31,2457600
902,B,33415933,C++14 (GCC 6-32),OK,782,1513698482,AliTavassoly,CONTESTANT,TESTS,50,15,3993600
902,C,33423327,C++14 (GCC 6-32),OK,2359,1513700059,AliTavassoly,CONTESTANT,TESTS,45,77,4300800
902,A,33434806,MS C++,WRONG_ANSWER,6935,1513704635,Ali_Taha74,CONTESTANT,PRETESTS,2,0,165785600
902,A,33414540,Python 3,OK,574,1513698274,AliceG,CONTESTANT,TESTS,55,62,5529600
902,B,33419242,Python 3,RUNTIME_ERROR,1348,1513699059,AliceG,CONTESTANT,TESTS,17,78,7782400
902,C,33426840,Python 3,OK,3452,1513701152,AliceG,CONTESTANT,TESTS,45,1482,7065600
902,D,33432100,Python 3,WRONG_ANSWER,5662,1513703362,AliceG,CONTESTANT,PRETESTS,2,46,5529600
902,D,33433430,Python 3,OK,6309,1513704009,AliceG,CONTESTANT,TESTS,150,77,5632000
902,A,33416020,MS C++,WRONG_ANSWER,794,1513698494,Alidrod,CONTESTANT,PRETESTS,3,0,2048000
902,A,33418145,MS C++,WRONG_ANSWER,1140,1513698840,Alidrod,CONTESTANT,TESTS,11,15,2048000
902,B,33424694,MS C++,COMPILATION_ERROR,2742,1513700442,Alidrod,CONTESTANT,PRETESTS,0,0,0
902,B,33425488,MS C++,OK,2987,1513700687,Alidrod,CONTESTANT,TESTS,50,31,2560000
902,A,33413481,MS C++,OK,399,1513698099,Alireza,CONTESTANT,TESTS,55,15,2048000
902,B,33419635,MS C++,OK,1436,1513699136,Alireza,CONTESTANT,TESTS,50,31,2560000
902,C,33427319,MS C++,OK,3634,1513701334,Alireza,CONTESTANT,TESTS,45,311,5120000
902,A,33412975,Python 3,WRONG_ANSWER,304,1513698004,AlisherBlack,CONTESTANT,PRETESTS,2,46,5529600
902,A,33413257,Python 3,WRONG_ANSWER,361,1513698061,AlisherBlack,CONTESTANT,PRETESTS,2,61,5529600
902,A,33413871,Python 3,WRONG_ANSWER,465,1513698165,AlisherBlack,CONTESTANT,PRETESTS,1,62,5529600
902,A,33413994,Python 3,WRONG_ANSWER,487,1513698187,AlisherBlack,CONTESTANT,PRETESTS,1,61,5529600
902,A,33414256,Python 3,WRONG_ANSWER,527,1513698227,AlisherBlack,CONTESTANT,PRETESTS,4,61,5529600
902,A,33415248,Python 3,WRONG_ANSWER,684,1513698384,AlisherBlack,CONTESTANT,PRETESTS,4,62,5529600
902,A,33419607,C++14 (GCC 6-32),WRONG_ANSWER,1433,1513699133,AlisherBlack,CONTESTANT,PRETESTS,4,15,1843200
902,A,33420672,C++14 (GCC 6-32),OK,1665,1513699365,AlisherBlack,CONTESTANT,TESTS,55,15,1945600
902,B,33425782,C++14 (GCC 6-32),OK,3083,1513700783,AlisherBlack,CONTESTANT,TESTS,50,15,2355200
902,C,33432126,C++14 (GCC 6-32),WRONG_ANSWER,5677,1513703377,AlisherBlack,CONTESTANT,PRETESTS,5,15,1945600
902,C,33432779,C++14 (GCC 6-32),WRONG_ANSWER,6001,1513703701,AlisherBlack,CONTESTANT,PRETESTS,5,15,1945600
902,A,33413913,C++14 (GCC 6-32),WRONG_ANSWER,462,1513698173,Allo,CONTESTANT,PRETESTS,2,15,1945600
902,A,33418654,C++14 (GCC 6-32),WRONG_ANSWER,1224,1513698934,Allo,CONTESTANT,PRETESTS,2,15,1843200
902,A,33421269,C++14 (GCC 6-32),WRONG_ANSWER,1800,1513699511,Allo,CONTESTANT,PRETESTS,2,15,1843200
902,A,33424055,C++14 (GCC 6-32),OK,2548,1513700259,Allo,CONTESTANT,TESTS,55,15,1945600
902,A,33414112,C++14 (GCC 6-32),OK,505,1513698205,Altitude,CONTESTANT,TESTS,55,15,1945600
902,B,33418266,C++14 (GCC 6-32),OK,1162,1513698862,Altitude,CONTESTANT,TESTS,50,15,2662400
902,C,33424054,C++14 (GCC 6-32),OK,2559,1513700259,Altitude,CONTESTANT,TESTS,45,109,11059200
902,A,33416926,C++14 (GCC 6-32),OK,934,1513698634,AmDer,CONTESTANT,TESTS,55,15,1945600
902,B,33426017,C++14 (GCC 6-32),TIME_LIMIT_EXCEEDED,3156,1513700856,AmDer,CONTESTANT,PRETESTS,5,1000,2355200
902,B,33426175,C++14 (GCC 6-32),SKIPPED,3214,1513700914,AmDer,CONTESTANT,PRETESTS,10,655,2355200
902,B,33426503,C++14 (GCC 6-32),OK,3323,1513701023,AmDer,CONTESTANT,TESTS,50,936,2457600
902,C,33432538,C++14 (GCC 6-32),WRONG_ANSWER,5890,1513703590,AmDer,CONTESTANT,PRETESTS,1,15,1843200
902,C,33434291,C++14 (GCC 6-32),RUNTIME_ERROR,6711,1513704411,AmDer,CONTESTANT,TESTS,17,77,2252800
902,A,33418956,Python 2,TIME_LIMIT_EXCEEDED,1297,1513698997,Amandio,CONTESTANT,PRETESTS,7,1000,4608000
902,A,33419833,Python 2,OK,1474,1513699174,Amandio,CONTESTANT,TESTS,55,62,4608000
902,B,33428058,GNU C++,RUNTIME_ERROR,3895,1513701595,Amandio,CONTESTANT,PRETESTS,5,15,2048000
902,B,33428257,GNU C++,OK,3977,1513701677,Amandio,CONTESTANT,TESTS,50,234,2457600
902,A,33413266,GNU C++11,OK,362,1513698062,Amateur_Player,CONTESTANT,TESTS,55,15,10035200
902,B,33416618,GNU C++11,OK,885,1513698585,Amateur_Player,CONTESTANT,TESTS,50,30,18432000
902,C,33422982,GNU C++11,OK,2254,1513699954,Amateur_Player,CONTESTANT,TESTS,45,108,6041600
902,A,33415273,C++14 (GCC 6-32),OK,688,1513698388,Amcm,CONTESTANT,TESTS,55,15,1945600
902,B,33425569,C++14 (GCC 6-32),OK,3015,1513700715,Amcm,CONTESTANT,TESTS,50,31,2560000
902,A,33419994,GNU C++,OK,1510,1513699210,AmdSadi,CONTESTANT,TESTS,55,15,2048000
902,B,33434688,GNU C++,OK,6882,1513704582,AmdSadi,CONTESTANT,TESTS,50,218,2867200
902,A,33413717,C++14 (GCC 6-32),WRONG_ANSWER,441,1513698141,Amerisma,CONTESTANT,PRETESTS,3,15,1945600
902,A,33414061,C++14 (GCC 6-32),OK,499,1513698199,Amerisma,CONTESTANT,TESTS,55,15,1945600
902,B,33417804,C++14 (GCC 6-32),OK,1085,1513698785,Amerisma,CONTESTANT,TESTS,50,31,4403200
902,C,33426337,C++14 (GCC 6-32),OK,3265,1513700965,Amerisma,CONTESTANT,TESTS,45,78,3891200
902,A,33419480,C++14 (GCC 6-32),WRONG_ANSWER,1403,1513699103,Aminul-Islam,CONTESTANT,PRETESTS,2,0,1843200
902,A,33424144,C++14 (GCC 6-32),WRONG_ANSWER,2583,1513700283,Aminul-Islam,CONTESTANT,PRETESTS,2,15,1843200
902,A,33425386,C++14 (GCC 6-32),WRONG_ANSWER,2955,1513700655,Aminul-Islam,CONTESTANT,PRETESTS,2,0,1843200
902,A,33428463,C++14 (GCC 6-32),WRONG_ANSWER,4056,1513701756,Aminul-Islam,CONTESTANT,PRETESTS,2,0,1843200
902,A,33434315,C++14 (GCC 6-32),OK,6721,1513704421,Aminul-Islam,CONTESTANT,TESTS,55,15,1945600
902,A,33420124,C++14 (GCC 6-32),WRONG_ANSWER,1540,1513699240,AmirKarimi7,CONTESTANT,PRETESTS,3,0,1945600
902,A,33422615,C++14 (GCC 6-32),WRONG_ANSWER,2157,1513699857,AmirKarimi7,CONTESTANT,PRETESTS,3,15,1945600
902,A,33423095,C++14 (GCC 6-32),OK,2287,1513699987,AmirKarimi7,CONTESTANT,TESTS,55,15,1945600
902,B,33429423,C++14 (GCC 6-32),OK,4451,1513702151,AmirKarimi7,CONTESTANT,TESTS,50,31,23347200
902,A,33413195,GNU C++,WRONG_ANSWER,347,1513698047,Amit_Bansal,CONTESTANT,PRETESTS,2,0,2048000
902,A,33413903,GNU C++,CHALLENGED,472,1513698172,Amit_Bansal,CONTESTANT,CHALLENGES,8,15,2048000
902,B,33419648,GNU C++,TIME_LIMIT_EXCEEDED,1439,1513699139,Amit_Bansal,CONTESTANT,PRETESTS,5,1000,3379200
902,B,33420047,GNU C++,OK,1523,1513699223,Amit_Bansal,CONTESTANT,TESTS,50,61,2560000
902,C,33428285,GNU C++,WRONG_ANSWER,3986,1513701686,Amit_Bansal,CONTESTANT,PRETESTS,3,15,2048000
902,C,33428603,GNU C++,WRONG_ANSWER,4116,1513701816,Amit_Bansal,CONTESTANT,PRETESTS,3,31,2048000
902,C,33428824,GNU C++,WRONG_ANSWER,4209,1513701909,Amit_Bansal,CONTESTANT,PRETESTS,5,15,2048000
902,C,33429203,GNU C++,WRONG_ANSWER,4358,1513702058,Amit_Bansal,CONTESTANT,TESTS,37,327,4096000
902,A,33413295,C++14 (GCC 6-32),WRONG_ANSWER,366,1513698066,Amit_Pandey,CONTESTANT,PRETESTS,2,15,3481600
902,A,33416355,C++14 (GCC 6-32),CHALLENGED,844,1513698544,Amit_Pandey,CONTESTANT,CHALLENGES,8,15,3481600
902,B,33420641,C++14 (GCC 6-32),OK,1658,1513699358,Amit_Pandey,CONTESTANT,TESTS,50,31,4812800
902,A,33423412,C++14 (GCC 6-32),WRONG_ANSWER,2382,1513700082,Amit_Pandey,CONTESTANT,PRETESTS,3,15,3481600
902,A,33424002,C++14 (GCC 6-32),WRONG_ANSWER,2546,1513700246,Amit_Pandey,CONTESTANT,PRETESTS,3,15,3481600
902,A,33424860,C++14 (GCC 6-32),OK,2787,1513700487,Amit_Pandey,CONTESTANT,TESTS,55,15,3481600
902,C,33429459,C++14 (GCC 6-32),OK,4467,1513702167,Amit_Pandey,CONTESTANT,TESTS,45,109,6758400
902,A,33413095,GNU C++11,WRONG_ANSWER,329,1513698029,Amlan107,CONTESTANT,PRETESTS,1,15,2150400
902,A,33414547,GNU C++11,OK,575,1513698275,Amlan107,CONTESTANT,TESTS,55,15,2150400
902,B,33419362,GNU C++11,OK,1376,1513699076,Amlan107,CONTESTANT,TESTS,50,31,4403200
902,C,33429540,GNU C++11,WRONG_ANSWER,4504,1513702204,Amlan107,CONTESTANT,PRETESTS,1,15,4505600
902,C,33430393,GNU C++11,WRONG_ANSWER,4856,1513702556,Amlan107,CONTESTANT,PRETESTS,3,0,4505600
902,C,33431595,GNU C++11,WRONG_ANSWER,5406,1513703106,Amlan107,CONTESTANT,PRETESTS,7,15,4505600
902,C,33432765,GNU C++11,WRONG_ANSWER,5993,1513703693,Amlan107,CONTESTANT,PRETESTS,7,15,4505600
902,A,33414149,GNU C++,WRONG_ANSWER,511,1513698211,Ampersand25,CONTESTANT,PRETESTS,2,15,2048000
902,A,33416394,GNU C++,WRONG_ANSWER,849,1513698549,Ampersand25,CONTESTANT,PRETESTS,2,0,2048000
902,A,33418194,GNU C++,WRONG_ANSWER,1149,1513698849,Ampersand25,CONTESTANT,PRETESTS,2,15,2048000
902,A,33421379,GNU C++,WRONG_ANSWER,1836,1513699536,Ampersand25,CONTESTANT,PRETESTS,2,0,2048000
902,A,33424159,GNU C++,OK,2587,1513700287,Ampersand25,CONTESTANT,TESTS,55,15,2048000
902,A,33414033,C++14 (GCC 6-32),WRONG_ANSWER,494,1513698194,Amr905,CONTESTANT,PRETESTS,1,15,3072000
902,A,33415855,C++14 (GCC 6-32),WRONG_ANSWER,771,1513698471,Amr905,CONTESTANT,PRETESTS,5,15,2252800
902,A,33421039,C++14 (GCC 6-32),WRONG_ANSWER,1755,1513699455,Amr905,CONTESTANT,PRETESTS,5,15,2252800
902,A,33422308,C++14 (GCC 6-32),WRONG_ANSWER,2068,1513699768,Amr905,CONTESTANT,PRETESTS,5,15,2252800
902,A,33422992,C++14 (GCC 6-32),OK,2256,1513699956,Amr905,CONTESTANT,TESTS,55,15,2252800
902,B,33429991,C++14 (GCC 6-32),OK,4692,1513702392,Amr905,CONTESTANT,TESTS,50,31,2662400
902,A,33415020,C++14 (GCC 6-32),WRONG_ANSWER,649,1513698349,Amr_Fahim,CONTESTANT,PRETESTS,2,15,1843200
902,A,33416258,C++14 (GCC 6-32),WRONG_ANSWER,829,1513698529,Amr_Fahim,CONTESTANT,PRETESTS,2,15,1843200
902,A,33418473,C++14 (GCC 6-32),WRONG_ANSWER,1199,1513698899,Amr_Fahim,CONTESTANT,PRETESTS,2,15,1945600
902,A,33422754,C++14 (GCC 6-32),CHALLENGED,2197,1513699897,Amr_Fahim,CONTESTANT,CHALLENGES,8,15,1945600
902,A,33412700,C++14 (GCC 6-32),OK,205,1513697905,Anai,CONTESTANT,TESTS,55,15,1945600
902,B,33414778,C++14 (GCC 6-32),OK,609,1513698309,Anai,CONTESTANT,TESTS,50,31,1945600
902,C,33419303,C++14 (GCC 6-32),WRONG_ANSWER,1368,1513699068,Anai,CONTESTANT,PRETESTS,1,15,6656000
902,C,33419683,C++14 (GCC 6-32),OK,1446,1513699146,Anai,CONTESTANT,TESTS,45,93,8908800
902,A,33416871,MS C++,OK,915,1513698625,AnasAbbas,CONTESTANT,TESTS,55,15,2048000
902,B,33422079,MS C++,OK,1997,1513699707,AnasAbbas,CONTESTANT,TESTS,50,31,2457600
902,C,33432350,MS C++,WRONG_ANSWER,5777,1513703487,AnasAbbas,CONTESTANT,PRETESTS,1,15,2457600
902,C,33433686,MS C++,WRONG_ANSWER,6407,1513704118,AnasAbbas,CONTESTANT,PRETESTS,4,15,2457600
902,C,33435295,MS C++,WRONG_ANSWER,7092,1513704803,AnasAbbas,CONTESTANT,PRETESTS,1,15,2457600
902,A,33415275,C++14 (GCC 6-32),WRONG_ANSWER,688,1513698388,Anawrmation,CONTESTANT,PRETESTS,2,15,1843200
902,A,33416873,C++14 (GCC 6-32),WRONG_ANSWER,926,1513698626,Anawrmation,CONTESTANT,PRETESTS,2,0,1843200
902,A,33418793,C++14 (GCC 6-32),WRONG_ANSWER,1260,1513698960,Anawrmation,CONTESTANT,PRETESTS,2,15,1843200
902,A,33419262,GNU C++11,CHALLENGED,1351,1513699061,AndreeaB,CONTESTANT,CHALLENGES,8,15,2048000
902,A,33413530,C++14 (GCC 6-32),OK,409,1513698109,AndreiCotor,CONTESTANT,TESTS,55,15,1945600
902,B,33417622,C++14 (GCC 6-32),OK,1054,1513698754,AndreiCotor,CONTESTANT,TESTS,50,31,2457600
902,C,33425394,C++14 (GCC 6-32),WRONG_ANSWER,2959,1513700659,AndreiCotor,CONTESTANT,PRETESTS,4,15,2252800
902,C,33425567,C++14 (GCC 6-32),WRONG_ANSWER,3015,1513700715,AndreiCotor,CONTESTANT,PRETESTS,4,15,2252800
902,C,33426634,C++14 (GCC 6-32),WRONG_ANSWER,3379,1513701079,AndreiCotor,CONTESTANT,PRETESTS,4,15,2252800
902,C,33428311,C++14 (GCC 6-32),WRONG_ANSWER,3997,1513701697,AndreiCotor,CONTESTANT,PRETESTS,4,15,2252800
902,C,33429427,C++14 (GCC 6-32),OK,4453,1513702153,AndreiCotor,CONTESTANT,TESTS,45,78,2252800
902,A,33413127,C++14 (GCC 6-32),OK,337,1513698037,AndresRPerez,CONTESTANT,TESTS,55,15,1945600
902,B,33419162,C++14 (GCC 6-32),OK,1343,1513699043,AndresRPerez,CONTESTANT,TESTS,50,31,2560000
902,C,33423829,C++14 (GCC 6-32),WRONG_ANSWER,2498,1513700198,AndresRPerez,CONTESTANT,PRETESTS,12,15,1945600
902,C,33425837,C++14 (GCC 6-32),WRONG_ANSWER,3100,1513700800,AndresRPerez,CONTESTANT,PRETESTS,4,15,2150400
902,C,33426693,C++14 (GCC 6-32),WRONG_ANSWER,3398,1513701098,AndresRPerez,CONTESTANT,PRETESTS,3,15,1945600
902,C,33427230,C++14 (GCC 6-32),WRONG_ANSWER,3595,1513701295,AndresRPerez,CONTESTANT,PRETESTS,12,15,1945600
902,C,33428313,C++14 (GCC 6-32),WRONG_ANSWER,3997,1513701697,AndresRPerez,CONTESTANT,PRETESTS,12,15,1945600
902,C,33429614,C++14 (GCC 6-32),WRONG_ANSWER,4539,1513702239,AndresRPerez,CONTESTANT,PRETESTS,12,15,1945600
902,C,33430595,C++14 (GCC 6-32),WRONG_ANSWER,4946,1513702646,AndresRPerez,CONTESTANT,PRETESTS,12,15,2048000
902,C,33431118,C++14 (GCC 6-32),WRONG_ANSWER,5171,1513702871,AndresRPerez,CONTESTANT,PRETESTS,12,15,1945600
902,C,33433120,C++14 (GCC 6-32),WRONG_ANSWER,6167,1513703867,AndresRPerez,CONTESTANT,PRETESTS,12,15,1945600
902,C,33433296,C++14 (GCC 6-32),OK,6247,1513703947,AndresRPerez,CONTESTANT,TESTS,45,93,9932800
902,A,33413458,GNU C++11,WRONG_ANSWER,385,1513698095,Andres_Alumets,CONTESTANT,PRETESTS,2,0,2048000
902,A,33415969,GNU C++11,WRONG_ANSWER,778,1513698489,Andres_Alumets,CONTESTANT,PRETESTS,3,15,2048000
902,B,33424350,GNU C++11,OK,2627,1513700338,Andres_Alumets,CONTESTANT,TESTS,50,61,2457600
902,C,33431579,GNU C++11,RUNTIME_ERROR,5388,1513703099,Andres_Alumets,CONTESTANT,TESTS,16,295,2867200
902,A,33432219,GNU C++11,OK,5712,1513703422,Andres_Alumets,CONTESTANT,TESTS,55,15,2048000
902,A,33414503,Python 3,WRONG_ANSWER,566,1513698266,AngelOfDeath,CONTESTANT,PRETESTS,2,46,5529600
902,A,33415217,Python 3,WRONG_ANSWER,679,1513698379,AngelOfDeath,CONTESTANT,PRETESTS,2,62,5529600
902,A,33415754,C++14 (GCC 6-32),WRONG_ANSWER,757,1513698457,Angelise,CONTESTANT,PRETESTS,3,15,2355200
902,A,33416085,C++14 (GCC 6-32),OK,804,1513698504,Angelise,CONTESTANT,TESTS,55,15,2355200
902,B,33419880,C++14 (GCC 6-32),OK,1486,1513699186,Angelise,CONTESTANT,TESTS,50,30,5734400
902,C,33429574,C++14 (GCC 6-32),OK,4520,1513702220,Angelise,CONTESTANT,TESTS,45,124,16691200
902,A,33418567,GNU C++,OK,1216,1513698916,Anik_Modak,CONTESTANT,TESTS,55,31,2048000
902,A,33419786,GNU C++11,WRONG_ANSWER,1464,1513699164,AnikaTahsin,CONTESTANT,PRETESTS,3,0,2048000
902,A,33420988,GNU C++11,CHALLENGED,1741,1513699441,AnikaTahsin,CONTESTANT,CHALLENGES,8,15,2048000
902,A,33424223,GNU C++11,WRONG_ANSWER,2600,1513700300,AnikaTahsin,CONTESTANT,TESTS,16,15,2048000
902,A,33414889,Java 8,WRONG_ANSWER,629,1513698329,Aniket10k,CONTESTANT,PRETESTS,2,109,20582400
902,A,33420393,Java 8,WRONG_ANSWER,1599,1513699299,Aniket10k,CONTESTANT,PRETESTS,2,109,20582400
902,A,33423807,Java 8,WRONG_ANSWER,2493,1513700193,Aniket10k,CONTESTANT,PRETESTS,2,109,20582400
902,A,33426969,Java 8,WRONG_ANSWER,3493,1513701193,Aniket10k,CONTESTANT,PRETESTS,2,124,20582400
902,A,33428279,Java 8,WRONG_ANSWER,3984,1513701684,Aniket10k,CONTESTANT,PRETESTS,4,124,20582400
902,A,33418848,Java 8,TIME_LIMIT_EXCEEDED,1271,1513698971,Aniket144,CONTESTANT,PRETESTS,5,1000,151756800
902,A,33422149,Java 8,OK,2026,1513699726,Aniket144,CONTESTANT,TESTS,55,124,20684800
902,B,33431952,Java 8,TIME_LIMIT_EXCEEDED,5592,1513703292,Aniket144,CONTESTANT,TESTS,24,1000,20684800
902,A,33419018,C++14 (GCC 6-32),WRONG_ANSWER,1312,1513699012,AnisParvez,CONTESTANT,PRETESTS,4,15,1843200
902,A,33420490,C++14 (GCC 6-32),WRONG_ANSWER,1622,1513699322,AnisParvez,CONTESTANT,PRETESTS,4,15,1843200
902,A,33420951,C++14 (GCC 6-32),WRONG_ANSWER,1732,1513699432,AnisParvez,CONTESTANT,PRETESTS,4,15,1843200
902,A,33422412,C++14 (GCC 6-32),TIME_LIMIT_EXCEEDED,2102,1513699802,Anish_ubuntu,CONTESTANT,TESTS,13,1000,1945600
902,B,33432206,GNU C,MEMORY_LIMIT_EXCEEDED,5713,1513703413,Anish_ubuntu,CONTESTANT,PRETESTS,0,15,268390400
902,B,33432953,GNU C,MEMORY_LIMIT_EXCEEDED,6088,1513703788,Anish_ubuntu,CONTESTANT,PRETESTS,5,108,268390400
902,B,33433549,GNU C,MEMORY_LIMIT_EXCEEDED,6355,1513704055,Anish_ubuntu,CONTESTANT,PRETESTS,5,124,268390400
902,A,33419219,GNU C,RUNTIME_ERROR,1354,1513699054,Anmolgup,CONTESTANT,PRETESTS,1,0,1843200
902,A,33420427,GNU C,COMPILATION_ERROR,1609,1513699309,Anmolgup,CONTESTANT,PRETESTS,0,0,0
902,A,33421020,GNU C,RUNTIME_ERROR,1750,1513699450,Anmolgup,CONTESTANT,PRETESTS,1,0,1843200
902,A,33412785,GNU C++11,WRONG_ANSWER,244,1513697944,Annie2212,CONTESTANT,PRETESTS,3,15,2048000
902,A,33413149,GNU C++11,WRONG_ANSWER,339,1513698039,Annie2212,CONTESTANT,TESTS,11,15,2048000
902,B,33418535,GNU C++11,OK,1210,1513698910,Annie2212,CONTESTANT,TESTS,50,30,2150400
902,C,33433361,GNU C++11,OK,6276,1513703976,Annie2212,CONTESTANT,TESTS,45,109,2457600
902,D,33435225,GNU C++11,WRONG_ANSWER,7079,1513704779,Annie2212,CONTESTANT,PRETESTS,2,15,2048000
902,D,33435570,GNU C++11,WRONG_ANSWER,7179,1513704879,Annie2212,CONTESTANT,PRETESTS,2,15,2048000
902,A,33412967,C++14 (GCC 6-32),WRONG_ANSWER,302,1513698002,Anonymous_420,CONTESTANT,PRETESTS,1,15,1945600
902,A,33414674,C++14 (GCC 6-32),WRONG_ANSWER,592,1513698292,Anonymous_420,CONTESTANT,PRETESTS,0,0,1945600
902,A,33414880,C++14 (GCC 6-32),WRONG_ANSWER,627,1513698327,Anonymous_420,CONTESTANT,PRETESTS,0,15,1945600
902,A,33415094,C++14 (GCC 6-32),WRONG_ANSWER,661,1513698361,Anonymous_420,CONTESTANT,PRETESTS,0,0,1945600
902,A,33415435,C++14 (GCC 6-32),WRONG_ANSWER,710,1513698410,Anonymous_420,CONTESTANT,PRETESTS,2,0,1945600
902,A,33415860,C++14 (GCC 6-32),WRONG_ANSWER,772,1513698472,Anonymous_420,CONTESTANT,PRETESTS,2,15,1945600
902,A,33416616,C++14 (GCC 6-32),WRONG_ANSWER,885,1513698585,Anonymous_420,CONTESTANT,PRETESTS,2,0,1945600
902,A,33418184,C++14 (GCC 6-32),WRONG_ANSWER,1147,1513698847,Anonymous_420,CONTESTANT,PRETESTS,0,0,1945600
902,A,33418416,C++14 (GCC 6-32),OK,1187,1513698887,Anonymous_420,CONTESTANT,TESTS,55,15,1945600
902,B,33430229,C++14 (GCC 6-32),OK,4793,1513702493,Anonymous_420,CONTESTANT,TESTS,50,31,2457600
902,A,33413730,C++14 (GCC 6-32),OK,432,1513698143,Anti-Light,CONTESTANT,TESTS,55,15,1945600
902,B,33418385,C++14 (GCC 6-32),OK,1171,1513698882,Anti-Light,CONTESTANT,TESTS,50,30,3993600
902,C,33423787,C++14 (GCC 6-32),OK,2479,1513700189,Anti-Light,CONTESTANT,TESTS,45,77,4300800
902,A,33413532,C++14 (GCC 6-32),OK,409,1513698109,Anton_Roy,CONTESTANT,TESTS,55,15,1945600
902,B,33423974,C++14 (GCC 6-32),OK,2539,1513700239,Anton_Roy,CONTESTANT,TESTS,50,233,2457600
902,C,33427166,C++14 (GCC 6-32),WRONG_ANSWER,3571,1513701271,Anton_Roy,CONTESTANT,PRETESTS,1,0,1843200
902,A,33413567,C++14 (GCC 6-32),MEMORY_LIMIT_EXCEEDED,416,1513698116,Arafatistic,CONTESTANT,TESTS,13,264,268390400
902,B,33418027,C++14 (GCC 6-32),OK,1121,1513698821,Arafatistic,CONTESTANT,TESTS,50,30,18432000
902,C,33430904,C++14 (GCC 6-32),OK,5073,1513702773,Arafatistic,CONTESTANT,TESTS,45,78,12902400
902,A,33415004,GNU C++11,WRONG_ANSWER,636,1513698347,Araz.G,CONTESTANT,PRETESTS,1,15,2048000
902,A,33416953,GNU C++11,WRONG_ANSWER,927,1513698637,Araz.G,CONTESTANT,PRETESTS,1,15,2048000
902,A,33418244,GNU C++11,OK,1147,1513698858,Araz.G,CONTESTANT,TESTS,55,30,2048000
902,A,33417845,Java 8,WRONG_ANSWER,1092,1513698792,Arbitrary,CONTESTANT,PRETESTS,2,140,20992000
902,A,33419977,Java 8,WRONG_ANSWER,1508,1513699208,Arbitrary,CONTESTANT,PRETESTS,2,140,20992000
902,A,33421853,Java 8,WRONG_ANSWER,1954,1513699654,Arbitrary,CONTESTANT,PRETESTS,4,140,20992000
902,A,33413263,GNU C++11,OK,362,1513698062,ArchHiraku,CONTESTANT,TESTS,55,15,2048000
902,B,33415194,GNU C++11,OK,675,1513698375,ArchHiraku,CONTESTANT,TESTS,50,31,2150400
902,C,33419836,GNU C++11,OK,1475,1513699175,ArchHiraku,CONTESTANT,TESTS,45,249,2457600
902,D,33430153,GNU C++11,OK,4765,1513702465,ArchHiraku,CONTESTANT,TESTS,150,31,2150400
902,A,33418126,GNU C++11,WRONG_ANSWER,1137,1513698837,ArchitJ,CONTESTANT,PRETESTS,2,15,2048000
902,B,33425053,GNU C++11,COMPILATION_ERROR,2846,1513700546,ArchitJ,CONTESTANT,PRETESTS,0,0,0
902,B,33425196,GNU C++11,OK,2891,1513700591,ArchitJ,CONTESTANT,TESTS,50,265,31539200
902,A,33426665,GNU C++11,TIME_LIMIT_EXCEEDED,3385,1513701085,ArchitJ,CONTESTANT,TESTS,13,1000,2048000
902,C,33432524,GNU C++11,OK,5883,1513703583,ArchitJ,CONTESTANT,TESTS,45,280,2457600
902,A,33417350,Python 3,OK,1006,1513698706,Arhimason,CONTESTANT,TESTS,55,77,5529600
902,B,33430151,Python 3,RUNTIME_ERROR,4764,1513702464,Arhimason,CONTESTANT,TESTS,17,108,7680000
902,A,33412932,C++14 (GCC 6-32),OK,293,1513697993,Ari,CONTESTANT,TESTS,55,15,1945600
902,B,33424226,C++14 (GCC 6-32),RUNTIME_ERROR,2602,1513700302,Ari,CONTESTANT,PRETESTS,5,15,1945600
902,B,33424586,C++14 (GCC 6-32),OK,2711,1513700411,Ari,CONTESTANT,TESTS,50,156,2150400
902,C,33430005,C++14 (GCC 6-32),WRONG_ANSWER,4698,1513702398,Ari,CONTESTANT,PRETESTS,0,15,9932800
902,C,33430543,C++14 (GCC 6-32),OK,4922,1513702622,Ari,CONTESTANT,TESTS,45,93,9932800
902,B,33419656,C++14 (GCC 6-32),OK,1440,1513699140,ArielxX,CONTESTANT,TESTS,50,15,2457600
902,A,33423141,C++14 (GCC 6-32),OK,2306,1513700006,ArielxX,CONTESTANT,TESTS,55,15,1945600
902,C,33428516,C++14 (GCC 6-32),WRONG_ANSWER,4082,1513701782,ArielxX,CONTESTANT,TESTS,38,109,5836800
902,D,33431694,C++14 (GCC 6-32),WRONG_ANSWER,5456,1513703156,ArielxX,CONTESTANT,PRETESTS,2,15,1843200
902,D,33432767,C++14 (GCC 6-32),WRONG_ANSWER,5994,1513703694,ArielxX,CONTESTANT,PRETESTS,3,15,1945600
902,D,33433582,C++14 (GCC 6-32),WRONG_ANSWER,6373,1513704073,ArielxX,CONTESTANT,PRETESTS,3,15,1843200
902,A,33415320,GNU C++11,WRONG_ANSWER,694,1513698394,Arizona002,CONTESTANT,PRETESTS,6,15,2048000
902,A,33416716,GNU C++11,WRONG_ANSWER,902,1513698602,Arizona002,CONTESTANT,PRETESTS,2,0,2048000
902,A,33417166,GNU C++11,WRONG_ANSWER,974,1513698674,Arizona002,CONTESTANT,PRETESTS,1,15,2048000
902,A,33418327,GNU C++11,OK,1173,1513698873,Arizona002,CONTESTANT,TESTS,55,15,2048000
902,B,33425485,GNU C++11,WRONG_ANSWER,2986,1513700686,Arizona002,CONTESTANT,PRETESTS,3,15,2150400
902,B,33426448,GNU C++11,WRONG_ANSWER,3304,1513701004,Arizona002,CONTESTANT,PRETESTS,0,0,2150400
902,A,33412688,GNU C++11,OK,197,1513697897,ArktinenKarpalo,CONTESTANT,TESTS,55,15,2048000
902,B,33416830,GNU C++11,RUNTIME_ERROR,920,1513698620,ArktinenKarpalo,CONTESTANT,PRETESTS,5,15,2150400
902,B,33417276,GNU C++11,OK,994,1513698694,ArktinenKarpalo,CONTESTANT,TESTS,50,217,2457600
902,C,33427375,GNU C++11,WRONG_ANSWER,3649,1513701349,ArktinenKarpalo,CONTESTANT,PRETESTS,1,0,2048000
902,C,33430225,GNU C++11,OK,4791,1513702491,ArktinenKarpalo,CONTESTANT,TESTS,45,264,4198400
902,A,33419563,Python 3,WRONG_ANSWER,1424,1513699124,Arman76,CONTESTANT,PRETESTS,2,62,5529600
902,A,33420813,Python 3,WRONG_ANSWER,1700,1513699400,Arman76,CONTESTANT,PRETESTS,2,46,5529600
902,A,33421006,Python 3,WRONG_ANSWER,1747,1513699447,Arman76,CONTESTANT,PRETESTS,2,77,5529600
902,A,33421363,Python 3,WRONG_ANSWER,1833,1513699533,Arman76,CONTESTANT,PRETESTS,2,62,5529600
902,A,33421906,Python 3,WRONG_ANSWER,1968,1513699668,Arman76,CONTESTANT,PRETESTS,2,46,5529600
902,A,33422240,Python 3,WRONG_ANSWER,2047,1513699747,Arman76,CONTESTANT,PRETESTS,2,46,5529600
902,A,33422501,Python 3,WRONG_ANSWER,2126,1513699826,Arman76,CONTESTANT,PRETESTS,4,62,5529600
902,A,33422764,Python 3,WRONG_ANSWER,2200,1513699900,Arman76,CONTESTANT,PRETESTS,4,61,5529600
902,A,33423720,Python 3,WRONG_ANSWER,2468,1513700168,Arman76,CONTESTANT,PRETESTS,4,77,5529600
902,A,33425965,Python 3,WRONG_ANSWER,3140,1513700840,Arman76,CONTESTANT,PRETESTS,4,46,5529600
902,A,33426223,Python 3,WRONG_ANSWER,3230,1513700930,Arman76,CONTESTANT,PRETESTS,4,61,5529600
902,A,33426491,Python 3,CHALLENGED,3319,1513701019,Arman76,CONTESTANT,CHALLENGES,8,46,5529600
902,A,33429995,Python 3,WRONG_ANSWER,4693,1513702393,Arman76,CONTESTANT,CHALLENGES,0,61,5529600
902,A,33432634,Python 3,WRONG_ANSWER,5938,1513703638,Arman76,CONTESTANT,PRETESTS,0,31,5529600
902,A,33432688,Python 3,OK,5958,1513703658,Arman76,CONTESTANT,TESTS,55,62,5529600
902,A,33414015,GNU C++11,OK,480,1513698190,ArmandNM,CONTESTANT,TESTS,55,30,2048000
902,B,33420680,GNU C++11,OK,1657,1513699367,ArmandNM,CONTESTANT,TESTS,50,46,2560000
902,C,33425219,GNU C++11,WRONG_ANSWER,2889,1513700599,ArmandNM,CONTESTANT,PRETESTS,1,0,2867200
902,C,33427760,GNU C++11,WRONG_ANSWER,3780,1513701491,ArmandNM,CONTESTANT,PRETESTS,3,15,2867200
902,C,33428854,GNU C++11,WRONG_ANSWER,4211,1513701922,ArmandNM,CONTESTANT,PRETESTS,4,15,2867200
902,C,33431815,GNU C++11,WRONG_ANSWER,5515,1513703226,ArmandNM,CONTESTANT,PRETESTS,4,15,2867200
902,C,33433432,GNU C++11,OK,6299,1513704009,ArmandNM,CONTESTANT,TESTS,45,374,15667200
902,A,33417467,C++14 (GCC 6-32),OK,1026,1513698726,Arpan_Bhowmik,CONTESTANT,TESTS,55,15,2457600
902,B,33422072,C++14 (GCC 6-32),OK,2006,1513699706,Arpan_Bhowmik,CONTESTANT,TESTS,50,15,2457600
902,C,33431076,C++14 (GCC 6-32),OK,5154,1513702854,Arpan_Bhowmik,CONTESTANT,TESTS,45,124,9420800
902,A,33420966,C++14 (GCC 6-32),OK,1736,1513699436,Arsany98,CONTESTANT,TESTS,55,15,1945600
902,B,33429981,C++14 (GCC 6-32),OK,4687,1513702387,Arsany98,CONTESTANT,TESTS,50,280,2560000
902,A,33430283,GNU C++,WRONG_ANSWER,4800,1513702511,Arthurs,CONTESTANT,PRETESTS,0,0,2048000
902,A,33415673,C++14 (GCC 6-32),OK,733,1513698444,Artmat,CONTESTANT,TESTS,55,15,1945600
902,B,33418915,C++14 (GCC 6-32),OK,1277,1513698988,Artmat,CONTESTANT,TESTS,50,31,4505600
902,C,33424787,C++14 (GCC 6-32),WRONG_ANSWER,2758,1513700469,Artmat,CONTESTANT,PRETESTS,3,15,1945600
902,C,33426194,C++14 (GCC 6-32),WRONG_ANSWER,3209,1513700919,Artmat,CONTESTANT,PRETESTS,1,0,1843200
902,C,33426300,C++14 (GCC 6-32),WRONG_ANSWER,3243,1513700954,Artmat,CONTESTANT,PRETESTS,3,15,1945600
902,C,33427246,C++14 (GCC 6-32),WRONG_ANSWER,3590,1513701301,Artmat,CONTESTANT,TESTS,37,186,11264000
902,A,33412936,GNU C++,OK,284,1513697994,Artur_mipt,CONTESTANT,TESTS,55,15,2048000
902,B,33425758,GNU C++,OK,3066,1513700776,Artur_mipt,CONTESTANT,TESTS,50,264,2662400
902,C,33433538,GNU C++,OK,6338,1513704048,Artur_mipt,CONTESTANT,TESTS,45,342,3072000
902,A,33427599,MS C++,OK,3730,1513701430,Arturoku,CONTESTANT,TESTS,55,31,2048000
902,B,33430189,MS C++,OK,4777,1513702477,Arturoku,CONTESTANT,TESTS,50,31,2560000
902,A,33416875,GNU C++,WRONG_ANSWER,926,1513698626,Arya_1,CONTESTANT,PRETESTS,2,0,2048000
902,A,33419904,GNU C++,WRONG_ANSWER,1491,1513699191,Arya_1,CONTESTANT,PRETESTS,1,15,2048000
902,A,33413939,GNU C++11,WRONG_ANSWER,478,1513698178,Asagami,CONTESTANT,PRETESTS,2,0,2048000
902,A,33417135,GNU C++11,WRONG_ANSWER,970,1513698670,Asagami,CONTESTANT,PRETESTS,2,15,2048000
902,A,33419672,GNU C++11,WRONG_ANSWER,1444,1513699144,Asagami,CONTESTANT,PRETESTS,4,15,2048000
902,A,33422272,GNU C++11,WRONG_ANSWER,2056,1513699756,Asagami,CONTESTANT,PRETESTS,0,0,2048000
902,A,33422588,GNU C++11,WRONG_ANSWER,2150,1513699850,Asagami,CONTESTANT,PRETESTS,4,15,2048000
902,A,33423099,GNU C++11,WRONG_ANSWER,2290,1513699990,Asagami,CONTESTANT,PRETESTS,4,15,2048000
902,A,33424619,GNU C++11,WRONG_ANSWER,2721,1513700421,Asagami,CONTESTANT,PRETESTS,4,15,2048000
902,A,33425040,GNU C++11,OK,2843,1513700543,Asagami,CONTESTANT,TESTS,55,15,2048000
902,A,33412887,C++14 (GCC 6-32),OK,280,1513697980,AshishYadav,CONTESTANT,TESTS,55,31,1945600
902,B,33414940,C++14 (GCC 6-32),OK,635,1513698335,AshishYadav,CONTESTANT,TESTS,50,31,2867200
902,C,33421889,C++14 (GCC 6-32),OK,1962,1513699662,AshishYadav,CONTESTANT,TESTS,45,93,13721600
902,D,33432398,C++14 (GCC 6-32),WRONG_ANSWER,5814,1513703514,AshishYadav,CONTESTANT,PRETESTS,4,15,1945600
902,D,33432556,C++14 (GCC 6-32),WRONG_ANSWER,5899,1513703599,AshishYadav,CONTESTANT,PRETESTS,4,15,1945600
902,D,33432731,C++14 (GCC 6-32),WRONG_ANSWER,5977,1513703677,AshishYadav,CONTESTANT,PRETESTS,4,15,1945600
902,D,33432752,C++14 (GCC 6-32),WRONG_ANSWER,5987,1513703687,AshishYadav,CONTESTANT,PRETESTS,0,15,1843200
902,D,33432924,C++14 (GCC 6-32),WRONG_ANSWER,6076,1513703776,AshishYadav,CONTESTANT,PRETESTS,4,15,1945600
902,D,33434076,C++14 (GCC 6-32),WRONG_ANSWER,6614,1513704314,AshishYadav,CONTESTANT,PRETESTS,1,15,1945600
902,D,33434596,C++14 (GCC 6-32),WRONG_ANSWER,6843,1513704543,AshishYadav,CONTESTANT,PRETESTS,0,15,1945600
902,D,33434823,C++14 (GCC 6-32),WRONG_ANSWER,6942,1513704642,AshishYadav,CONTESTANT,PRETESTS,4,15,1945600
902,D,33435093,C++14 (GCC 6-32),WRONG_ANSWER,7031,1513704731,AshishYadav,CONTESTANT,PRETESTS,0,0,1945600
902,A,33414965,C++14 (GCC 6-32),OK,640,1513698340,AshveenBansal,CONTESTANT,TESTS,55,31,1945600
902,B,33425104,C++14 (GCC 6-32),MEMORY_LIMIT_EXCEEDED,2863,1513700563,AshveenBansal,CONTESTANT,PRETESTS,5,139,268390400
902,B,33426214,C++14 (GCC 6-32),OK,3227,1513700927,AshveenBansal,CONTESTANT,TESTS,50,280,2764800
902,A,33421753,GNU C++17 Diagnostics,WRONG_ANSWER,1927,1513699627,Ashvik,CONTESTANT,PRETESTS,2,795,98201600
902,A,33423478,GNU C++17 Diagnostics,WRONG_ANSWER,2399,1513700099,Ashvik,CONTESTANT,PRETESTS,4,779,100044800
902,A,33429618,GNU C++17 Diagnostics,SKIPPED,4541,1513702241,Ashvik,CONTESTANT,PRETESTS,8,795,99020800
902,A,33431451,GNU C++17 Diagnostics,OK,5333,1513703033,Ashvik,CONTESTANT,TESTS,55,795,100044800
902,A,33419889,C++14 (GCC 6-32),OK,1488,1513699188,Asif_Mohammad,CONTESTANT,TESTS,55,15,1945600
902,B,33429163,C++14 (GCC 6-32),TIME_LIMIT_EXCEEDED,4343,1513702043,Asif_Mohammad,CONTESTANT,TESTS,17,1000,3276800
902,B,33428451,C++14 (GCC 6-32),OK,4053,1513701753,Askha,CONTESTANT,TESTS,50,265,3174400
902,A,33434355,C++14 (GCC 6-32),OK,6740,1513704440,Askha,CONTESTANT,TESTS,55,30,3379200
902,A,33418119,GNU C,WRONG_ANSWER,1136,1513698836,Assaduzzaman_Sohan,CONTESTANT,PRETESTS,2,15,1843200
902,A,33420780,GNU C,WRONG_ANSWER,1694,1513699394,Assaduzzaman_Sohan,CONTESTANT,PRETESTS,2,0,1843200
902,A,33423201,GNU C,WRONG_ANSWER,2322,1513700022,Assaduzzaman_Sohan,CONTESTANT,PRETESTS,2,15,1843200
902,A,33424290,GNU C,WRONG_ANSWER,2622,1513700322,Assaduzzaman_Sohan,CONTESTANT,PRETESTS,3,15,1843200
902,A,33426151,GNU C,WRONG_ANSWER,3205,1513700905,Assaduzzaman_Sohan,CONTESTANT,PRETESTS,4,15,1843200
902,A,33430459,GNU C,WRONG_ANSWER,4885,1513702585,Assaduzzaman_Sohan,CONTESTANT,PRETESTS,5,15,1843200
902,A,33426780,C++14 (GCC 6-32),WRONG_ANSWER,3427,1513701127,Aswany09,CONTESTANT,PRETESTS,2,15,1843200
902,A,33430840,C++14 (GCC 6-32),WRONG_ANSWER,5049,1513702749,Aswany09,CONTESTANT,PRETESTS,2,15,1843200
902,A,33433241,C++14 (GCC 6-32),WRONG_ANSWER,6222,1513703922,Aswany09,CONTESTANT,PRETESTS,2,15,1945600
902,A,33419927,GNU C++11,WRONG_ANSWER,1496,1513699196,Atrboy,CONTESTANT,TESTS,11,15,2048000
902,B,33425044,GNU C++11,OK,2843,1513700543,Atrboy,CONTESTANT,TESTS,50,62,2764800
902,C,33429193,GNU C++11,WRONG_ANSWER,4355,1513702055,Atrboy,CONTESTANT,PRETESTS,3,15,2048000
902,A,33412704,C++14 (GCC 6-32),WRONG_ANSWER,207,1513697907,Atreus,CONTESTANT,PRETESTS,2,15,2662400
902,A,33413022,C++14 (GCC 6-32),OK,313,1513698013,Atreus,CONTESTANT,TESTS,55,15,2764800
902,B,33416325,C++14 (GCC 6-32),OK,841,1513698541,Atreus,CONTESTANT,TESTS,50,46,4403200
902,C,33421550,C++14 (GCC 6-32),OK,1882,1513699582,Atreus,CONTESTANT,TESTS,45,155,2662400
902,A,33423466,GNU C++11,WRONG_ANSWER,2396,1513700096,Ax_Von,CONTESTANT,PRETESTS,2,0,2048000
902,A,33426517,GNU C++11,WRONG_ANSWER,3330,1513701030,Ax_Von,CONTESTANT,PRETESTS,4,15,2048000
902,A,33426970,GNU C++11,WRONG_ANSWER,3494,1513701194,Ax_Von,CONTESTANT,PRETESTS,4,15,2048000
902,A,33428546,GNU C++11,OK,4096,1513701796,Ax_Von,CONTESTANT,TESTS,55,15,2048000
902,A,33423390,GNU C++11,WRONG_ANSWER,2376,1513700076,AyaBenSaad,CONTESTANT,PRETESTS,2,0,2048000
902,A,33426157,GNU C++11,WRONG_ANSWER,3207,1513700907,AyaBenSaad,CONTESTANT,PRETESTS,2,15,2048000
902,A,33433776,GNU C++11,WRONG_ANSWER,6460,1513704160,AyaBenSaad,CONTESTANT,PRETESTS,0,15,2048000
902,A,33434374,GNU C++11,WRONG_ANSWER,6747,1513704447,AyaBenSaad,CONTESTANT,PRETESTS,3,15,2048000
902,A,33434715,GNU C++11,WRONG_ANSWER,6893,1513704593,AyaBenSaad,CONTESTANT,PRETESTS,0,0,2048000
902,A,33414184,MS C++,WRONG_ANSWER,516,1513698216,AynaS,CONTESTANT,PRETESTS,3,15,2048000
902,A,33415257,MS C++,OK,685,1513698385,AynaS,CONTESTANT,TESTS,55,15,2048000
902,B,33420411,MS C++,OK,1603,1513699303,AynaS,CONTESTANT,TESTS,50,31,2150400
902,B,33421242,JavaScript,COMPILATION_ERROR,1793,1513699503,Ayoub.Aref,CONTESTANT,PRETESTS,0,0,0
902,B,33421407,C++14 (GCC 6-32),OK,1834,1513699544,Ayoub.Aref,CONTESTANT,TESTS,50,31,2867200
902,A,33422244,C++14 (GCC 6-32),WRONG_ANSWER,2038,1513699748,Ayoub.Aref,CONTESTANT,PRETESTS,4,15,1945600
902,A,33422796,C++14 (GCC 6-32),WRONG_ANSWER,2199,1513699909,Ayoub.Aref,CONTESTANT,PRETESTS,1,0,1945600
902,A,33423062,C++14 (GCC 6-32),CHALLENGED,2269,1513699980,Ayoub.Aref,CONTESTANT,CHALLENGES,8,15,1945600
902,A,33427457,C++14 (GCC 6-32),WRONG_ANSWER,3668,1513701378,Ayoub.Aref,CONTESTANT,CHALLENGES,0,15,1945600
902,A,33428382,C++14 (GCC 6-32),WRONG_ANSWER,4012,1513701723,Ayoub.Aref,CONTESTANT,PRETESTS,0,0,1843200
902,A,33428818,C++14 (GCC 6-32),WRONG_ANSWER,4195,1513701906,Ayoub.Aref,CONTESTANT,PRETESTS,3,15,1843200
902,A,33429026,C++14 (GCC 6-32),WRONG_ANSWER,4278,1513701988,Ayoub.Aref,CONTESTANT,PRETESTS,3,15,1945600
902,C,33431605,C++14 (GCC 6-32),WRONG_ANSWER,5400,1513703111,Ayoub.Aref,CONTESTANT,PRETESTS,3,15,4300800
902,A,33426578,Java 8,WRONG_ANSWER,3352,1513701052,AyushBansal,CONTESTANT,TESTS,47,155,21094400
902,B,33430795,Java 8,TIME_LIMIT_EXCEEDED,5036,1513702736,AyushBansal,CONTESTANT,TESTS,24,1000,21094400
902,C,33432022,Java 8,WRONG_ANSWER,5626,1513703326,AyushBansal,CONTESTANT,PRETESTS,1,124,20992000
902,A,33415635,C++14 (GCC 6-32),OK,739,1513698439,Ayush_Gupta24,CONTESTANT,TESTS,55,15,1945600
902,B,33425126,C++14 (GCC 6-32),OK,2868,1513700568,Ayush_Gupta24,CONTESTANT,TESTS,50,31,2560000
902,C,33432376,C++14 (GCC 6-32),OK,5798,1513703498,Ayush_Gupta24,CONTESTANT,TESTS,45,218,30105600
902,A,33427331,GNU C11,WRONG_ANSWER,3637,1513701337,Ayve_178,CONTESTANT,PRETESTS,2,15,1843200
902,A,33433435,GNU C++,WRONG_ANSWER,6310,1513704010,Ayve_178,CONTESTANT,PRETESTS,2,15,1843200
902,A,33418022,MS C++,WRONG_ANSWER,1109,1513698820,Azimoski,CONTESTANT,PRETESTS,2,15,2048000
902,A,33423169,MS C++,WRONG_ANSWER,2303,1513700013,Azimoski,CONTESTANT,PRETESTS,2,15,2048000
902,A,33425637,MS C++,WRONG_ANSWER,3024,1513700734,Azimoski,CONTESTANT,PRETESTS,2,15,2048000
902,A,33427523,MS C++,WRONG_ANSWER,3696,1513701407,Azimoski,CONTESTANT,PRETESTS,2,15,2048000
902,A,33417712,C++14 (GCC 6-32),OK,1069,1513698769,BATM4N,CONTESTANT,TESTS,55,15,1945600
902,B,33424727,C++14 (GCC 6-32),OK,2749,1513700449,BATM4N,CONTESTANT,TESTS,50,15,2457600
902,A,33412970,C++14 (GCC 6-32),OK,303,1513698003,BL7A.,CONTESTANT,TESTS,55,15,1945600
902,B,33421865,C++14 (GCC 6-32),WRONG_ANSWER,1957,1513699657,BL7A.,CONTESTANT,PRETESTS,0,0,2150400
902,B,33422004,C++14 (GCC 6-32),OK,1994,1513699694,BL7A.,CONTESTANT,TESTS,50,31,2560000
902,C,33428543,C++14 (GCC 6-32),WRONG_ANSWER,4095,1513701795,BL7A.,CONTESTANT,PRETESTS,3,15,9932800
902,C,33428944,C++14 (GCC 6-32),WRONG_ANSWER,4256,1513701956,BL7A.,CONTESTANT,PRETESTS,3,15,9932800
902,C,33432424,C++14 (GCC 6-32),OK,5826,1513703526,BL7A.,CONTESTANT,TESTS,45,140,13209600
902,A,33419627,C++14 (GCC 6-32),WRONG_ANSWER,1435,1513699135,BO2,CONTESTANT,PRETESTS,4,15,2048000
902,A,33423319,C++14 (GCC 6-32),WRONG_ANSWER,2356,1513700056,BO2,CONTESTANT,PRETESTS,4,15,1843200
902,A,33424812,C++14 (GCC 6-32),OK,2776,1513700476,BO2,CONTESTANT,TESTS,55,15,1945600
902,A,33424979,C++14 (GCC 6-32),WRONG_ANSWER,2822,1513700522,BOREI,CONTESTANT,TESTS,32,15,2048000
902,A,33416880,GNU C++11,OK,926,1513698626,BTMM,CONTESTANT,TESTS,55,31,2867200
902,B,33423865,GNU C++11,OK,2506,1513700206,BTMM,CONTESTANT,TESTS,50,31,2252800
902,A,33416110,C++14 (GCC 6-32),OK,808,1513698508,BULATT,CONTESTANT,TESTS,55,15,1945600
902,B,33422000,C++14 (GCC 6-32),OK,1993,1513699693,BULATT,CONTESTANT,TESTS,50,31,2457600
902,A,33416676,Java 8,WRONG_ANSWER,894,1513698594,BaZ_,CONTESTANT,PRETESTS,3,139,20992000
902,A,33418832,Java 8,OK,1268,1513698968,BaZ_,CONTESTANT,TESTS,55,155,20992000
902,B,33421887,Java 8,OK,1961,1513699661,BaZ_,CONTESTANT,TESTS,50,171,21299200
902,C,33427004,Java 8,WRONG_ANSWER,3504,1513701204,BaZ_,CONTESTANT,PRETESTS,1,139,21708800
902,C,33427707,Java 8,OK,3771,1513701471,BaZ_,CONTESTANT,TESTS,45,280,29798400
902,A,33414474,GNU C,WRONG_ANSWER,562,1513698262,BadWolfSama,CONTESTANT,PRETESTS,2,15,1843200
902,A,33418111,GNU C,WRONG_ANSWER,1134,1513698834,BadWolfSama,CONTESTANT,PRETESTS,2,0,1843200
902,A,33420875,GNU C,WRONG_ANSWER,1714,1513699414,BadWolfSama,CONTESTANT,PRETESTS,0,0,1843200
902,A,33421609,GNU C,OK,1893,1513699593,BadWolfSama,CONTESTANT,TESTS,55,15,1843200
902,B,33426518,GNU C,WRONG_ANSWER,3330,1513701030,BadWolfSama,CONTESTANT,PRETESTS,9,61,1945600
902,B,33428137,GNU C,WRONG_ANSWER,3933,1513701633,BadWolfSama,CONTESTANT,PRETESTS,9,62,1945600
902,B,33431334,GNU C,WRONG_ANSWER,5279,1513702979,BadWolfSama,CONTESTANT,PRETESTS,9,78,1945600
902,B,33432442,GNU C,WRONG_ANSWER,5840,1513703540,BadWolfSama,CONTESTANT,PRETESTS,9,62,1945600
902,A,33414012,GNU C++11,OK,490,1513698190,Badpad,CONTESTANT,TESTS,55,31,14131200
902,B,33416748,GNU C++11,OK,907,1513698607,Badpad,CONTESTANT,TESTS,50,46,6553600
902,C,33422473,GNU C++11,OK,2119,1513699819,Badpad,CONTESTANT,TESTS,45,295,29696000
902,A,33419239,Java 8,WRONG_ANSWER,1358,1513699058,Badwiso,CONTESTANT,PRETESTS,3,139,20992000
902,A,33423149,Java 8,WRONG_ANSWER,2298,1513700008,Badwiso,CONTESTANT,PRETESTS,3,139,20992000
902,A,33423583,Java 8,WRONG_ANSWER,2418,1513700129,Badwiso,CONTESTANT,PRETESTS,3,124,20992000
902,A,33424110,Java 8,WRONG_ANSWER,2561,1513700272,Badwiso,CONTESTANT,PRETESTS,4,140,20992000
902,A,33412692,C++14 (GCC 6-32),WRONG_ANSWER,199,1513697899,BagInCode,CONTESTANT,PRETESTS,4,0,1945600
902,A,33413102,C++14 (GCC 6-32),OK,331,1513698031,BagInCode,CONTESTANT,TESTS,55,15,1945600
902,B,33414771,C++14 (GCC 6-32),OK,607,1513698307,BagInCode,CONTESTANT,TESTS,50,46,4403200
902,C,33420983,C++14 (GCC 6-32),OK,1740,1513699440,BagInCode,CONTESTANT,TESTS,45,171,8294400
902,A,33413292,C++14 (GCC 6-32),WRONG_ANSWER,366,1513698066,BagishovMikail,CONTESTANT,PRETESTS,2,0,1843200
902,A,33416216,C++14 (GCC 6-32),MEMORY_LIMIT_EXCEEDED,823,1513698523,BagishovMikail,CONTESTANT,PRETESTS,2,109,268390400
902,A,33417769,C++14 (GCC 6-32),TIME_LIMIT_EXCEEDED,1079,1513698779,BagishovMikail,CONTESTANT,PRETESTS,2,1000,1945600
902,B,33420167,C++14 (GCC 6-32),OK,1549,1513699249,BagishovMikail,CONTESTANT,TESTS,50,46,2560000
902,A,33420952,C++14 (GCC 6-32),TIME_LIMIT_EXCEEDED,1732,1513699432,BagishovMikail,CONTESTANT,PRETESTS,2,1000,1843200
902,A,33421488,C++14 (GCC 6-32),OK,1865,1513699565,BagishovMikail,CONTESTANT,TESTS,55,15,1945600
902,C,33425804,C++14 (GCC 6-32),WRONG_ANSWER,3091,1513700791,BagishovMikail,CONTESTANT,PRETESTS,1,15,1843200
902,C,33425881,C++14 (GCC 6-32),OK,3113,1513700813,BagishovMikail,CONTESTANT,TESTS,45,186,8908800
902,D,33432814,C++14 (GCC 6-32),WRONG_ANSWER,6020,1513703720,BagishovMikail,CONTESTANT,PRETESTS,2,15,1945600
902,D,33433034,C++14 (GCC 6-32),WRONG_ANSWER,6126,1513703826,BagishovMikail,CONTESTANT,PRETESTS,6,31,1945600
902,D,33433133,C++14 (GCC 6-32),RUNTIME_ERROR,6173,1513703873,BagishovMikail,CONTESTANT,PRETESTS,6,0,1843200
902,D,33433192,C++14 (GCC 6-32),WRONG_ANSWER,6204,1513703904,BagishovMikail,CONTESTANT,PRETESTS,6,15,1843200
902,A,33426927,C++14 (GCC 6-32),OK,3468,1513701179,Bahonti,CONTESTANT,TESTS,55,15,1945600
902,A,33413845,GNU C++11,OK,462,1513698162,BakerStreet,CONTESTANT,TESTS,55,15,2048000
902,B,33419261,GNU C++11,OK,1361,1513699061,BakerStreet,CONTESTANT,TESTS,50,30,2560000
902,C,33426424,GNU C++11,WRONG_ANSWER,3296,1513700996,BakerStreet,CONTESTANT,TESTS,37,93,4403200
902,D,33435387,GNU C++11,WRONG_ANSWER,7131,1513704831,BakerStreet,CONTESTANT,PRETESTS,2,15,2048000
902,A,33418185,C++14 (GCC 6-32),WRONG_ANSWER,1137,1513698848,Baker_vai,CONTESTANT,PRETESTS,2,15,1843200
902,A,33421737,C++14 (GCC 6-32),WRONG_ANSWER,1913,1513699624,Baker_vai,CONTESTANT,TESTS,47,15,1945600
902,B,33430758,C++14 (GCC 6-32),OK,5008,1513702719,Baker_vai,CONTESTANT,TESTS,50,30,2457600
902,A,33414342,GNU C++11,WRONG_ANSWER,540,1513698240,Bakry,CONTESTANT,PRETESTS,4,15,2048000
902,A,33415337,GNU C++11,OK,696,1513698396,Bakry,CONTESTANT,TESTS,55,15,2048000
902,A,33412855,C++14 (GCC 6-32),WRONG_ANSWER,269,1513697969,Balganymka,CONTESTANT,PRETESTS,2,15,1945600
902,A,33414202,C++14 (GCC 6-32),WRONG_ANSWER,519,1513698219,Balganymka,CONTESTANT,PRETESTS,2,15,1945600
902,A,33415783,C++14 (GCC 6-32),WRONG_ANSWER,762,1513698462,Balganymka,CONTESTANT,PRETESTS,1,15,1945600
902,A,33416646,C++14 (GCC 6-32),WRONG_ANSWER,890,1513698590,Balganymka,CONTESTANT,PRETESTS,4,15,1945600
902,B,33421730,C++14 (GCC 6-32),WRONG_ANSWER,1922,1513699622,Balganymka,CONTESTANT,TESTS,35,296,4403200
902,A,33426406,C++14 (GCC 6-32),WRONG_ANSWER,3291,1513700991,Balganymka,CONTESTANT,TESTS,16,15,1945600
902,C,33433462,C++14 (GCC 6-32),WRONG_ANSWER,6318,1513704018,Balganymka,CONTESTANT,PRETESTS,4,15,4710400
902,C,33434126,C++14 (GCC 6-32),OK,6636,1513704336,Balganymka,CONTESTANT,TESTS,45,93,4710400
902,A,33423050,C++14 (GCC 6-32),WRONG_ANSWER,2275,1513699975,Balthier,CONTESTANT,PRETESTS,4,0,1945600
902,A,33428229,C++14 (GCC 6-32),OK,3965,1513701665,Balthier,CONTESTANT,TESTS,55,15,1945600
902,A,33417098,GNU C,COMPILATION_ERROR,962,1513698662,Banbeucmas,CONTESTANT,PRETESTS,0,0,0
902,A,33418173,GNU C,COMPILATION_ERROR,1145,1513698845,Banbeucmas,CONTESTANT,PRETESTS,0,0,0
902,A,33418938,GNU C++,WRONG_ANSWER,1293,1513698993,Banbeucmas,CONTESTANT,PRETESTS,2,15,1843200
902,A,33420211,GNU C++,WRONG_ANSWER,1561,1513699261,Banbeucmas,CONTESTANT,PRETESTS,2,15,1843200
902,A,33421500,GNU C++,WRONG_ANSWER,1868,1513699568,Banbeucmas,CONTESTANT,PRETESTS,2,15,1843200
902,A,33414603,C++14 (GCC 6-32),OK,583,1513698283,Bassel,CONTESTANT,TESTS,55,15,2252800
902,B,33417224,C++14 (GCC 6-32),OK,986,1513698686,Bassel,CONTESTANT,TESTS,50,15,3993600
902,C,33423076,C++14 (GCC 6-32),OK,2282,1513699982,Bassel,CONTESTANT,TESTS,45,77,2355200
902,A,33416103,GNU C++11,OK,807,1513698507,Batja_15,CONTESTANT,TESTS,55,30,2048000
902,B,33423287,GNU C++11,OK,2349,1513700049,Batja_15,CONTESTANT,TESTS,50,46,2560000
902,D,33429441,GNU C++11,WRONG_ANSWER,4460,1513702160,Batja_15,CONTESTANT,PRETESTS,1,15,2048000
902,D,33429750,GNU C++11,WRONG_ANSWER,4593,1513702293,Batja_15,CONTESTANT,PRETESTS,2,0,2048000
902,C,33434264,GNU C++11,WRONG_ANSWER,6701,1513704401,Batja_15,CONTESTANT,PRETESTS,1,0,3276800
902,C,33434516,GNU C++11,WRONG_ANSWER,6812,1513704512,Batja_15,CONTESTANT,PRETESTS,1,15,3276800
902,C,33434867,GNU C++11,WRONG_ANSWER,6957,1513704657,Batja_15,CONTESTANT,PRETESTS,3,15,3276800
902,A,33416024,C++14 (GCC 6-32),WRONG_ANSWER,795,1513698495,Batool_AbuRumman,CONTESTANT,PRETESTS,0,15,1843200
902,A,33417595,C++14 (GCC 6-32),WRONG_ANSWER,1050,1513698750,Batool_AbuRumman,CONTESTANT,PRETESTS,2,15,1945600
902,A,33419230,C++14 (GCC 6-32),WRONG_ANSWER,1357,1513699057,Batool_AbuRumman,CONTESTANT,PRETESTS,0,15,1945600
902,A,33426542,C++14 (GCC 6-32),WRONG_ANSWER,3338,1513701038,Batool_AbuRumman,CONTESTANT,PRETESTS,2,15,1945600
902,A,33428197,C++14 (GCC 6-32),WRONG_ANSWER,3955,1513701655,Batool_AbuRumman,CONTESTANT,PRETESTS,2,15,1843200
902,A,33414473,GNU C++11,OK,551,1513698261,BeYourSven,CONTESTANT,TESTS,55,15,2048000
902,B,33417786,GNU C++11,OK,1072,1513698782,BeYourSven,CONTESTANT,TESTS,50,46,6348800
902,C,33423627,GNU C++11,OK,2428,1513700139,BeYourSven,CONTESTANT,TESTS,45,342,2867200
902,D,33429033,GNU C++11,WRONG_ANSWER,4283,1513701993,BeYourSven,CONTESTANT,PRETESTS,0,0,2867200
902,D,33430195,GNU C++11,WRONG_ANSWER,4767,1513702478,BeYourSven,CONTESTANT,PRETESTS,4,0,2048000
902,D,33430552,GNU C++11,WRONG_ANSWER,4915,1513702626,BeYourSven,CONTESTANT,PRETESTS,2,15,2048000
902,D,33430918,GNU C++11,WRONG_ANSWER,5069,1513702779,BeYourSven,CONTESTANT,PRETESTS,2,15,2048000
902,D,33431104,GNU C++11,WRONG_ANSWER,5155,1513702865,BeYourSven,CONTESTANT,PRETESTS,4,15,2048000
902,D,33431597,GNU C++11,WRONG_ANSWER,5397,1513703107,BeYourSven,CONTESTANT,PRETESTS,2,15,2048000
902,D,33431657,GNU C++11,WRONG_ANSWER,5429,1513703139,BeYourSven,CONTESTANT,PRETESTS,5,0,2048000
902,D,33432048,GNU C++11,WRONG_ANSWER,5626,1513703337,BeYourSven,CONTESTANT,PRETESTS,5,15,2048000
902,D,33432210,GNU C++11,WRONG_ANSWER,5706,1513703416,BeYourSven,CONTESTANT,PRETESTS,7,15,2048000
902,D,33432487,GNU C++11,WRONG_ANSWER,5848,1513703558,BeYourSven,CONTESTANT,PRETESTS,2,15,2048000
902,D,33432531,GNU C++11,WRONG_ANSWER,5876,1513703586,BeYourSven,CONTESTANT,PRETESTS,3,15,2048000
902,D,33432604,GNU C++11,WRONG_ANSWER,5910,1513703621,BeYourSven,CONTESTANT,PRETESTS,2,15,2048000
902,D,33432659,GNU C++11,WRONG_ANSWER,5935,1513703646,BeYourSven,CONTESTANT,PRETESTS,4,15,2048000
902,D,33432993,GNU C++11,WRONG_ANSWER,6095,1513703805,BeYourSven,CONTESTANT,PRETESTS,4,15,2048000
902,D,33435341,GNU C++11,WRONG_ANSWER,7106,1513704817,BeYourSven,CONTESTANT,PRETESTS,2,15,2048000
902,D,33435460,GNU C++11,WRONG_ANSWER,7143,1513704853,BeYourSven,CONTESTANT,PRETESTS,4,15,2048000
902,D,33435581,GNU C++11,WRONG_ANSWER,7169,1513704880,BeYourSven,CONTESTANT,PRETESTS,4,15,2048000
902,A,33419277,C++14 (GCC 6-32),WRONG_ANSWER,1364,1513699064,BeachbodyNumbercrunch,CONTESTANT,TESTS,53,15,1945600
902,A,33417894,Java 8,WRONG_ANSWER,1100,1513698800,BeardAspirant,CONTESTANT,TESTS,47,155,20992000
902,B,33432308,C++14 (GCC 6-32),OK,5769,1513703469,BeardAspirant,CONTESTANT,TESTS,50,327,2457600
902,A,33415680,C++14 (GCC 6-32),WRONG_ANSWER,734,1513698445,Begetto,CONTESTANT,PRETESTS,2,0,1843200
902,B,33418697,C++14 (GCC 6-32),OK,1231,1513698942,Begetto,CONTESTANT,TESTS,50,30,2355200
902,A,33420320,C++14 (GCC 6-32),WRONG_ANSWER,1570,1513699280,Begetto,CONTESTANT,PRETESTS,3,0,1945600
902,A,33420954,C++14 (GCC 6-32),OK,1722,1513699432,Begetto,CONTESTANT,TESTS,55,15,1945600
902,A,33418281,C++14 (GCC 6-32),WRONG_ANSWER,1164,1513698864,Beibars,CONTESTANT,PRETESTS,2,0,1945600
902,A,33419035,C++14 (GCC 6-32),WRONG_ANSWER,1316,1513699016,Beibars,CONTESTANT,PRETESTS,2,0,1843200
902,A,33424768,C++14 (GCC 6-32),WRONG_ANSWER,2764,1513700464,Beibars,CONTESTANT,TESTS,41,15,1945600
902,A,33417672,GNU C++11,CHALLENGED,1062,1513698762,Belal_CSEIU,CONTESTANT,CHALLENGES,8,15,6041600
902,A,33419461,GNU C++11,OK,1399,1513699099,Belal_CSEIU,CONTESTANT,TESTS,55,15,6041600
902,B,33431711,GNU C++11,OK,5465,1513703165,Belal_CSEIU,CONTESTANT,TESTS,50,46,3276800
902,A,33413221,GNU C++11,WRONG_ANSWER,354,1513698054,BelowLuminous,CONTESTANT,PRETESTS,0,0,2048000
902,A,33413593,GNU C++11,WRONG_ANSWER,421,1513698121,BelowLuminous,CONTESTANT,PRETESTS,3,15,2048000
902,A,33413916,GNU C++11,WRONG_ANSWER,474,1513698174,BelowLuminous,CONTESTANT,PRETESTS,3,15,2048000
902,A,33415101,GNU C++11,OK,662,1513698362,BelowLuminous,CONTESTANT,TESTS,55,15,2048000
902,B,33420577,GNU C++11,OK,1643,1513699343,BelowLuminous,CONTESTANT,TESTS,50,15,2560000
902,C,33424618,GNU C++11,WRONG_ANSWER,2721,1513700421,BelowLuminous,CONTESTANT,PRETESTS,3,15,4505600
902,C,33425082,GNU C++11,WRONG_ANSWER,2856,1513700556,BelowLuminous,CONTESTANT,PRETESTS,3,15,4505600
902,C,33425972,GNU C++11,WRONG_ANSWER,3143,1513700843,BelowLuminous,CONTESTANT,PRETESTS,1,0,4505600
902,C,33426059,GNU C++11,OK,3174,1513700874,BelowLuminous,CONTESTANT,TESTS,45,109,4505600
902,D,33434193,C++14 (GCC 6-32),WRONG_ANSWER,6671,1513704371,BelowLuminous,CONTESTANT,PRETESTS,2,15,1843200
902,A,33418367,GNU C++11,CHALLENGED,1179,1513698879,Bengal_Tiger,CONTESTANT,CHALLENGES,8,15,2048000
902,B,33421000,GNU C++11,OK,1746,1513699446,Bengal_Tiger,CONTESTANT,TESTS,50,30,4403200
902,C,33428328,GNU C++11,OK,4001,1513701701,Bengal_Tiger,CONTESTANT,TESTS,45,109,2457600
902,A,33426856,C++14 (GCC 6-32),WRONG_ANSWER,3456,1513701156,Bharati,CONTESTANT,PRETESTS,2,15,1843200
902,A,33419902,C++14 (GCC 6-32),WRONG_ANSWER,1491,1513699191,Bibhu_295,CONTESTANT,PRETESTS,2,15,1945600
902,A,33422076,C++14 (GCC 6-32),WRONG_ANSWER,2007,1513699707,Bibhu_295,CONTESTANT,TESTS,41,15,1945600
902,A,33416524,C++14 (GCC 6-32),WRONG_ANSWER,861,1513698571,BigPolandBro,CONTESTANT,PRETESTS,3,0,1945600
902,A,33418590,C++14 (GCC 6-32),WRONG_ANSWER,1210,1513698920,BigPolandBro,CONTESTANT,PRETESTS,3,15,1843200
902,A,33420319,C++14 (GCC 6-32),OK,1570,1513699280,BigPolandBro,CONTESTANT,TESTS,55,15,1945600
902,B,33434272,C++14 (GCC 6-32),OK,6692,1513704403,BigPolandBro,CONTESTANT,TESTS,50,296,5734400
902,A,33412658,C++14 (GCC 6-32),COMPILATION_ERROR,168,1513697868,Biig_RaSSiaN_BoSS,CONTESTANT,PRETESTS,0,0,0
902,A,33420810,C++14 (GCC 6-32),COMPILATION_ERROR,1700,1513699400,Biig_RaSSiaN_BoSS,CONTESTANT,PRETESTS,0,0,0
902,A,33421342,C++14 (GCC 6-32),COMPILATION_ERROR,1828,1513699528,Biig_RaSSiaN_BoSS,CONTESTANT,PRETESTS,0,0,0
902,A,33421513,C++14 (GCC 6-32),COMPILATION_ERROR,1871,1513699571,Biig_RaSSiaN_BoSS,CONTESTANT,PRETESTS,0,0,0
902,A,33421811,GNU C++11,CHALLENGED,1942,1513699642,Biig_RaSSiaN_BoSS,CONTESTANT,CHALLENGES,8,15,2150400
902,A,33413137,C++14 (GCC 6-32),WRONG_ANSWER,338,1513698038,BinaryBoy,CONTESTANT,PRETESTS,1,0,1945600
902,A,33413635,C++14 (GCC 6-32),WRONG_ANSWER,427,1513698127,BinaryBoy,CONTESTANT,PRETESTS,1,15,1843200
902,A,33413832,C++14 (GCC 6-32),OK,460,1513698160,BinaryBoy,CONTESTANT,TESTS,55,30,1945600
902,B,33419377,C++14 (GCC 6-32),SKIPPED,1378,1513699078,BinaryBoy,CONTESTANT,PRETESTS,10,15,3993600
902,B,33420234,C++14 (GCC 6-32),OK,1566,1513699266,BinaryBoy,CONTESTANT,TESTS,50,31,4403200
902,C,33423294,C++14 (GCC 6-32),WRONG_ANSWER,2350,1513700050,BinaryBoy,CONTESTANT,PRETESTS,1,15,2252800
902,C,33423643,C++14 (GCC 6-32),WRONG_ANSWER,2443,1513700143,BinaryBoy,CONTESTANT,PRETESTS,4,15,2252800
902,C,33424026,C++14 (GCC 6-32),WRONG_ANSWER,2552,1513700252,BinaryBoy,CONTESTANT,PRETESTS,4,15,2252800
902,C,33424484,C++14 (GCC 6-32),WRONG_ANSWER,2683,1513700383,BinaryBoy,CONTESTANT,PRETESTS,4,15,2252800
902,C,33424918,C++14 (GCC 6-32),OK,2803,1513700503,BinaryBoy,CONTESTANT,TESTS,45,93,2252800
902,D,33435301,C++14 (GCC 6-32),WRONG_ANSWER,7105,1513704805,BinaryBoy,CONTESTANT,PRETESTS,0,15,1843200
902,D,33435661,C++14 (GCC 6-32),WRONG_ANSWER,7195,1513704895,BinaryBoy,CONTESTANT,PRETESTS,1,15,1945600
902,A,33428767,Python 2,WRONG_ANSWER,4189,1513701889,Bipul1895,CONTESTANT,PRETESTS,2,46,4505600
902,A,33425051,C++14 (GCC 6-32),OK,2846,1513700546,Bisnu,CONTESTANT,TESTS,55,15,1945600
902,A,33412674,GNU C++11,WRONG_ANSWER,185,1513697885,BlackCaiman,CONTESTANT,PRETESTS,2,15,2048000
902,A,33412790,GNU C++11,WRONG_ANSWER,247,1513697947,BlackCaiman,CONTESTANT,PRETESTS,2,15,2048000
902,A,33413970,GNU C++11,WRONG_ANSWER,484,1513698184,BlackCaiman,CONTESTANT,PRETESTS,0,0,2048000
902,A,33415158,GNU C++11,WRONG_ANSWER,669,1513698369,BlackCaiman,CONTESTANT,PRETESTS,2,15,2048000
902,A,33419142,GNU C++,CHALLENGED,1339,1513699039,BlackGene,CONTESTANT,CHALLENGES,8,15,2048000
902,A,33432987,GNU C++,OK,6103,1513703803,BlackGene,CONTESTANT,TESTS,55,15,2048000
902,A,33417138,C++14 (GCC 6-32),OK,970,1513698670,Black_Eye,CONTESTANT,TESTS,55,15,1945600
902,B,33424921,C++14 (GCC 6-32),OK,2804,1513700504,Black_Eye,CONTESTANT,TESTS,50,31,2560000
902,C,33432460,C++14 (GCC 6-32),RUNTIME_ERROR,5844,1513703544,Black_Eye,CONTESTANT,TESTS,13,93,3072000
902,A,33416934,GNU C++11,WRONG_ANSWER,935,1513698635,BloodTear,CONTESTANT,PRETESTS,3,15,2048000
902,A,33417964,GNU C++11,WRONG_ANSWER,1110,1513698810,BloodTear,CONTESTANT,PRETESTS,0,0,2048000
902,A,33418488,GNU C++11,WRONG_ANSWER,1201,1513698901,BloodTear,CONTESTANT,PRETESTS,0,0,2048000
902,A,33419069,GNU C++11,WRONG_ANSWER,1325,1513699025,BloodTear,CONTESTANT,PRETESTS,4,15,2048000
902,A,33421514,GNU C++11,WRONG_ANSWER,1871,1513699571,BloodTear,CONTESTANT,PRETESTS,2,0,2048000
902,A,33423504,GNU C++11,WRONG_ANSWER,2406,1513700106,BloodTear,CONTESTANT,PRETESTS,2,0,2048000
902,A,33424287,GNU C++11,OK,2621,1513700321,BloodTear,CONTESTANT,TESTS,55,15,2048000
902,B,33428947,GNU C++11,OK,4257,1513701957,BloodTear,CONTESTANT,TESTS,50,30,2457600
902,A,33414689,GNU C++11,OK,594,1513698294,BlueBlade,CONTESTANT,TESTS,55,15,2048000
902,B,33420647,GNU C++11,OK,1659,1513699359,BlueBlade,CONTESTANT,TESTS,50,46,2662400
902,C,33428596,GNU C++11,OK,4114,1513701814,BlueBlade,CONTESTANT,TESTS,45,343,8704000
902,A,33416109,GNU C++11,OK,808,1513698508,BlueGrey,CONTESTANT,TESTS,55,15,5324800
902,B,33421702,GNU C++11,OK,1916,1513699616,BlueGrey,CONTESTANT,TESTS,50,31,9318400
902,C,33426882,GNU C++11,OK,3464,1513701164,BlueGrey,CONTESTANT,TESTS,45,109,3686400
902,A,33413952,C++14 (GCC 6-32),CHALLENGED,480,1513698180,Bnahmad15,CONTESTANT,CHALLENGES,8,15,1945600
902,B,33417207,C++14 (GCC 6-32),OK,983,1513698683,Bnahmad15,CONTESTANT,TESTS,50,15,2457600
902,C,33422582,C++14 (GCC 6-32),WRONG_ANSWER,2149,1513699849,Bnahmad15,CONTESTANT,PRETESTS,1,15,2252800
902,C,33424402,C++14 (GCC 6-32),WRONG_ANSWER,2655,1513700355,Bnahmad15,CONTESTANT,PRETESTS,3,15,2252800
902,C,33425302,C++14 (GCC 6-32),WRONG_ANSWER,2926,1513700626,Bnahmad15,CONTESTANT,PRETESTS,3,15,2252800
902,C,33425733,C++14 (GCC 6-32),WRONG_ANSWER,3066,1513700766,Bnahmad15,CONTESTANT,PRETESTS,3,15,2252800
902,C,33428583,C++14 (GCC 6-32),OK,4108,1513701808,Bnahmad15,CONTESTANT,TESTS,45,108,4915200
902,A,33426044,Python 3,RUNTIME_ERROR,3157,1513700867,BobMcDear,CONTESTANT,PRETESTS,3,46,5529600
902,A,33428532,Python 3,WRONG_ANSWER,4081,1513701791,BobMcDear,CONTESTANT,PRETESTS,3,46,5529600
902,A,33428816,Python 3,COMPILATION_ERROR,4194,1513701904,BobMcDear,CONTESTANT,PRETESTS,0,0,0
902,A,33428956,Python 3,WRONG_ANSWER,4250,1513701960,BobMcDear,CONTESTANT,PRETESTS,3,46,5529600
902,C,33422135,GNU C++11,WRONG_ANSWER,2022,1513699722,Booty,CONTESTANT,PRETESTS,1,15,2457600
902,C,33422259,GNU C++11,OK,2052,1513699752,Booty,CONTESTANT,TESTS,45,249,2457600
902,A,33423213,GNU C++11,OK,2325,1513700025,Booty,CONTESTANT,TESTS,55,15,2457600
902,B,33424761,GNU C++11,OK,2762,1513700462,Booty,CONTESTANT,TESTS,50,31,3993600
902,A,33415451,GNU C++11,OK,713,1513698413,BorisBarca,CONTESTANT,TESTS,55,30,2048000
902,B,33420704,GNU C++11,OK,1672,1513699372,BorisBarca,CONTESTANT,TESTS,50,218,2560000
902,C,33435043,GNU C++11,WRONG_ANSWER,7018,1513704718,BorisBarca,CONTESTANT,PRETESTS,1,15,2048000
902,A,33414175,GNU C++,WRONG_ANSWER,515,1513698215,Born_Confused,CONTESTANT,PRETESTS,2,15,2048000
902,A,33415792,GNU C++,OK,763,1513698463,Born_Confused,CONTESTANT,TESTS,55,30,2048000
902,B,33420294,GNU C++,OK,1577,1513699277,Born_Confused,CONTESTANT,TESTS,50,46,4300800
902,C,33425028,GNU C++,WRONG_ANSWER,2840,1513700540,Born_Confused,CONTESTANT,PRETESTS,1,0,2048000
902,C,33425143,GNU C++,WRONG_ANSWER,2873,1513700573,Born_Confused,CONTESTANT,PRETESTS,4,15,2048000
902,A,33416093,C++14 (GCC 6-32),WRONG_ANSWER,794,1513698505,Brainyfool,CONTESTANT,PRETESTS,2,15,1843200
902,A,33417445,C++14 (GCC 6-32),CHALLENGED,1012,1513698722,Brainyfool,CONTESTANT,CHALLENGES,8,15,1843200
902,A,33417536,GNU C++11,WRONG_ANSWER,1039,1513698739,Bri6,CONTESTANT,PRETESTS,2,15,2048000
902,A,33417999,GNU C++11,WRONG_ANSWER,1117,1513698817,Bri6,CONTESTANT,PRETESTS,2,15,2048000
902,A,33420887,GNU C++11,WRONG_ANSWER,1716,1513699416,Bri6,CONTESTANT,PRETESTS,2,15,2048000
902,A,33421061,GNU C++11,WRONG_ANSWER,1760,1513699460,Bri6,CONTESTANT,PRETESTS,5,15,2048000
902,A,33424490,GNU C++11,WRONG_ANSWER,2686,1513700386,Bri6,CONTESTANT,PRETESTS,2,15,2048000
902,A,33424892,GNU C++11,WRONG_ANSWER,2797,1513700497,Bri6,CONTESTANT,PRETESTS,2,15,2048000
902,A,33416405,GNU C++11,WRONG_ANSWER,850,1513698550,BringMeBack,CONTESTANT,PRETESTS,2,0,2048000
902,A,33419202,GNU C++11,WRONG_ANSWER,1350,1513699050,BringMeBack,CONTESTANT,PRETESTS,2,15,2048000
902,A,33419795,GNU C++11,OK,1467,1513699167,BringMeBack,CONTESTANT,TESTS,55,30,2048000
902,B,33424924,GNU C++11,SKIPPED,2806,1513700506,BringMeBack,CONTESTANT,PRETESTS,10,202,102400000
902,B,33425929,GNU C++11,TIME_LIMIT_EXCEEDED,3129,1513700829,BringMeBack,CONTESTANT,TESTS,17,1000,102400000
902,A,33415583,C++14 (GCC 6-32),OK,732,1513698432,Brostash,CONTESTANT,TESTS,55,15,1945600
902,B,33422619,C++14 (GCC 6-32),OK,2148,1513699859,Brostash,CONTESTANT,TESTS,50,15,3174400
902,C,33434880,C++14 (GCC 6-32),WRONG_ANSWER,6950,1513704661,Brostash,CONTESTANT,PRETESTS,0,0,5529600
902,C,33435142,C++14 (GCC 6-32),WRONG_ANSWER,7039,1513704749,Brostash,CONTESTANT,PRETESTS,1,15,5529600
902,C,33435447,C++14 (GCC 6-32),WRONG_ANSWER,7140,1513704851,Brostash,CONTESTANT,PRETESTS,1,15,5529600
902,A,33413289,C++14 (GCC 6-32),WRONG_ANSWER,366,1513698066,BrunoTissei,CONTESTANT,PRETESTS,2,0,1843200
902,A,33414312,C++14 (GCC 6-32),WRONG_ANSWER,535,1513698235,BrunoTissei,CONTESTANT,PRETESTS,3,15,1843200
902,A,33418226,C++14 (GCC 6-32),OK,1155,1513698855,BrunoTissei,CONTESTANT,TESTS,55,15,2150400
902,B,33422352,C++14 (GCC 6-32),OK,2082,1513699782,BrunoTissei,CONTESTANT,TESTS,50,15,2457600
902,C,33427546,C++14 (GCC 6-32),WRONG_ANSWER,3712,1513701412,BrunoTissei,CONTESTANT,PRETESTS,8,15,2662400
902,C,33428165,C++14 (GCC 6-32),OK,3942,1513701642,BrunoTissei,CONTESTANT,TESTS,45,93,2662400
902,D,33435277,C++14 (GCC 6-32),WRONG_ANSWER,7096,1513704796,BrunoTissei,CONTESTANT,PRETESTS,0,0,1843200
902,A,33425986,GNU C++11,WRONG_ANSWER,3146,1513700846,Bruteforcer101,CONTESTANT,PRETESTS,4,15,2048000
902,A,33426458,GNU C++11,WRONG_ANSWER,3307,1513701007,Bruteforcer101,CONTESTANT,PRETESTS,4,15,2048000
902,A,33427036,GNU C++11,WRONG_ANSWER,3519,1513701219,Bruteforcer101,CONTESTANT,PRETESTS,4,15,2048000
902,A,33428473,GNU C++11,WRONG_ANSWER,4062,1513701762,Bruteforcer101,CONTESTANT,PRETESTS,1,15,2048000
902,A,33433281,GNU C++11,WRONG_ANSWER,6242,1513703942,Bruteforcer101,CONTESTANT,PRETESTS,3,15,2048000
902,A,33419715,C++14 (GCC 6-32),WRONG_ANSWER,1451,1513699151,Bsh_Egyptian,CONTESTANT,PRETESTS,2,15,2048000
902,A,33421328,C++14 (GCC 6-32),OK,1825,1513699525,Bsh_Egyptian,CONTESTANT,TESTS,55,15,2048000
902,B,33429617,C++14 (GCC 6-32),OK,4540,1513702240,Bsh_Egyptian,CONTESTANT,TESTS,50,733,2867200
902,A,33415548,C++14 (GCC 6-32),OK,728,1513698428,Bubble_Master,CONTESTANT,TESTS,55,31,1945600
902,B,33421822,C++14 (GCC 6-32),OK,1946,1513699646,Bubble_Master,CONTESTANT,TESTS,50,31,2560000
902,C,33430461,C++14 (GCC 6-32),OK,4885,1513702586,Bubble_Master,CONTESTANT,TESTS,45,156,2252800
902,A,33413969,C++14 (GCC 6-32),OK,483,1513698183,BumbleBee,CONTESTANT,TESTS,55,30,1945600
902,B,33420499,C++14 (GCC 6-32),OK,1624,1513699324,BumbleBee,CONTESTANT,TESTS,50,31,2560000
902,C,33434796,C++14 (GCC 6-32),WRONG_ANSWER,6931,1513704631,BumbleBee,CONTESTANT,PRETESTS,3,15,1945600
902,A,33414363,Python 3,WRONG_ANSWER,544,1513698244,Bykov_David,CONTESTANT,PRETESTS,1,46,5529600
902,A,33415598,Python 3,WRONG_ANSWER,733,1513698433,Bykov_David,CONTESTANT,PRETESTS,0,46,5529600
902,A,33415737,Python 3,RUNTIME_ERROR,754,1513698454,Bykov_David,CONTESTANT,PRETESTS,3,46,5529600
902,A,33417099,Python 3,RUNTIME_ERROR,962,1513698662,Bykov_David,CONTESTANT,PRETESTS,3,46,5529600
902,A,33419033,Python 3,RUNTIME_ERROR,1315,1513699015,Bykov_David,CONTESTANT,PRETESTS,3,46,5529600
902,A,33419409,Python 3,WRONG_ANSWER,1388,1513699088,Bykov_David,CONTESTANT,PRETESTS,4,61,5529600
902,A,33420416,Python 3,WRONG_ANSWER,1606,1513699306,Bykov_David,CONTESTANT,PRETESTS,0,46,5529600
902,A,33420494,Python 3,WRONG_ANSWER,1623,1513699323,Bykov_David,CONTESTANT,PRETESTS,4,61,5529600
902,A,33423125,Python 3,WRONG_ANSWER,2301,1513700001,Bykov_David,CONTESTANT,PRETESTS,0,30,5529600
902,A,33423177,Python 3,WRONG_ANSWER,2315,1513700015,Bykov_David,CONTESTANT,PRETESTS,4,62,5529600
902,A,33425111,Python 3,WRONG_ANSWER,2864,1513700564,Bykov_David,CONTESTANT,PRETESTS,4,46,5529600
902,A,33426269,Python 3,OK,3245,1513700945,Bykov_David,CONTESTANT,TESTS,55,62,5529600
902,A,33414362,C++14 (GCC 6-32),WRONG_ANSWER,544,1513698244,Byncuco,CONTESTANT,PRETESTS,2,15,1843200
902,A,33415386,C++14 (GCC 6-32),WRONG_ANSWER,705,1513698405,Byncuco,CONTESTANT,PRETESTS,1,0,1945600
902,A,33415720,C++14 (GCC 6-32),OK,751,1513698451,Byncuco,CONTESTANT,TESTS,55,15,1945600
902,B,33422309,C++14 (GCC 6-32),OK,2068,1513699768,Byncuco,CONTESTANT,TESTS,50,31,2560000
902,C,33427639,C++14 (GCC 6-32),WRONG_ANSWER,3743,1513701443,Byncuco,CONTESTANT,PRETESTS,8,15,2355200
902,C,33427749,C++14 (GCC 6-32),WRONG_ANSWER,3787,1513701487,Byncuco,CONTESTANT,PRETESTS,8,15,2867200
902,C,33428756,C++14 (GCC 6-32),WRONG_ANSWER,4186,1513701886,Byncuco,CONTESTANT,PRETESTS,8,15,2867200
902,C,33429199,C++14 (GCC 6-32),OK,4358,1513702058,Byncuco,CONTESTANT,TESTS,45,171,2867200
902,A,33417771,C++14 (GCC 6-32),SKIPPED,1079,1513698779,C.D.A.D,CONTESTANT,PRETESTS,8,15,1945600
902,A,33420266,C++14 (GCC 6-32),OK,1572,1513699272,C.D.A.D,CONTESTANT,TESTS,55,15,1945600
902,B,33422745,C++14 (GCC 6-32),OK,2194,1513699894,C.D.A.D,CONTESTANT,TESTS,50,30,2457600
902,C,33431935,C++14 (GCC 6-32),OK,5584,1513703284,C.D.A.D,CONTESTANT,TESTS,45,78,5529600
902,A,33419373,C++14 (GCC 6-32),WRONG_ANSWER,1377,1513699077,CIA,CONTESTANT,PRETESTS,2,15,2048000
902,A,33419886,GNU C++11,WRONG_ANSWER,1476,1513699187,CIA,CONTESTANT,PRETESTS,2,15,2252800
902,A,33423621,GNU C++11,WRONG_ANSWER,2427,1513700137,CIA,CONTESTANT,PRETESTS,2,15,2252800
902,A,33425807,GNU C++11,WRONG_ANSWER,3081,1513700791,CIA,CONTESTANT,PRETESTS,2,15,2252800
902,A,33418861,GNU C++,WRONG_ANSWER,1276,1513698976,CNik,CONTESTANT,PRETESTS,4,15,2048000
902,A,33419345,GNU C++,WRONG_ANSWER,1374,1513699074,CNik,CONTESTANT,PRETESTS,4,15,2048000
902,A,33423465,GNU C++,WRONG_ANSWER,2396,1513700096,CNik,CONTESTANT,PRETESTS,4,15,2048000
902,A,33424231,GNU C++,WRONG_ANSWER,2604,1513700304,CNik,CONTESTANT,PRETESTS,4,15,2048000
902,A,33424521,GNU C++,WRONG_ANSWER,2693,1513700393,CNik,CONTESTANT,PRETESTS,4,15,2048000
902,A,33426832,GNU C++,WRONG_ANSWER,3447,1513701147,CNik,CONTESTANT,PRETESTS,0,0,2048000
902,A,33427647,GNU C++,WRONG_ANSWER,3746,1513701446,CNik,CONTESTANT,PRETESTS,2,15,2048000
902,A,33427918,GNU C++,WRONG_ANSWER,3845,1513701545,CNik,CONTESTANT,PRETESTS,5,15,2048000
902,A,33428155,GNU C++,WRONG_ANSWER,3938,1513701638,CNik,CONTESTANT,PRETESTS,5,15,2048000
902,A,33431388,GNU C++,WRONG_ANSWER,5306,1513703006,CNik,CONTESTANT,PRETESTS,4,15,2048000
902,A,33432675,GNU C++,WRONG_ANSWER,5953,1513703653,CNik,CONTESTANT,PRETESTS,4,15,2048000
902,A,33415584,C++14 (GCC 6-32),OK,732,1513698432,CODOPEDIAC3,CONTESTANT,TESTS,55,15,1945600
902,B,33420088,C++14 (GCC 6-32),OK,1533,1513699233,CODOPEDIAC3,CONTESTANT,TESTS,50,46,2764800
902,C,33424008,C++14 (GCC 6-32),WRONG_ANSWER,2547,1513700247,CODOPEDIAC3,CONTESTANT,PRETESTS,3,15,2662400
902,C,33427080,C++14 (GCC 6-32),WRONG_ANSWER,3538,1513701238,CODOPEDIAC3,CONTESTANT,PRETESTS,3,15,3481600
902,C,33428726,C++14 (GCC 6-32),OK,4170,1513701870,CODOPEDIAC3,CONTESTANT,TESTS,45,140,5120000
902,D,33433400,C++14 (GCC 6-32),WRONG_ANSWER,6295,1513703995,CODOPEDIAC3,CONTESTANT,PRETESTS,4,15,1843200
902,D,33434835,C++14 (GCC 6-32),WRONG_ANSWER,6945,1513704645,CODOPEDIAC3,CONTESTANT,PRETESTS,3,15,1945600
902,A,33414350,GNU C++,TIME_LIMIT_EXCEEDED,542,1513698242,CT7,CONTESTANT,PRETESTS,2,1000,2048000
902,A,33416360,GNU C++,OK,845,1513698545,CT7,CONTESTANT,TESTS,55,15,2048000
902,B,33424432,GNU C++,WRONG_ANSWER,2665,1513700365,CT7,CONTESTANT,PRETESTS,9,46,2355200
902,B,33428970,GNU C++,OK,4266,1513701966,CT7,CONTESTANT,TESTS,50,46,2560000
902,A,33421880,GNU C11,WRONG_ANSWER,1949,1513699659,CTAPNK_N_MOPE,CONTESTANT,TESTS,47,15,1843200
902,A,33413038,C++14 (GCC 6-32),WRONG_ANSWER,317,1513698017,CUITcoach,CONTESTANT,PRETESTS,0,15,1945600
902,A,33413186,C++14 (GCC 6-32),OK,345,1513698045,CUITcoach,CONTESTANT,TESTS,55,15,1945600
902,B,33419306,C++14 (GCC 6-32),OK,1358,1513699069,CUITcoach,CONTESTANT,TESTS,50,30,2457600
902,C,33430101,C++14 (GCC 6-32),OK,4745,1513702445,CUITcoach,CONTESTANT,TESTS,45,124,3481600
902,A,33413274,C++14 (GCC 6-32),OK,353,1513698064,CaesarCCH,CONTESTANT,TESTS,55,15,1945600
902,B,33418228,C++14 (GCC 6-32),OK,1144,1513698855,CaesarCCH,CONTESTANT,TESTS,50,233,2457600
902,C,33424833,C++14 (GCC 6-32),WRONG_ANSWER,2770,1513700481,CaesarCCH,CONTESTANT,PRETESTS,3,15,4300800
902,C,33425667,C++14 (GCC 6-32),OK,3032,1513700743,CaesarCCH,CONTESTANT,TESTS,45,78,4300800
902,A,33412860,FPC,WRONG_ANSWER,261,1513697971,Capricornmean,CONTESTANT,PRETESTS,2,0,1638400
902,A,33413493,FPC,WRONG_ANSWER,391,1513698101,Capricornmean,CONTESTANT,PRETESTS,2,0,1740800
902,A,33415437,FPC,WRONG_ANSWER,700,1513698411,Capricornmean,CONTESTANT,PRETESTS,2,0,1638400
902,B,33419682,FPC,OK,1435,1513699146,Capricornmean,CONTESTANT,TESTS,50,15,1945600
902,C,33424908,FPC,WRONG_ANSWER,2791,1513700502,Capricornmean,CONTESTANT,PRETESTS,4,15,2457600
902,C,33426824,FPC,WRONG_ANSWER,3432,1513701143,Capricornmean,CONTESTANT,PRETESTS,6,15,2457600
902,C,33427213,FPC,WRONG_ANSWER,3579,1513701289,Capricornmean,CONTESTANT,PRETESTS,7,15,2457600
902,A,33429715,FPC,WRONG_ANSWER,4567,1513702278,Capricornmean,CONTESTANT,PRETESTS,2,0,1740800
902,A,33431613,FPC,OK,5403,1513703113,Capricornmean,CONTESTANT,TESTS,55,15,1740800
902,C,33432369,FPC,OK,5783,1513703494,Capricornmean,CONTESTANT,TESTS,45,655,2457600
902,A,33420315,GNU C++,WRONG_ANSWER,1580,1513699280,Captain1904,CONTESTANT,PRETESTS,4,15,2048000
902,A,33423618,GNU C++,WRONG_ANSWER,2435,1513700135,Captain1904,CONTESTANT,PRETESTS,4,0,2048000
902,A,33426161,GNU C++,WRONG_ANSWER,3208,1513700908,Captain1904,CONTESTANT,PRETESTS,4,0,2048000
902,A,33427062,GNU C++,WRONG_ANSWER,3531,1513701231,Captain1904,CONTESTANT,PRETESTS,4,15,2048000
902,A,33428081,GNU C++,WRONG_ANSWER,3907,1513701607,Captain1904,CONTESTANT,PRETESTS,4,15,2048000
902,A,33412985,GNU C,COMPILATION_ERROR,306,1513698006,Caring_is_a_disadvantage,CONTESTANT,PRETESTS,0,0,0
902,A,33413075,C++14 (GCC 6-32),OK,324,1513698024,Caring_is_a_disadvantage,CONTESTANT,TESTS,55,15,1945600
902,B,33419049,C++14 (GCC 6-32),OK,1321,1513699021,Caring_is_a_disadvantage,CONTESTANT,TESTS,50,280,2662400
902,C,33427315,C++14 (GCC 6-32),OK,3632,1513701332,Caring_is_a_disadvantage,CONTESTANT,TESTS,45,93,4300800
902,D,33433621,C++14 (GCC 6-32),WRONG_ANSWER,6391,1513704091,Caring_is_a_disadvantage,CONTESTANT,PRETESTS,3,0,1843200
902,A,33413051,Java 8,OK,309,1513698019,Carson,CONTESTANT,TESTS,55,124,20684800
902,B,33415330,Java 8,OK,685,1513698395,Carson,CONTESTANT,TESTS,50,140,20889600
902,C,33421317,Java 8,WRONG_ANSWER,1813,1513699523,Carson,CONTESTANT,PRETESTS,1,124,20582400
902,C,33425839,Java 8,WRONG_ANSWER,3091,1513700801,Carson,CONTESTANT,PRETESTS,6,109,20684800
902,C,33426904,Java 8,WRONG_ANSWER,3461,1513701171,Carson,CONTESTANT,PRETESTS,7,124,20684800
902,C,33428095,Java 8,OK,3905,1513701616,Carson,CONTESTANT,TESTS,45,202,20787200
902,A,33414958,GNU C++11,WRONG_ANSWER,639,1513698339,Cas_Rosso,CONTESTANT,PRETESTS,2,15,2048000
902,A,33416458,GNU C++11,WRONG_ANSWER,860,1513698560,Cas_Rosso,CONTESTANT,PRETESTS,2,15,2048000
902,A,33418214,GNU C++11,WRONG_ANSWER,1152,1513698852,Cas_Rosso,CONTESTANT,PRETESTS,2,15,2048000
902,A,33419024,GNU C++11,OK,1314,1513699014,Cas_Rosso,CONTESTANT,TESTS,55,15,2048000
902,B,33425950,GNU C++11,OK,3134,1513700834,Cas_Rosso,CONTESTANT,TESTS,50,46,2150400
902,A,33421470,MS C++,WRONG_ANSWER,1859,1513699559,Catalyzer,CONTESTANT,PRETESTS,2,0,2048000
902,A,33413420,C++14 (GCC 6-32),WRONG_ANSWER,389,1513698089,Cengiz,CONTESTANT,PRETESTS,2,15,1945600
902,A,33415380,C++14 (GCC 6-32),WRONG_ANSWER,704,1513698404,Cengiz,CONTESTANT,PRETESTS,2,15,1843200
902,A,33418613,C++14 (GCC 6-32),WRONG_ANSWER,1224,1513698924,Cengiz,CONTESTANT,PRETESTS,1,15,1843200
902,A,33419010,C++14 (GCC 6-32),OK,1311,1513699011,Cengiz,CONTESTANT,TESTS,55,15,1945600
902,B,33421744,C++14 (GCC 6-32),OK,1925,1513699625,Cengiz,CONTESTANT,TESTS,50,46,2560000
902,D,33427158,C++14 (GCC 6-32),WRONG_ANSWER,3568,1513701268,Cengiz,CONTESTANT,PRETESTS,2,15,1843200
902,A,33412836,C++14 (GCC 6-32),WRONG_ANSWER,253,1513697963,CepryH9,CONTESTANT,PRETESTS,3,15,1843200
902,A,33413126,C++14 (GCC 6-32),OK,326,1513698036,CepryH9,CONTESTANT,TESTS,55,15,1945600
902,B,33415305,C++14 (GCC 6-32),OK,682,1513698392,CepryH9,CONTESTANT,TESTS,50,15,4403200
902,C,33419885,C++14 (GCC 6-32),OK,1476,1513699187,CepryH9,CONTESTANT,TESTS,45,93,5222400
902,A,33414622,C++14 (GCC 6-32),WRONG_ANSWER,585,1513698285,Cervidae,CONTESTANT,PRETESTS,4,15,1945600
902,A,33416119,C++14 (GCC 6-32),WRONG_ANSWER,809,1513698509,Cervidae,CONTESTANT,PRETESTS,2,15,1843200
902,A,33416733,C++14 (GCC 6-32),OK,904,1513698604,Cervidae,CONTESTANT,TESTS,55,15,1945600
902,B,33419804,C++14 (GCC 6-32),OK,1469,1513699169,Cervidae,CONTESTANT,TESTS,50,31,2355200
902,C,33423510,C++14 (GCC 6-32),WRONG_ANSWER,2408,1513700108,Cervidae,CONTESTANT,PRETESTS,5,15,2252800
902,C,33424373,C++14 (GCC 6-32),OK,2645,1513700345,Cervidae,CONTESTANT,TESTS,45,155,2252800
902,A,33416338,GNU C,WRONG_ANSWER,842,1513698542,Charlie_Lin,CONTESTANT,PRETESTS,2,15,1843200
902,A,33420927,GNU C,OK,1725,1513699425,Charlie_Lin,CONTESTANT,TESTS,55,15,1843200
902,A,33416243,C++14 (GCC 6-32),WRONG_ANSWER,827,1513698527,Chen_zsc,CONTESTANT,PRETESTS,2,15,1945600
902,A,33419636,C++14 (GCC 6-32),WRONG_ANSWER,1436,1513699136,Chen_zsc,CONTESTANT,PRETESTS,2,15,1945600
902,A,33420949,C++14 (GCC 6-32),WRONG_ANSWER,1721,1513699431,Chen_zsc,CONTESTANT,PRETESTS,0,15,1843200
902,A,33421642,C++14 (GCC 6-32),WRONG_ANSWER,1891,1513699601,Chen_zsc,CONTESTANT,PRETESTS,2,15,1945600
902,A,33422289,C++14 (GCC 6-32),WRONG_ANSWER,2051,1513699761,Chen_zsc,CONTESTANT,PRETESTS,2,15,1945600
902,A,33428092,C++14 (GCC 6-32),OK,3903,1513701614,Chen_zsc,CONTESTANT,TESTS,55,15,1843200
902,B,33433079,C++14 (GCC 6-32),WRONG_ANSWER,6138,1513703848,Chen_zsc,CONTESTANT,PRETESTS,2,15,1945600
902,A,33425528,GNU C++,OK,3001,1513700701,Chenthree1,CONTESTANT,TESTS,55,15,2252800
902,B,33428984,GNU C++,OK,4274,1513701974,Chenthree1,CONTESTANT,TESTS,50,31,2150400
902,C,33431369,GNU C++,WRONG_ANSWER,5297,1513702997,Chenthree1,CONTESTANT,PRETESTS,1,15,5324800
902,C,33431733,GNU C++,WRONG_ANSWER,5480,1513703180,Chenthree1,CONTESTANT,PRETESTS,3,15,5222400
902,C,33432098,GNU C++,WRONG_ANSWER,5662,1513703362,Chenthree1,CONTESTANT,PRETESTS,4,15,5324800
902,C,33432619,GNU C++,OK,5929,1513703629,Chenthree1,CONTESTANT,TESTS,45,93,5324800
902,A,33417586,GNU C++11,WRONG_ANSWER,1038,1513698748,CherylFFF,CONTESTANT,PRETESTS,4,15,2048000
902,A,33419336,GNU C++11,OK,1372,1513699072,CherylFFF,CONTESTANT,TESTS,55,30,2048000
902,A,33419509,GNU C,COMPILATION_ERROR,1399,1513699109,Chilllll,CONTESTANT,PRETESTS,0,0,0
902,A,33419729,GNU C++,WRONG_ANSWER,1443,1513699153,Chilllll,CONTESTANT,PRETESTS,2,15,2048000
902,A,33421771,GNU C++,WRONG_ANSWER,1922,1513699633,Chilllll,CONTESTANT,PRETESTS,2,15,2048000
902,A,33422406,GNU C++,OK,2091,1513699802,Chilllll,CONTESTANT,TESTS,55,15,2048000
902,B,33425797,GNU C++,WRONG_ANSWER,3078,1513700789,Chilllll,CONTESTANT,PRETESTS,5,93,2252800
902,B,33426099,GNU C,COMPILATION_ERROR,3177,1513700888,Chilllll,CONTESTANT,PRETESTS,0,0,0
902,B,33426188,GNU C++,WRONG_ANSWER,3207,1513700917,Chilllll,CONTESTANT,PRETESTS,7,93,2252800
902,B,33426802,GNU C++,WRONG_ANSWER,3425,1513701136,Chilllll,CONTESTANT,PRETESTS,7,109,2252800
902,B,33428399,GNU C++,OK,4022,1513701732,Chilllll,CONTESTANT,TESTS,50,46,2150400
902,A,33414918,FPC,OK,632,1513698332,Choppa,CONTESTANT,TESTS,55,31,1740800
902,B,33424778,FPC,OK,2767,1513700467,Choppa,CONTESTANT,TESTS,50,30,1843200
902,A,33421512,GNU C++11,WRONG_ANSWER,1871,1513699571,ChowdhuryAsif,CONTESTANT,PRETESTS,2,0,2048000
902,A,33422791,GNU C++11,WRONG_ANSWER,2208,1513699908,ChowdhuryAsif,CONTESTANT,PRETESTS,2,0,2048000
902,A,33416942,GNU C++,WRONG_ANSWER,936,1513698636,Chris-,CONTESTANT,PRETESTS,2,15,2048000
902,A,33422140,GNU C++,WRONG_ANSWER,2014,1513699724,Chris-,CONTESTANT,PRETESTS,2,0,2048000
902,A,33423637,GNU C++,WRONG_ANSWER,2432,1513700142,Chris-,CONTESTANT,PRETESTS,2,15,2048000
902,A,33425647,GNU C++,WRONG_ANSWER,3026,1513700736,Chris-,CONTESTANT,PRETESTS,2,15,2048000
902,A,33426278,GNU C++,WRONG_ANSWER,3237,1513700947,Chris-,CONTESTANT,PRETESTS,2,0,2048000
902,A,33426972,GNU C++,WRONG_ANSWER,3484,1513701194,Chris-,CONTESTANT,PRETESTS,2,15,2048000
902,A,33427323,GNU C++,WRONG_ANSWER,3625,1513701335,Chris-,CONTESTANT,PRETESTS,1,15,2048000
902,A,33428106,GNU C++,WRONG_ANSWER,3908,1513701618,Chris-,CONTESTANT,PRETESTS,2,15,2048000
902,A,33429760,GNU C++,WRONG_ANSWER,4585,1513702296,Chris-,CONTESTANT,PRETESTS,1,15,2048000
902,A,33430988,GNU C++,OK,5103,1513702814,Chris-,CONTESTANT,TESTS,55,15,2150400
902,A,33413569,GNU C++11,OK,416,1513698116,ChrisMaxheart,CONTESTANT,TESTS,55,15,2048000
902,A,33414050,GNU C++11,WRONG_ANSWER,487,1513698197,Chuong,CONTESTANT,PRETESTS,3,15,2048000
902,A,33415443,GNU C++11,CHALLENGED,702,1513698412,Chuong,CONTESTANT,CHALLENGES,8,15,2048000
902,B,33422785,GNU C++11,OK,2196,1513699906,Chuong,CONTESTANT,TESTS,50,46,2150400
902,C,33430603,GNU C++11,WRONG_ANSWER,4938,1513702648,Chuong,CONTESTANT,PRETESTS,0,0,2048000
902,C,33430829,GNU C++11,WRONG_ANSWER,5036,1513702746,Chuong,CONTESTANT,PRETESTS,5,15,2048000
902,A,33418812,GNU C++11,OK,1264,1513698964,Cimacz,CONTESTANT,TESTS,55,31,2048000
902,B,33422630,GNU C++11,OK,2163,1513699863,Cimacz,CONTESTANT,TESTS,50,280,2560000
902,A,33412911,GNU C++,WRONG_ANSWER,287,1513697987,Cinzaderius,CONTESTANT,PRETESTS,0,0,2048000
902,A,33413082,GNU C++,WRONG_ANSWER,325,1513698025,Cinzaderius,CONTESTANT,PRETESTS,1,15,2048000
902,A,33414210,GNU C++,OK,521,1513698221,Cinzaderius,CONTESTANT,TESTS,55,31,2048000
902,B,33421720,GNU C++,OK,1920,1513699620,Cinzaderius,CONTESTANT,TESTS,50,46,2764800
902,A,33424789,GNU C++,OK,2769,1513700469,CipherGirl,CONTESTANT,TESTS,55,15,2048000
902,A,33415981,GNU C++,WRONG_ANSWER,790,1513698490,CiroR,CONTESTANT,PRETESTS,4,15,2048000
902,A,33418069,GNU C++,OK,1126,1513698826,CiroR,CONTESTANT,TESTS,55,15,2048000
902,B,33425998,GNU C++,OK,3150,1513700850,CiroR,CONTESTANT,TESTS,50,61,2560000
902,C,33433644,GNU C++,OK,6401,1513704101,CiroR,CONTESTANT,TESTS,45,327,4505600
902,A,33413439,GNU C++11,CHALLENGED,392,1513698092,CloverAsta,CONTESTANT,CHALLENGES,8,15,2048000
902,B,33418552,GNU C++11,OK,1214,1513698914,CloverAsta,CONTESTANT,TESTS,50,46,2560000
902,C,33423651,GNU C++11,OK,2445,1513700145,CloverAsta,CONTESTANT,TESTS,45,109,10444800
902,A,33426668,GNU C++11,OK,3387,1513701087,CloverAsta,CONTESTANT,TESTS,55,15,2048000
902,D,33430853,GNU C++11,WRONG_ANSWER,5053,1513702753,CloverAsta,CONTESTANT,PRETESTS,2,15,2048000
902,A,33416772,GNU C++,OK,912,1513698612,Coco_623,CONTESTANT,TESTS,55,15,2048000
902,B,33425621,GNU C++,TIME_LIMIT_EXCEEDED,3028,1513700728,Coco_623,CONTESTANT,TESTS,17,1000,2252800
902,C,33431800,GNU C++,WRONG_ANSWER,5517,1513703217,Coco_623,CONTESTANT,PRETESTS,3,15,2867200
902,C,33432054,GNU C++,WRONG_ANSWER,5639,1513703339,Coco_623,CONTESTANT,PRETESTS,3,15,2867200
902,C,33432755,GNU C++,WRONG_ANSWER,5988,1513703688,Coco_623,CONTESTANT,PRETESTS,4,15,2867200
902,C,33432933,GNU C++,WRONG_ANSWER,6080,1513703780,Coco_623,CONTESTANT,PRETESTS,4,15,2867200
902,C,33433797,GNU C++,WRONG_ANSWER,6468,1513704168,Coco_623,CONTESTANT,PRETESTS,4,15,2867200
902,A,33414018,GNU C++11,OK,491,1513698191,CodeAce,CONTESTANT,TESTS,55,15,2048000
902,B,33421036,GNU C++11,OK,1754,1513699454,CodeAce,CONTESTANT,TESTS,50,15,2457600
902,C,33425919,GNU C++11,OK,3127,1513700827,CodeAce,CONTESTANT,TESTS,45,109,2457600
902,A,33415813,GNU C++,OK,766,1513698466,CodeTailor,CONTESTANT,TESTS,55,15,2048000
902,B,33424405,GNU C++,OK,2657,1513700357,CodeTailor,CONTESTANT,TESTS,50,46,2355200
902,C,33431832,GNU C++,OK,5535,1513703235,CodeTailor,CONTESTANT,TESTS,45,218,2457600
902,A,33418097,C++14 (GCC 6-32),TIME_LIMIT_EXCEEDED,1131,1513698831,CodingKnight,CONTESTANT,PRETESTS,7,1000,1945600
902,A,33428949,C++14 (GCC 6-32),OK,4258,1513701958,CodingKnight,CONTESTANT,TESTS,55,15,1945600
902,B,33435040,C++14 (GCC 6-32),OK,7018,1513704718,CodingKnight,CONTESTANT,TESTS,50,218,2560000
902,A,33413010,GNU C++,OK,300,1513698011,Colin_z,CONTESTANT,TESTS,55,15,2048000
902,B,33417423,GNU C++,OK,1017,1513698717,Colin_z,CONTESTANT,TESTS,50,30,2764800
902,C,33422683,GNU C++,OK,2177,1513699877,Colin_z,CONTESTANT,TESTS,45,108,4505600
902,D,33428308,GNU C++,WRONG_ANSWER,3986,1513701696,Colin_z,CONTESTANT,PRETESTS,0,0,2048000
902,D,33428919,GNU C++,WRONG_ANSWER,4234,1513701944,Colin_z,CONTESTANT,PRETESTS,2,15,2048000
902,D,33429125,GNU C++,WRONG_ANSWER,4317,1513702027,Colin_z,CONTESTANT,PRETESTS,0,15,2048000
902,D,33430092,GNU C++,WRONG_ANSWER,4732,1513702443,Colin_z,CONTESTANT,PRETESTS,2,0,2048000
902,A,33417441,C++14 (GCC 6-32),OK,1011,1513698721,Combi,CONTESTANT,TESTS,55,15,1945600
902,B,33421736,C++14 (GCC 6-32),COMPILATION_ERROR,1913,1513699623,Combi,CONTESTANT,PRETESTS,0,0,0
902,B,33422860,C++14 (GCC 6-32),OK,2214,1513699925,Combi,CONTESTANT,TESTS,50,15,2457600
902,A,33431677,C++14 (GCC 6-32),OK,5449,1513703149,Come_eat,CONTESTANT,TESTS,55,15,1945600
902,A,33418453,Java 8,WRONG_ANSWER,1183,1513698894,CometsTech,CONTESTANT,TESTS,47,139,20684800
902,B,33424177,Java 8,OK,2581,1513700291,CometsTech,CONTESTANT,TESTS,50,140,20787200
902,C,33428847,Java 8,WRONG_ANSWER,4209,1513701920,CometsTech,CONTESTANT,PRETESTS,4,124,20582400
902,C,33430259,Java 8,OK,4791,1513702501,CometsTech,CONTESTANT,TESTS,45,1294,20787200
902,A,33413204,C++14 (GCC 6-32),WRONG_ANSWER,350,1513698050,Communism,CONTESTANT,PRETESTS,2,0,1843200
902,A,33414460,C++14 (GCC 6-32),WRONG_ANSWER,560,1513698260,Communism,CONTESTANT,PRETESTS,2,15,1945600
902,A,33415556,C++14 (GCC 6-32),WRONG_ANSWER,729,1513698429,Communism,CONTESTANT,TESTS,14,15,1945600
902,A,33414123,GNU C++,WRONG_ANSWER,507,1513698207,Comrade,CONTESTANT,PRETESTS,2,0,2048000
902,A,33414819,GNU C++,WRONG_ANSWER,617,1513698317,Comrade,CONTESTANT,PRETESTS,2,15,2048000
902,A,33416135,GNU C++,WRONG_ANSWER,812,1513698512,Comrade,CONTESTANT,PRETESTS,2,15,2048000
902,A,33417128,GNU C++,OK,969,1513698669,Comrade,CONTESTANT,TESTS,55,15,2048000
902,B,33426495,GNU C++,OK,3321,1513701021,Comrade,CONTESTANT,TESTS,50,30,2457600
902,A,33415224,C++14 (GCC 6-32),WRONG_ANSWER,680,1513698380,ContestDestroyer,CONTESTANT,PRETESTS,2,15,1843200
902,A,33421396,C++14 (GCC 6-32),CHALLENGED,1840,1513699540,ContestDestroyer,CONTESTANT,CHALLENGES,8,15,1945600
902,B,33425695,C++14 (GCC 6-32),OK,3055,1513700755,ContestDestroyer,CONTESTANT,TESTS,50,31,2560000
902,A,33431786,C++14 (GCC 6-32),OK,5510,1513703210,ContestDestroyer,CONTESTANT,TESTS,55,15,1945600
902,C,33435576,C++14 (GCC 6-32),WRONG_ANSWER,7179,1513704879,ContestDestroyer,CONTESTANT,PRETESTS,4,15,2662400
902,A,33417071,C++14 (GCC 6-32),OK,957,1513698657,CoolBoy367,CONTESTANT,TESTS,55,15,1945600
902,B,33425065,C++14 (GCC 6-32),OK,2851,1513700551,CoolBoy367,CONTESTANT,TESTS,50,15,4710400
902,C,33431900,C++14 (GCC 6-32),OK,5570,1513703270,CoolBoy367,CONTESTANT,TESTS,45,93,5120000
902,A,33415550,C++14 (GCC 6-32),WRONG_ANSWER,728,1513698428,Copy_Paste,CONTESTANT,PRETESTS,2,15,1945600
902,A,33412706,C++14 (GCC 6-32),OK,208,1513697909,Corvus,CONTESTANT,TESTS,55,15,1945600
902,B,33414658,C++14 (GCC 6-32),OK,590,1513698290,Corvus,CONTESTANT,TESTS,50,31,2560000
902,C,33424458,C++14 (GCC 6-32),WRONG_ANSWER,2675,1513700375,Corvus,CONTESTANT,PRETESTS,4,15,10444800
902,C,33426027,C++14 (GCC 6-32),WRONG_ANSWER,3160,1513700860,Corvus,CONTESTANT,PRETESTS,4,15,11264000
902,C,33427678,C++14 (GCC 6-32),OK,3760,1513701460,Corvus,CONTESTANT,TESTS,45,202,26521600
902,A,33428015,C++14 (GCC 6-32),OK,3881,1513701581,Cowsbou,CONTESTANT,TESTS,55,15,1945600
902,A,33427372,C++14 (GCC 6-32),WRONG_ANSWER,3638,1513701348,Crest,CONTESTANT,PRETESTS,2,15,1843200
902,A,33428840,C++14 (GCC 6-32),WRONG_ANSWER,4208,1513701918,Crest,CONTESTANT,PRETESTS,2,15,1945600
902,A,33413836,GNU C++,OK,449,1513698160,Crisis98,CONTESTANT,TESTS,55,30,2048000
902,B,33419463,GNU C++,OK,1389,1513699100,Crisis98,CONTESTANT,TESTS,50,31,2560000
902,C,33425756,GNU C++,OK,3066,1513700776,Crisis98,CONTESTANT,TESTS,45,264,2457600
902,D,33433331,GNU C++,WRONG_ANSWER,6252,1513703962,Crisis98,CONTESTANT,PRETESTS,2,15,2457600
902,A,33416237,C++14 (GCC 6-32),WRONG_ANSWER,816,1513698527,Cristiano_Ronaldo,CONTESTANT,PRETESTS,2,15,1843200
902,A,33418090,C++14 (GCC 6-32),WRONG_ANSWER,1119,1513698830,Cristiano_Ronaldo,CONTESTANT,PRETESTS,2,15,1843200
902,A,33419155,C++14 (GCC 6-32),OK,1341,1513699041,Cristiano_Ronaldo,CONTESTANT,TESTS,55,15,1945600
902,B,33422267,C++14 (GCC 6-32),OK,2043,1513699754,Cristiano_Ronaldo,CONTESTANT,TESTS,50,31,2764800
902,C,33427880,C++14 (GCC 6-32),OK,3821,1513701531,Cristiano_Ronaldo,CONTESTANT,TESTS,45,93,5939200
902,D,33433022,C++14 (GCC 6-32),WRONG_ANSWER,6109,1513703819,Cristiano_Ronaldo,CONTESTANT,PRETESTS,6,15,1843200
902,A,33413202,GNU C++,WRONG_ANSWER,350,1513698050,Crutch,CONTESTANT,PRETESTS,4,15,2150400
902,A,33414828,GNU C++,WRONG_ANSWER,618,1513698318,Crutch,CONTESTANT,PRETESTS,4,15,2048000
902,A,33416305,GNU C++,WRONG_ANSWER,838,1513698538,Crutch,CONTESTANT,PRETESTS,4,15,2048000
902,A,33417131,GNU C++,WRONG_ANSWER,969,1513698669,Crutch,CONTESTANT,PRETESTS,4,15,2150400
902,A,33420688,GNU C++,WRONG_ANSWER,1669,1513699369,Crutch,CONTESTANT,PRETESTS,4,15,2048000
902,A,33421704,GNU C++,WRONG_ANSWER,1916,1513699616,Crutch,CONTESTANT,PRETESTS,1,0,2048000
902,A,33422043,GNU C++,WRONG_ANSWER,2002,1513699702,Crutch,CONTESTANT,PRETESTS,4,15,2150400
902,A,33425623,GNU C++,OK,3029,1513700729,Crutch,CONTESTANT,TESTS,55,15,2150400
902,A,33414258,C++14 (GCC 6-32),OK,527,1513698227,CryMeANile,CONTESTANT,TESTS,55,15,2048000
902,B,33419680,C++14 (GCC 6-32),WRONG_ANSWER,1445,1513699145,CryMeANile,CONTESTANT,PRETESTS,4,15,2048000
902,B,33422191,C++14 (GCC 6-32),WRONG_ANSWER,2036,1513699736,CryMeANile,CONTESTANT,PRETESTS,4,15,2048000
902,B,33423170,C++14 (GCC 6-32),WRONG_ANSWER,2313,1513700013,CryMeANile,CONTESTANT,PRETESTS,0,0,2048000
902,B,33423331,C++14 (GCC 6-32),OK,2359,1513700059,CryMeANile,CONTESTANT,TESTS,50,15,2457600
902,C,33428158,C++14 (GCC 6-32),OK,3939,1513701639,CryMeANile,CONTESTANT,TESTS,45,77,4300800
902,D,33433145,C++14 (GCC 6-32),WRONG_ANSWER,6180,1513703880,CryMeANile,CONTESTANT,PRETESTS,1,0,1843200
902,D,33435014,C++14 (GCC 6-32),WRONG_ANSWER,7009,1513704709,CryMeANile,CONTESTANT,PRETESTS,2,15,1843200
902,A,33416081,C++14 (GCC 6-32),OK,793,1513698503,Crystal_0210,CONTESTANT,TESTS,55,15,1945600
902,B,33428038,C++14 (GCC 6-32),OK,3877,1513701588,Crystal_0210,CONTESTANT,TESTS,50,15,2457600
902,A,33434385,C++14 (GCC 6-32),WRONG_ANSWER,6751,1513704451,D1SRUPTOR,CONTESTANT,PRETESTS,0,0,1843200
902,A,33435345,C++14 (GCC 6-32),WRONG_ANSWER,7118,1513704818,D1SRUPTOR,CONTESTANT,PRETESTS,0,0,1843200
902,A,33414907,GNU C++11,OK,621,1513698331,D2JPJ2D,CONTESTANT,TESTS,55,15,2048000
902,B,33420776,GNU C++11,OK,1682,1513699392,D2JPJ2D,CONTESTANT,TESTS,50,30,6963200
902,C,33425359,GNU C++11,OK,2937,1513700647,D2JPJ2D,CONTESTANT,TESTS,45,108,3276800
902,D,33435650,GNU C++11,WRONG_ANSWER,7181,1513704892,D2JPJ2D,CONTESTANT,PRETESTS,0,0,2560000
902,A,33414527,Java 8,RUNTIME_ERROR,571,1513698271,DAIICTian,CONTESTANT,PRETESTS,0,109,20582400
902,A,33414845,Java 8,OK,622,1513698322,DAIICTian,CONTESTANT,TESTS,55,124,20684800
902,B,33417274,Java 8,RUNTIME_ERROR,994,1513698694,DAIICTian,CONTESTANT,PRETESTS,0,108,20582400
902,B,33417942,Java 8,OK,1107,1513698807,DAIICTian,CONTESTANT,TESTS,50,140,20787200
902,C,33422405,Java 8,WRONG_ANSWER,2101,1513699801,DAIICTian,CONTESTANT,PRETESTS,5,109,20684800
902,C,33424326,Java 8,RUNTIME_ERROR,2631,1513700331,DAIICTian,CONTESTANT,PRETESTS,1,109,20582400
902,C,33424803,Java 8,OK,2773,1513700473,DAIICTian,CONTESTANT,TESTS,45,202,20787200
902,A,33417869,FPC,OK,1097,1513698797,DANDROZAVR,CONTESTANT,TESTS,55,15,1638400
902,B,33432912,FPC,WRONG_ANSWER,6071,1513703771,DANDROZAVR,CONTESTANT,PRETESTS,5,936,3584000
902,B,33433918,FPC,WRONG_ANSWER,6530,1513704230,DANDROZAVR,CONTESTANT,PRETESTS,5,904,3584000
902,A,33416185,C++14 (GCC 6-32),OK,820,1513698520,DFS,CONTESTANT,TESTS,55,15,13926400
902,B,33421823,C++14 (GCC 6-32),OK,1946,1513699646,DFS,CONTESTANT,TESTS,50,31,22425600
902,C,33429013,C++14 (GCC 6-32),WRONG_ANSWER,4283,1513701983,DFS,CONTESTANT,PRETESTS,3,15,13926400
902,C,33430537,C++14 (GCC 6-32),OK,4919,1513702619,DFS,CONTESTANT,TESTS,45,78,13926400
902,A,33415664,GNU C++11,WRONG_ANSWER,742,1513698442,DIDCJS,CONTESTANT,PRETESTS,4,15,2048000
902,A,33417603,GNU C++11,OK,1051,1513698751,DIDCJS,CONTESTANT,TESTS,55,15,2048000
902,B,33422585,GNU C++11,OK,2149,1513699849,DIDCJS,CONTESTANT,TESTS,50,15,3993600
902,C,33433152,GNU C++11,OK,6183,1513703883,DIDCJS,CONTESTANT,TESTS,45,109,3686400
902,A,33413944,GNU C++11,OK,479,1513698179,DIMASIKMEMASIK,CONTESTANT,TESTS,55,15,2048000
902,B,33427603,GNU C++11,MEMORY_LIMIT_EXCEEDED,3730,1513701430,DIMASIKMEMASIK,CONTESTANT,PRETESTS,0,0,268390400
902,B,33429737,GNU C++11,OK,4585,1513702285,DIMASIKMEMASIK,CONTESTANT,TESTS,50,249,2457600
902,C,33433413,GNU C++11,WRONG_ANSWER,6300,1513704000,DIMASIKMEMASIK,CONTESTANT,PRETESTS,1,0,2048000
902,C,33433717,GNU C++11,WRONG_ANSWER,6432,1513704132,DIMASIKMEMASIK,CONTESTANT,PRETESTS,3,15,2048000
902,C,33434081,GNU C++11,WRONG_ANSWER,6616,1513704316,DIMASIKMEMASIK,CONTESTANT,PRETESTS,5,15,2048000
902,C,33434647,GNU C++11,OK,6864,1513704564,DIMASIKMEMASIK,CONTESTANT,TESTS,45,343,9011200
902,A,33415692,C++14 (GCC 6-32),WRONG_ANSWER,747,1513698447,DP99,CONTESTANT,PRETESTS,4,15,1945600
902,A,33416704,C++14 (GCC 6-32),WRONG_ANSWER,900,1513698600,DP99,CONTESTANT,PRETESTS,2,0,1843200
902,A,33418932,C++14 (GCC 6-32),WRONG_ANSWER,1291,1513698991,DP99,CONTESTANT,PRETESTS,2,15,1843200
902,B,33424689,C++14 (GCC 6-32),OK,2741,1513700441,DP99,CONTESTANT,TESTS,50,280,5529600
902,A,33425694,C++14 (GCC 6-32),OK,3055,1513700755,DP99,CONTESTANT,TESTS,55,31,1945600
902,C,33429520,C++14 (GCC 6-32),OK,4496,1513702196,DP99,CONTESTANT,TESTS,45,140,13926400
902,A,33412765,GNU C++,OK,235,1513697935,DQS,CONTESTANT,TESTS,55,15,6041600
902,B,33415641,GNU C++,OK,740,1513698440,DQS,CONTESTANT,TESTS,50,15,18227200
902,C,33428609,GNU C++,OK,4119,1513701819,DQS,CONTESTANT,TESTS,45,93,26112000
902,A,33417552,C++14 (GCC 6-32),WRONG_ANSWER,1040,1513698740,DRAGON_TANVIR,CONTESTANT,PRETESTS,2,0,1843200
902,A,33420194,C++14 (GCC 6-32),WRONG_ANSWER,1557,1513699257,DRAGON_TANVIR,CONTESTANT,PRETESTS,2,0,1843200
902,A,33413163,PyPy 3,OK,331,1513698041,DSRub,CONTESTANT,TESTS,55,109,23142400
902,B,33424808,C++14 (GCC 6-32),OK,2763,1513700474,DSRub,CONTESTANT,TESTS,50,46,2048000
902,C,33433228,C++14 (GCC 6-32),OK,6204,1513703915,DSRub,CONTESTANT,TESTS,45,140,5632000
902,A,33417943,C++14 (GCC 6-32),WRONG_ANSWER,1107,1513698807,DT2131,CONTESTANT,TESTS,47,15,1945600
902,B,33423558,C++14 (GCC 6-32),OK,2423,1513700123,DT2131,CONTESTANT,TESTS,50,46,2560000
902,C,33428620,C++14 (GCC 6-32),WRONG_ANSWER,4126,1513701826,DT2131,CONTESTANT,PRETESTS,1,15,5939200
902,C,33429222,C++14 (GCC 6-32),OK,4365,1513702065,DT2131,CONTESTANT,TESTS,45,156,8089600
902,A,33415072,GNU C++,OK,657,1513698357,DW_Zhouyu,CONTESTANT,TESTS,55,15,2252800
902,B,33423653,GNU C++,OK,2447,1513700147,DW_Zhouyu,CONTESTANT,TESTS,50,202,2662400
902,C,33428309,GNU C++,OK,3996,1513701696,DW_Zhouyu,CONTESTANT,TESTS,45,109,2867200
902,A,33412803,C++14 (GCC 6-32),OK,253,1513697953,DWade,CONTESTANT,TESTS,55,15,1945600
902,B,33414279,C++14 (GCC 6-32),OK,530,1513698230,DWade,CONTESTANT,TESTS,50,15,2457600
902,C,33422253,C++14 (GCC 6-32),WRONG_ANSWER,2050,1513699750,DWade,CONTESTANT,PRETESTS,4,15,2662400
902,C,33423921,C++14 (GCC 6-32),WRONG_ANSWER,2525,1513700225,DWade,CONTESTANT,PRETESTS,4,15,2662400
902,C,33426999,C++14 (GCC 6-32),OK,3503,1513701203,DWade,CONTESTANT,TESTS,45,93,2662400
902,D,33435248,C++14 (GCC 6-32),WRONG_ANSWER,7087,1513704787,DWade,CONTESTANT,PRETESTS,2,0,5939200
902,A,33419354,GNU C++11,OK,1375,1513699075,Da7y,CONTESTANT,TESTS,55,15,3686400
902,B,33426462,GNU C++11,OK,3308,1513701008,Da7y,CONTESTANT,TESTS,50,31,4096000
902,A,33418658,GNU C++11,COMPILATION_ERROR,1224,1513698934,Dada27,CONTESTANT,PRETESTS,0,0,0
902,A,33419007,GNU C++11,COMPILATION_ERROR,1298,1513699009,Dada27,CONTESTANT,PRETESTS,0,0,0
902,A,33419436,GNU C++11,WRONG_ANSWER,1385,1513699095,Dada27,CONTESTANT,PRETESTS,6,15,2048000
902,A,33421580,GNU C++11,WRONG_ANSWER,1878,1513699588,Dada27,CONTESTANT,PRETESTS,2,0,2048000
902,A,33423984,GNU C++11,WRONG_ANSWER,2531,1513700241,Dada27,CONTESTANT,PRETESTS,2,15,2048000
902,A,33414186,C++14 (GCC 6-32),WRONG_ANSWER,506,1513698216,Daegari,CONTESTANT,PRETESTS,3,15,1843200
902,A,33415312,C++14 (GCC 6-32),WRONG_ANSWER,683,1513698394,Daegari,CONTESTANT,PRETESTS,5,0,1843200
902,A,33416974,C++14 (GCC 6-32),WRONG_ANSWER,930,1513698640,Daegari,CONTESTANT,PRETESTS,2,15,1843200
902,A,33420382,C++14 (GCC 6-32),WRONG_ANSWER,1586,1513699297,Daegari,CONTESTANT,PRETESTS,5,15,1843200
902,A,33420707,C++14 (GCC 6-32),WRONG_ANSWER,1662,1513699373,Daegari,CONTESTANT,PRETESTS,5,15,1843200
902,A,33421602,C++14 (GCC 6-32),WRONG_ANSWER,1881,1513699592,Daegari,CONTESTANT,PRETESTS,2,0,1843200
902,A,33424147,C++14 (GCC 6-32),WRONG_ANSWER,2573,1513700283,Daegari,CONTESTANT,PRETESTS,2,15,1843200
902,A,33426507,C++14 (GCC 6-32),WRONG_ANSWER,3315,1513701025,Daegari,CONTESTANT,PRETESTS,5,15,1843200
902,A,33432195,C++14 (GCC 6-32),WRONG_ANSWER,5700,1513703410,Daegari,CONTESTANT,PRETESTS,5,15,1843200
902,A,33413652,GNU C++11,WRONG_ANSWER,431,1513698131,Dain_Ironfoot,CONTESTANT,PRETESTS,2,15,2048000
902,A,33414154,GNU C++11,WRONG_ANSWER,512,1513698212,Dain_Ironfoot,CONTESTANT,PRETESTS,2,15,2048000
902,A,33419642,GNU C++11,WRONG_ANSWER,1437,1513699137,Dain_Ironfoot,CONTESTANT,PRETESTS,2,15,2048000
902,A,33421552,GNU C++11,WRONG_ANSWER,1882,1513699582,Dain_Ironfoot,CONTESTANT,PRETESTS,2,0,2048000
902,A,33413835,C++14 (GCC 6-32),WRONG_ANSWER,460,1513698160,Dalenator,CONTESTANT,PRETESTS,2,15,1843200
902,A,33417925,C++14 (GCC 6-32),OK,1105,1513698805,Dalenator,CONTESTANT,TESTS,55,15,1945600
902,B,33422115,C++14 (GCC 6-32),OK,2016,1513699716,Dalenator,CONTESTANT,TESTS,50,234,7577600
902,A,33412627,C++14 (GCC 6-32),SKIPPED,117,1513697817,Dalgerok,CONTESTANT,PRETESTS,8,0,1945600
902,A,33412653,C++14 (GCC 6-32),OK,162,1513697862,Dalgerok,CONTESTANT,TESTS,55,15,1945600
902,B,33417251,C++14 (GCC 6-32),OK,990,1513698690,Dalgerok,CONTESTANT,TESTS,50,15,2560000
902,C,33423797,C++14 (GCC 6-32),WRONG_ANSWER,2491,1513700191,Dalgerok,CONTESTANT,PRETESTS,1,15,2252800
902,C,33424894,C++14 (GCC 6-32),OK,2797,1513700497,Dalgerok,CONTESTANT,TESTS,45,93,2252800
902,A,33424261,Python 3,OK,2613,1513700313,Dambola,CONTESTANT,TESTS,55,62,5529600
902,B,33431932,GNU C++11,OK,5581,1513703281,Dambola,CONTESTANT,TESTS,50,46,2457600
902,A,33423977,GNU C++,OK,2540,1513700240,DanGaL2017,CONTESTANT,TESTS,55,15,2048000
902,A,33414748,C++14 (GCC 6-32),WRONG_ANSWER,593,1513698304,DanilMir,CONTESTANT,PRETESTS,3,0,1945600
902,A,33416379,C++14 (GCC 6-32),WRONG_ANSWER,836,1513698547,DanilMir,CONTESTANT,PRETESTS,3,15,1843200
902,A,33417669,C++14 (GCC 6-32),WRONG_ANSWER,1051,1513698762,DanilMir,CONTESTANT,PRETESTS,0,0,1843200
902,A,33418268,C++14 (GCC 6-32),WRONG_ANSWER,1152,1513698862,DanilMir,CONTESTANT,PRETESTS,3,15,1945600
902,A,33419520,C++14 (GCC 6-32),WRONG_ANSWER,1403,1513699114,DanilMir,CONTESTANT,PRETESTS,3,15,1843200
902,A,33423453,C++14 (GCC 6-32),WRONG_ANSWER,2382,1513700093,DanilMir,CONTESTANT,PRETESTS,4,15,1843200
902,A,33415837,C++14 (GCC 6-32),WRONG_ANSWER,759,1513698469,Danilld,CONTESTANT,PRETESTS,4,15,1945600
902,A,33419663,C++14 (GCC 6-32),WRONG_ANSWER,1432,1513699142,Danilld,CONTESTANT,PRETESTS,4,15,1945600
902,A,33424839,C++14 (GCC 6-32),WRONG_ANSWER,2772,1513700483,Danilld,CONTESTANT,PRETESTS,0,0,1843200
902,A,33414270,GNU C++11,WRONG_ANSWER,518,1513698229,Daniyar,CONTESTANT,PRETESTS,2,15,18124800
902,A,33416722,GNU C++11,WRONG_ANSWER,893,1513698603,Daniyar,CONTESTANT,PRETESTS,2,15,18124800
902,A,33420481,GNU C++11,WRONG_ANSWER,1610,1513699321,Daniyar,CONTESTANT,PRETESTS,3,15,26112000
902,A,33421141,GNU C++11,OK,1770,1513699480,Daniyar,CONTESTANT,TESTS,55,15,26112000
902,A,33427448,GNU C++,WRONG_ANSWER,3674,1513701374,Dannor,CONTESTANT,PRETESTS,4,15,2048000
902,A,33433375,GNU C++,WRONG_ANSWER,6282,1513703982,Dannor,CONTESTANT,PRETESTS,2,15,2048000
902,A,33414240,Java 8,WRONG_ANSWER,525,1513698225,DanteB,CONTESTANT,PRETESTS,2,109,20582400
902,A,33415731,Java 8,OK,754,1513698454,DanteB,CONTESTANT,TESTS,55,124,20684800
902,B,33422518,Java 8,OK,2131,1513699831,DanteB,CONTESTANT,TESTS,50,811,20787200
902,C,33427243,Java 8,OK,3600,1513701300,DanteB,CONTESTANT,TESTS,45,343,53350400
902,D,33433675,Java 8,OK,6415,1513704115,DanteB,CONTESTANT,TESTS,150,140,20684800
902,A,33417421,C++14 (GCC 6-32),OK,1017,1513698717,DarkSnail,CONTESTANT,TESTS,55,15,1945600
902,B,33422997,C++14 (GCC 6-32),OK,2259,1513699959,DarkSnail,CONTESTANT,TESTS,50,31,2560000
902,C,33428189,C++14 (GCC 6-32),WRONG_ANSWER,3951,1513701651,DarkSnail,CONTESTANT,PRETESTS,3,0,1843200
902,C,33428555,C++14 (GCC 6-32),OK,4097,1513701797,DarkSnail,CONTESTANT,TESTS,45,140,2252800
902,D,33435140,C++14 (GCC 6-32),WRONG_ANSWER,7048,1513704748,DarkSnail,CONTESTANT,PRETESTS,0,0,1843200
902,D,33435228,C++14 (GCC 6-32),WRONG_ANSWER,7080,1513704780,DarkSnail,CONTESTANT,PRETESTS,2,15,1945600
902,D,33435519,C++14 (GCC 6-32),WRONG_ANSWER,7167,1513704867,DarkSnail,CONTESTANT,PRETESTS,0,0,1843200
902,A,33416231,GNU C++11,OK,814,1513698525,Darksinian,CONTESTANT,TESTS,55,15,2048000
902,B,33420581,GNU C++11,WRONG_ANSWER,1633,1513699344,Darksinian,CONTESTANT,PRETESTS,9,30,2764800
902,B,33423041,GNU C++11,OK,2263,1513699973,Darksinian,CONTESTANT,TESTS,50,31,2867200
902,C,33429304,GNU C++11,OK,4388,1513702098,Darksinian,CONTESTANT,TESTS,45,265,2457600
902,A,33414948,OCaml,OK,637,1513698337,Darooha,CONTESTANT,TESTS,55,15,3891200
902,B,33424628,OCaml,OK,2723,1513700423,Darooha,CONTESTANT,TESTS,50,31,4300800
902,C,33432879,OCaml,OK,6056,1513703756,Darooha,CONTESTANT,TESTS,45,124,3993600
902,A,33412870,GNU C++11,OK,263,1513697974,Darth.Vader,CONTESTANT,TESTS,55,15,14131200
902,B,33415526,GNU C++11,OK,714,1513698425,Darth.Vader,CONTESTANT,TESTS,50,61,18432000
902,C,33423776,GNU C++11,WRONG_ANSWER,2476,1513700186,Darth.Vader,CONTESTANT,PRETESTS,3,30,34099200
902,C,33426262,GNU C++11,OK,3232,1513700942,Darth.Vader,CONTESTANT,TESTS,45,311,22118400
902,A,33413169,C++14 (GCC 6-32),OK,342,1513698042,Darts501,CONTESTANT,TESTS,55,30,2048000
902,B,33415611,C++14 (GCC 6-32),OK,734,1513698434,Darts501,CONTESTANT,TESTS,50,15,2150400
902,C,33422080,C++14 (GCC 6-32),OK,2007,1513699707,Darts501,CONTESTANT,TESTS,45,78,4096000
902,D,33433076,C++14 (GCC 6-32),WRONG_ANSWER,6147,1513703847,Darts501,CONTESTANT,PRETESTS,1,15,2048000
902,D,33433274,C++14 (GCC 6-32),WRONG_ANSWER,6238,1513703938,Darts501,CONTESTANT,PRETESTS,4,15,2048000
902,D,33433988,C++14 (GCC 6-32),WRONG_ANSWER,6572,1513704272,Darts501,CONTESTANT,PRETESTS,4,0,2048000
902,D,33434598,C++14 (GCC 6-32),WRONG_ANSWER,6844,1513704544,Darts501,CONTESTANT,PRETESTS,5,15,2048000
902,D,33434954,C++14 (GCC 6-32),WRONG_ANSWER,6988,1513704688,Darts501,CONTESTANT,PRETESTS,5,0,2048000
902,A,33413048,GNU C++11,WRONG_ANSWER,318,1513698018,DashdavaaJargalmaa,CONTESTANT,PRETESTS,2,0,2048000
902,A,33414754,GNU C++11,WRONG_ANSWER,605,1513698305,DashdavaaJargalmaa,CONTESTANT,PRETESTS,2,0,2048000
902,A,33423857,GNU C++11,OK,2504,1513700204,DashdavaaJargalmaa,CONTESTANT,TESTS,55,15,2048000
902,A,33413584,C++14 (GCC 6-32),WRONG_ANSWER,419,1513698119,DatoTS,CONTESTANT,PRETESTS,1,0,2048000
902,A,33415007,C++14 (GCC 6-32),OK,647,1513698347,DatoTS,CONTESTANT,TESTS,55,15,2252800
902,B,33418570,C++14 (GCC 6-32),OK,1216,1513698916,DatoTS,CONTESTANT,TESTS,50,15,2252800
902,C,33428635,C++14 (GCC 6-32),OK,4132,1513701832,DatoTS,CONTESTANT,TESTS,45,124,5222400
902,A,33422113,C++14 (GCC 6-32),WRONG_ANSWER,2016,1513699716,DaysGone,CONTESTANT,TESTS,47,15,1945600
902,B,33431752,C++14 (GCC 6-32),RUNTIME_ERROR,5490,1513703190,DaysGone,CONTESTANT,PRETESTS,0,15,1843200
902,B,33432143,C++14 (GCC 6-32),WRONG_ANSWER,5687,1513703387,DaysGone,CONTESTANT,PRETESTS,5,15,2048000
902,A,33416500,C++14 (GCC 6-32),OK,869,1513698569,Dazzler,CONTESTANT,TESTS,55,15,66150400
902,B,33423839,C++14 (GCC 6-32),OK,2500,1513700200,Dazzler,CONTESTANT,TESTS,50,46,5120000
902,C,33428930,C++14 (GCC 6-32),OK,4248,1513701948,Dazzler,CONTESTANT,TESTS,45,171,68403200
902,A,33414584,C++14 (GCC 6-32),SKIPPED,581,1513698281,De.Wilde,CONTESTANT,PRETESTS,8,15,1945600
902,B,33420938,C++14 (GCC 6-32),OK,1728,1513699428,De.Wilde,CONTESTANT,TESTS,50,15,2560000
902,C,33430396,C++14 (GCC 6-32),RUNTIME_ERROR,4858,1513702558,De.Wilde,CONTESTANT,PRETESTS,12,15,2662400
902,C,33430560,C++14 (GCC 6-32),OK,4928,1513702628,De.Wilde,CONTESTANT,TESTS,45,124,82022400
902,A,33432371,C++14 (GCC 6-32),OK,5795,1513703495,De.Wilde,CONTESTANT,TESTS,55,30,1945600
902,A,33413735,C++14 (GCC 6-32),WRONG_ANSWER,443,1513698143,DeLus1oN,CONTESTANT,PRETESTS,2,15,1843200
902,A,33419378,C++14 (GCC 6-32),WRONG_ANSWER,1378,1513699078,DeLus1oN,CONTESTANT,PRETESTS,0,0,1843200
902,A,33420143,C++14 (GCC 6-32),WRONG_ANSWER,1543,1513699243,DeLus1oN,CONTESTANT,TESTS,47,15,1945600
902,B,33423517,C++14 (GCC 6-32),OK,2410,1513700110,DeLus1oN,CONTESTANT,TESTS,50,15,2560000
902,C,33426741,C++14 (GCC 6-32),WRONG_ANSWER,3413,1513701113,DeLus1oN,CONTESTANT,PRETESTS,1,15,3481600
902,C,33427356,C++14 (GCC 6-32),WRONG_ANSWER,3645,1513701345,DeLus1oN,CONTESTANT,PRETESTS,4,15,3481600
902,C,33428866,C++14 (GCC 6-32),OK,4225,1513701925,DeLus1oN,CONTESTANT,TESTS,45,93,3481600
902,A,33415864,C++14 (GCC 6-32),WRONG_ANSWER,772,1513698472,Deadpool,CONTESTANT,PRETESTS,2,15,1945600
902,A,33419001,C++14 (GCC 6-32),WRONG_ANSWER,1308,1513699008,Deadpool,CONTESTANT,PRETESTS,2,0,1843200
902,A,33420698,C++14 (GCC 6-32),WRONG_ANSWER,1671,1513699371,Deadpool,CONTESTANT,PRETESTS,5,15,1945600
902,A,33421484,C++14 (GCC 6-32),WRONG_ANSWER,1865,1513699565,Deadpool,CONTESTANT,PRETESTS,5,15,1945600
902,A,33422751,C++14 (GCC 6-32),WRONG_ANSWER,2196,1513699896,Deadpool,CONTESTANT,PRETESTS,5,15,1945600
902,A,33425091,C++14 (GCC 6-32),WRONG_ANSWER,2859,1513700559,Deadpool,CONTESTANT,PRETESTS,0,0,1945600
902,A,33426317,C++14 (GCC 6-32),WRONG_ANSWER,3259,1513700959,Deadpool,CONTESTANT,PRETESTS,2,0,1843200
902,A,33427450,C++14 (GCC 6-32),COMPILATION_ERROR,3674,1513701374,Deadpool,CONTESTANT,PRETESTS,0,0,0
902,A,33427513,C++14 (GCC 6-32),WRONG_ANSWER,3702,1513701402,Deadpool,CONTESTANT,PRETESTS,2,15,1945600
902,A,33428317,C++14 (GCC 6-32),WRONG_ANSWER,3998,1513701698,Deadpool,CONTESTANT,PRETESTS,5,15,1945600
902,B,33432830,C++14 (GCC 6-32),OK,6029,1513703729,Deadpool,CONTESTANT,TESTS,50,31,2560000
902,A,33434078,C++14 (GCC 6-32),OK,6614,1513704315,Deadpool,CONTESTANT,TESTS,55,15,1945600
902,A,33417357,GNU C,WRONG_ANSWER,1007,1513698707,Debasish1610177113,CONTESTANT,PRETESTS,2,0,1843200
902,A,33420867,GNU C,CHALLENGED,1713,1513699413,Debasish1610177113,CONTESTANT,CHALLENGES,8,15,1843200
902,A,33433482,GNU C,OK,6326,1513704026,Debasish1610177113,CONTESTANT,TESTS,55,30,1843200
902,A,33413837,GNU C++11,CHALLENGED,460,1513698160,Decayed,CONTESTANT,CHALLENGES,8,15,2048000
902,B,33421522,GNU C++11,OK,1873,1513699573,Decayed,CONTESTANT,TESTS,50,249,2662400
902,A,33414657,GNU C++11,WRONG_ANSWER,590,1513698290,DenkoV,CONTESTANT,PRETESTS,2,15,2048000
902,A,33415447,GNU C++11,WRONG_ANSWER,713,1513698413,DenkoV,CONTESTANT,PRETESTS,2,15,2048000
902,A,33416166,GNU C++11,OK,817,1513698517,DenkoV,CONTESTANT,TESTS,55,15,2048000
902,B,33425506,GNU C++11,OK,2992,1513700692,DenkoV,CONTESTANT,TESTS,50,15,2150400
902,C,33433835,GNU C++11,OK,6486,1513704186,DenkoV,CONTESTANT,TESTS,45,109,2457600
902,A,33412714,C++14 (GCC 6-32),OK,213,1513697913,Dennord,CONTESTANT,TESTS,55,15,1945600
902,B,33414655,C++14 (GCC 6-32),OK,590,1513698290,Dennord,CONTESTANT,TESTS,50,15,2457600
902,A,33412875,C++14 (GCC 6-32),OK,276,1513697976,Departure,CONTESTANT,TESTS,55,15,1945600
902,B,33417520,C++14 (GCC 6-32),OK,1035,1513698735,Departure,CONTESTANT,TESTS,50,30,3891200
902,C,33428643,C++14 (GCC 6-32),OK,4137,1513701837,Departure,CONTESTANT,TESTS,45,139,8908800
902,D,33432161,C++14 (GCC 6-32),WRONG_ANSWER,5694,1513703394,Departure,CONTESTANT,PRETESTS,1,0,2150400
902,D,33432923,C++14 (GCC 6-32),WRONG_ANSWER,6076,1513703776,Departure,CONTESTANT,PRETESTS,1,15,2150400
902,D,33434276,C++14 (GCC 6-32),WRONG_ANSWER,6706,1513704406,Departure,CONTESTANT,PRETESTS,4,15,2150400
902,A,33413700,Java 8,OK,439,1513698139,Derino,CONTESTANT,TESTS,55,124,20684800
902,B,33418346,Java 8,OK,1176,1513698876,Derino,CONTESTANT,TESTS,50,842,21299200
902,C,33426046,Java 8,OK,3168,1513700868,Derino,CONTESTANT,TESTS,45,202,41574400
902,A,33421733,C++14 (GCC 6-32),WRONG_ANSWER,1923,1513699623,DessertKid,CONTESTANT,PRETESTS,4,15,1945600
902,A,33424266,C++14 (GCC 6-32),OK,2614,1513700314,DessertKid,CONTESTANT,TESTS,55,15,1945600
902,B,33429008,C++14 (GCC 6-32),OK,4282,1513701982,DessertKid,CONTESTANT,TESTS,50,15,5222400
902,A,33415418,GNU C++11,OK,708,1513698408,Devil,CONTESTANT,TESTS,55,15,2048000
902,B,33421951,GNU C++11,OK,1980,1513699680,Devil,CONTESTANT,TESTS,50,31,2662400
902,C,33426873,GNU C++11,RUNTIME_ERROR,3461,1513701161,Devil,CONTESTANT,PRETESTS,0,0,2252800
902,C,33429267,GNU C++11,WRONG_ANSWER,4383,1513702083,Devil,CONTESTANT,PRETESTS,3,15,2048000
902,C,33430361,GNU C++11,WRONG_ANSWER,4844,1513702544,Devil,CONTESTANT,PRETESTS,3,15,2048000
902,C,33430880,GNU C++11,WRONG_ANSWER,5065,1513702765,Devil,CONTESTANT,PRETESTS,3,15,2048000
902,C,33432086,GNU C++11,WRONG_ANSWER,5655,1513703355,Devil,CONTESTANT,PRETESTS,3,15,2048000
902,C,33432578,GNU C++11,WRONG_ANSWER,5910,1513703610,Devil,CONTESTANT,PRETESTS,6,15,2048000
902,C,33432945,GNU C++11,OK,6084,1513703784,Devil,CONTESTANT,TESTS,45,249,5222400
902,A,33413338,C++14 (GCC 6-32),OK,374,1513698074,Devil_G,CONTESTANT,TESTS,55,15,2252800
902,B,33420181,C++14 (GCC 6-32),OK,1552,1513699252,Devil_G,CONTESTANT,TESTS,50,15,5836800
902,C,33421791,C++14 (GCC 6-32),WRONG_ANSWER,1937,1513699637,Devil_G,CONTESTANT,PRETESTS,3,0,2252800
902,C,33422636,C++14 (GCC 6-32),WRONG_ANSWER,2165,1513699865,Devil_G,CONTESTANT,PRETESTS,1,0,2252800
902,C,33423844,C++14 (GCC 6-32),OK,2501,1513700201,Devil_G,CONTESTANT,TESTS,45,93,2252800
902,D,33427358,C++14 (GCC 6-32),WRONG_ANSWER,3645,1513701345,Devil_G,CONTESTANT,PRETESTS,2,0,1945600
902,D,33430654,C++14 (GCC 6-32),OK,4974,1513702674,Devil_G,CONTESTANT,TESTS,150,15,1945600
902,A,33425188,Java 8,CHALLENGED,2888,1513700588,Dexter420,CONTESTANT,CHALLENGES,8,155,61235200
902,A,33427002,Java 8,WRONG_ANSWER,3504,1513701204,Dexter420,CONTESTANT,CHALLENGES,0,155,61235200
902,A,33428969,Java 8,WRONG_ANSWER,4265,1513701965,Dexter420,CONTESTANT,CHALLENGES,0,140,61235200
902,A,33429392,Java 8,OK,4435,1513702135,Dexter420,CONTESTANT,TESTS,55,171,61235200
902,B,33431722,Java 8,SKIPPED,5474,1513703174,Dexter420,CONTESTANT,PRETESTS,10,171,61337600
902,B,33431826,Java 8,OK,5533,1513703233,Dexter420,CONTESTANT,TESTS,50,217,61337600
902,A,33417580,GNU C++11,WRONG_ANSWER,1035,1513698746,Dhruba10414,CONTESTANT,PRETESTS,4,15,2048000
902,A,33418897,GNU C++11,WRONG_ANSWER,1274,1513698984,Dhruba10414,CONTESTANT,PRETESTS,4,15,2048000
902,A,33420485,GNU C++11,WRONG_ANSWER,1611,1513699321,Dhruba10414,CONTESTANT,PRETESTS,1,0,2048000
902,A,33421842,GNU C++11,WRONG_ANSWER,1951,1513699651,Dhruba10414,CONTESTANT,PRETESTS,5,15,2048000
902,A,33422554,GNU C++11,OK,2140,1513699840,Dhruba10414,CONTESTANT,TESTS,55,15,2048000
902,A,33423391,C++14 (GCC 6-32),WRONG_ANSWER,2376,1513700076,DhrvShrma,CONTESTANT,PRETESTS,1,15,1843200
902,A,33423579,C++14 (GCC 6-32),WRONG_ANSWER,2427,1513700127,DhrvShrma,CONTESTANT,PRETESTS,2,15,1945600
902,A,33425348,C++14 (GCC 6-32),OK,2944,1513700644,DhrvShrma,CONTESTANT,TESTS,55,15,1843200
902,A,33414247,GNU C++11,OK,515,1513698226,DiaShizuka,CONTESTANT,TESTS,55,15,2867200
902,B,33418986,GNU C++11,OK,1294,1513699004,DiaShizuka,CONTESTANT,TESTS,50,15,5120000
902,C,33427079,GNU C++11,OK,3527,1513701237,DiaShizuka,CONTESTANT,TESTS,45,124,11366400
902,D,33434301,GNU C++11,WRONG_ANSWER,6704,1513704415,DiaShizuka,CONTESTANT,PRETESTS,1,0,2048000
902,B,33418743,C++14 (GCC 6-32),OK,1251,1513698951,DieHardFanOfBarca,CONTESTANT,TESTS,50,31,5427200
902,A,33422762,C++14 (GCC 6-32),OK,2199,1513699899,DieHardFanOfBarca,CONTESTANT,TESTS,55,15,3481600
902,A,33416132,GNU C++11,OK,812,1513698512,DiedriK,CONTESTANT,TESTS,55,31,2048000
902,B,33421302,GNU C++11,OK,1820,1513699520,DiedriK,CONTESTANT,TESTS,50,46,2560000
902,C,33433139,GNU C++11,WRONG_ANSWER,6179,1513703879,DiedriK,CONTESTANT,PRETESTS,0,0,2457600
902,A,33424048,C++14 (GCC 6-32),WRONG_ANSWER,2557,1513700257,DiegoCosta,CONTESTANT,PRETESTS,0,0,3072000
902,A,33424205,C++14 (GCC 6-32),OK,2596,1513700296,DiegoCosta,CONTESTANT,TESTS,55,15,1945600
902,A,33412905,GNU C++11,OK,285,1513697985,Diegogrc,CONTESTANT,TESTS,55,15,2048000
902,B,33415174,GNU C++11,MEMORY_LIMIT_EXCEEDED,671,1513698371,Diegogrc,CONTESTANT,PRETESTS,5,15,268390400
902,B,33415831,GNU C++11,OK,768,1513698468,Diegogrc,CONTESTANT,TESTS,50,15,2457600
902,C,33420179,GNU C++11,WRONG_ANSWER,1552,1513699252,Diegogrc,CONTESTANT,PRETESTS,1,15,2457600
902,C,33427296,GNU C++11,WRONG_ANSWER,3622,1513701322,Diegogrc,CONTESTANT,PRETESTS,3,15,2457600
902,C,33429723,GNU C++11,SKIPPED,4580,1513702280,Diegogrc,CONTESTANT,PRETESTS,13,46,2457600
902,C,33429950,GNU C++11,OK,4674,1513702374,Diegogrc,CONTESTANT,TESTS,45,234,2457600
902,D,33432264,GNU C++11,WRONG_ANSWER,5745,1513703445,Diegogrc,CONTESTANT,PRETESTS,2,15,2048000
902,D,33433135,GNU C++11,WRONG_ANSWER,6175,1513703875,Diegogrc,CONTESTANT,PRETESTS,2,31,2048000
902,A,33413515,C++14 (GCC 6-32),WRONG_ANSWER,407,1513698107,Dikaya_Kisa,CONTESTANT,PRETESTS,2,0,1843200
902,A,33414640,C++14 (GCC 6-32),WRONG_ANSWER,589,1513698289,Dikaya_Kisa,CONTESTANT,PRETESTS,2,15,1945600
902,A,33415394,C++14 (GCC 6-32),WRONG_ANSWER,705,1513698405,Dikaya_Kisa,CONTESTANT,PRETESTS,4,15,1945600
902,A,33417530,C++14 (GCC 6-32),OK,1038,1513698738,Dikaya_Kisa,CONTESTANT,TESTS,55,15,1945600
902,B,33422971,C++14 (GCC 6-32),OK,2252,1513699952,Dikaya_Kisa,CONTESTANT,TESTS,50,31,2355200
902,C,33427290,C++14 (GCC 6-32),WRONG_ANSWER,3618,1513701318,Dikaya_Kisa,CONTESTANT,PRETESTS,4,15,1843200
902,C,33427706,C++14 (GCC 6-32),WRONG_ANSWER,3770,1513701470,Dikaya_Kisa,CONTESTANT,PRETESTS,4,15,1945600
902,C,33432627,C++14 (GCC 6-32),OK,5933,1513703633,Dikaya_Kisa,CONTESTANT,TESTS,45,155,3379200
902,A,33414140,GNU C++,OK,510,1513698210,DimaTC,CONTESTANT,TESTS,55,15,2048000
902,B,33424867,GNU C++,OK,2789,1513700489,DimaTC,CONTESTANT,TESTS,50,46,2457600
902,C,33432848,GNU C++,WRONG_ANSWER,6039,1513703739,DimaTC,CONTESTANT,PRETESTS,3,15,2457600
902,C,33434459,GNU C++,WRONG_ANSWER,6783,1513704483,DimaTC,CONTESTANT,PRETESTS,3,15,2457600
902,A,33412716,GNU C++11,OK,203,1513697914,DimmyT,CONTESTANT,TESTS,55,15,2048000
902,B,33414568,GNU C++11,OK,568,1513698278,DimmyT,CONTESTANT,TESTS,50,31,2764800
902,C,33424419,GNU C++11,WRONG_ANSWER,2650,1513700361,DimmyT,CONTESTANT,PRETESTS,1,15,9318400
902,C,33430716,GNU C++11,WRONG_ANSWER,4991,1513702701,DimmyT,CONTESTANT,PRETESTS,1,15,9318400
902,C,33431158,GNU C++11,WRONG_ANSWER,5184,1513702895,DimmyT,CONTESTANT,PRETESTS,1,15,9318400
902,C,33431332,GNU C++11,WRONG_ANSWER,5269,1513702979,DimmyT,CONTESTANT,PRETESTS,3,15,9318400
902,C,33433483,GNU C++11,WRONG_ANSWER,6316,1513704027,DimmyT,CONTESTANT,PRETESTS,3,15,9318400
902,C,33433658,GNU C++11,WRONG_ANSWER,6397,1513704108,DimmyT,CONTESTANT,PRETESTS,3,15,9318400
902,A,33413467,C++14 (GCC 6-32),OK,397,1513698097,Dinu_,CONTESTANT,TESTS,55,15,1945600
902,B,33417256,C++14 (GCC 6-32),OK,991,1513698691,Dinu_,CONTESTANT,TESTS,50,15,2355200
902,C,33421750,C++14 (GCC 6-32),WRONG_ANSWER,1927,1513699627,Dinu_,CONTESTANT,PRETESTS,1,0,2252800
902,C,33422881,C++14 (GCC 6-32),WRONG_ANSWER,2229,1513699929,Dinu_,CONTESTANT,PRETESTS,3,15,2252800
902,C,33423140,C++14 (GCC 6-32),OK,2305,1513700005,Dinu_,CONTESTANT,TESTS,45,140,5222400
902,A,33415840,GNU C++11,OK,769,1513698469,Dipta_Paul,CONTESTANT,TESTS,55,15,2048000
902,B,33422179,GNU C++11,OK,2033,1513699733,Dipta_Paul,CONTESTANT,TESTS,50,15,5120000
902,C,33431048,GNU C++11,WRONG_ANSWER,5139,1513702839,Dipta_Paul,CONTESTANT,PRETESTS,1,0,2457600
902,C,33435545,GNU C++11,WRONG_ANSWER,7173,1513704873,Dipta_Paul,CONTESTANT,PRETESTS,3,15,2457600
902,A,33417066,C++14 (GCC 6-32),WRONG_ANSWER,956,1513698656,Dipu_brur,CONTESTANT,TESTS,11,15,1945600
902,B,33421682,C++14 (GCC 6-32),WRONG_ANSWER,1911,1513699611,Dipu_brur,CONTESTANT,PRETESTS,9,15,2457600
902,B,33424028,C++14 (GCC 6-32),OK,2552,1513700252,Dipu_brur,CONTESTANT,TESTS,50,31,2560000
902,A,33416108,GNU C++11,WRONG_ANSWER,807,1513698507,DivideAndConquer,CONTESTANT,PRETESTS,5,0,2867200
902,A,33417895,GNU C++11,CHALLENGED,1100,1513698800,DivideAndConquer,CONTESTANT,CHALLENGES,8,15,2867200
902,C,33422316,C++14 (GCC 6-32),WRONG_ANSWER,2060,1513699770,Divyansh_19,CONTESTANT,PRETESTS,1,15,6656000
902,C,33423047,C++14 (GCC 6-32),WRONG_ANSWER,2264,1513699975,Divyansh_19,CONTESTANT,PRETESTS,1,0,6656000
902,C,33425558,C++14 (GCC 6-32),OK,3001,1513700712,Divyansh_19,CONTESTANT,TESTS,45,171,6656000
902,A,33426421,C++14 (GCC 6-32),OK,3285,1513700996,Divyansh_19,CONTESTANT,TESTS,55,30,1945600
902,B,33427789,C++14 (GCC 6-32),OK,3791,1513701502,Divyansh_19,CONTESTANT,TESTS,50,46,2457600
902,A,33412710,C++14 (GCC 6-32),WRONG_ANSWER,210,1513697910,Dmitriy.Belichenko,CONTESTANT,PRETESTS,5,0,2048000
902,A,33414641,C++14 (GCC 6-32),OK,589,1513698289,Dmitriy.Belichenko,CONTESTANT,TESTS,55,15,4300800
902,B,33417770,C++14 (GCC 6-32),OK,1079,1513698779,Dmitriy.Belichenko,CONTESTANT,TESTS,50,15,7065600
902,C,33424242,Java 8,TIME_LIMIT_EXCEEDED,2607,1513700307,Dmitriy.Belichenko,CONTESTANT,TESTS,13,2000,20684800
902,A,33412837,GNU C++11,OK,263,1513697963,Dmozze,CONTESTANT,TESTS,55,15,2048000
902,B,33415495,GNU C++11,OK,721,1513698421,Dmozze,CONTESTANT,TESTS,50,30,2560000
902,C,33423151,GNU C++11,WRONG_ANSWER,2309,1513700009,Dmozze,CONTESTANT,PRETESTS,1,15,2048000
902,C,33423429,GNU C++11,WRONG_ANSWER,2385,1513700085,Dmozze,CONTESTANT,PRETESTS,4,15,2048000
902,C,33429114,GNU C++11,OK,4323,1513702023,Dmozze,CONTESTANT,TESTS,45,311,11264000
902,A,33426409,C++14 (GCC 6-32),WRONG_ANSWER,3292,1513700992,DoctorManhattan,CONTESTANT,PRETESTS,5,0,1843200
902,A,33429121,C++14 (GCC 6-32),CHALLENGED,4325,1513702025,DoctorManhattan,CONTESTANT,CHALLENGES,8,15,1945600
902,A,33415937,C++14 (GCC 6-32),WRONG_ANSWER,783,1513698483,Doctor_Cartridge,CONTESTANT,PRETESTS,2,15,1843200
902,A,33417114,C++14 (GCC 6-32),WRONG_ANSWER,965,1513698665,Doctor_Cartridge,CONTESTANT,PRETESTS,2,15,1843200
902,A,33418257,C++14 (GCC 6-32),WRONG_ANSWER,1161,1513698861,Dodooooo,CONTESTANT,PRETESTS,2,15,1945600
902,A,33422912,C++14 (GCC 6-32),WRONG_ANSWER,2239,1513699939,Dodooooo,CONTESTANT,PRETESTS,2,15,1945600
902,A,33424447,C++14 (GCC 6-32),WRONG_ANSWER,2672,1513700372,Dodooooo,CONTESTANT,PRETESTS,2,15,1945600
902,A,33425482,C++14 (GCC 6-32),WRONG_ANSWER,2985,1513700685,Dodooooo,CONTESTANT,PRETESTS,2,0,1945600
902,B,33418009,Java 8,OK,1119,1513698819,Don_1234,CONTESTANT,TESTS,50,873,85299200
902,A,33419701,Java 8,WRONG_ANSWER,1449,1513699149,Don_1234,CONTESTANT,TESTS,47,155,85196800
902,C,33427107,Java 8,WRONG_ANSWER,3545,1513701245,Don_1234,CONTESTANT,PRETESTS,1,124,85196800
902,C,33427204,Java 8,WRONG_ANSWER,3588,1513701288,Don_1234,CONTESTANT,TESTS,39,233,157184000
902,A,33415838,C++14 (GCC 6-32),WRONG_ANSWER,769,1513698469,Don_Vito_Corleone_77,CONTESTANT,PRETESTS,2,15,1843200
902,A,33420546,C++14 (GCC 6-32),WRONG_ANSWER,1637,1513699337,Don_Vito_Corleone_77,CONTESTANT,PRETESTS,2,15,1843200
902,A,33425387,C++14 (GCC 6-32),WRONG_ANSWER,2955,1513700656,Don_Vito_Corleone_77,CONTESTANT,PRETESTS,0,15,1843200
902,A,33426147,C++14 (GCC 6-32),WRONG_ANSWER,3203,1513700903,Don_Vito_Corleone_77,CONTESTANT,PRETESTS,2,0,1843200
902,A,33413833,C++14 (GCC 6-32),WRONG_ANSWER,460,1513698160,DoraDura,CONTESTANT,PRETESTS,2,15,2048000
902,A,33415536,C++14 (GCC 6-32),WRONG_ANSWER,726,1513698426,DoraDura,CONTESTANT,PRETESTS,2,0,2048000
902,A,33416725,C++14 (GCC 6-32),WRONG_ANSWER,903,1513698603,DoraDura,CONTESTANT,TESTS,41,15,2048000
902,A,33419871,Java 8,WRONG_ANSWER,1483,1513699183,DoraemonV,CONTESTANT,PRETESTS,2,140,20992000
902,A,33421781,Java 8,WRONG_ANSWER,1936,1513699636,DoraemonV,CONTESTANT,PRETESTS,2,140,20992000
902,A,33428682,Java 8,WRONG_ANSWER,4153,1513701853,DoraemonV,CONTESTANT,TESTS,16,155,20992000
902,C,33419693,C++14 (GCC 6-32),RUNTIME_ERROR,1448,1513699148,Dos,CONTESTANT,PRETESTS,12,15,2252800
902,C,33421060,C++14 (GCC 6-32),OK,1760,1513699460,Dos,CONTESTANT,TESTS,45,77,5120000
902,B,33423147,C++14 (GCC 6-32),OK,2307,1513700007,Dos,CONTESTANT,TESTS,50,15,5529600
902,A,33424370,C++14 (GCC 6-32),WRONG_ANSWER,2644,1513700344,Dos,CONTESTANT,PRETESTS,4,15,5120000
902,A,33424703,C++14 (GCC 6-32),OK,2744,1513700444,Dos,CONTESTANT,TESTS,55,15,5120000
902,D,33427927,C++14 (GCC 6-32),WRONG_ANSWER,3849,1513701549,Dos,CONTESTANT,PRETESTS,1,30,5120000
902,D,33428613,C++14 (GCC 6-32),WRONG_ANSWER,4122,1513701822,Dos,CONTESTANT,PRETESTS,1,0,5120000
902,D,33432542,C++14 (GCC 6-32),WRONG_ANSWER,5891,1513703591,Dos,CONTESTANT,PRETESTS,1,15,5120000
902,D,33433352,C++14 (GCC 6-32),WRONG_ANSWER,6273,1513703973,Dos,CONTESTANT,PRETESTS,6,15,5120000
902,D,33434533,C++14 (GCC 6-32),WRONG_ANSWER,6816,1513704516,Dos,CONTESTANT,PRETESTS,6,15,5120000
902,D,33434854,C++14 (GCC 6-32),WRONG_ANSWER,6953,1513704653,Dos,CONTESTANT,PRETESTS,6,0,5120000
902,D,33434951,C++14 (GCC 6-32),WRONG_ANSWER,6986,1513704686,Dos,CONTESTANT,PRETESTS,2,15,5120000
902,A,33413777,GNU C++11,OK,441,1513698151,Dotiros,CONTESTANT,TESTS,55,15,2048000
902,B,33419907,GNU C++11,OK,1481,1513699192,Dotiros,CONTESTANT,TESTS,50,15,2355200
902,C,33428124,GNU C++11,OK,3916,1513701627,Dotiros,CONTESTANT,TESTS,45,108,2867200
902,A,33416397,C++14 (GCC 6-32),COMPILATION_ERROR,850,1513698550,Double-D,CONTESTANT,PRETESTS,0,0,0
902,A,33416583,C++14 (GCC 6-32),WRONG_ANSWER,881,1513698581,Double-D,CONTESTANT,PRETESTS,2,15,9932800
902,A,33417917,C++14 (GCC 6-32),WRONG_ANSWER,1103,1513698803,Double-D,CONTESTANT,PRETESTS,2,15,9932800
902,B,33421631,C++14 (GCC 6-32),COMPILATION_ERROR,1899,1513699599,Double-D,CONTESTANT,PRETESTS,0,0,0
902,A,33421786,C++14 (GCC 6-32),OK,1936,1513699636,Double-D,CONTESTANT,TESTS,55,15,1945600
902,A,33412775,C++14 (GCC 6-32),WRONG_ANSWER,240,1513697940,DoubleNy,CONTESTANT,PRETESTS,3,15,1945600
902,A,33413382,C++14 (GCC 6-32),WRONG_ANSWER,381,1513698081,DoubleNy,CONTESTANT,PRETESTS,4,0,1843200
902,A,33414200,C++14 (GCC 6-32),WRONG_ANSWER,519,1513698219,DoubleNy,CONTESTANT,PRETESTS,4,15,1945600
902,A,33416112,C++14 (GCC 6-32),OK,808,1513698508,DoubleNy,CONTESTANT,TESTS,55,15,1945600
902,B,33423670,C++14 (GCC 6-32),OK,2453,1513700153,DoubleNy,CONTESTANT,TESTS,50,218,3891200
902,C,33429082,C++14 (GCC 6-32),OK,4310,1513702010,DoubleNy,CONTESTANT,TESTS,45,77,3686400
902,A,33416431,Python 3,WRONG_ANSWER,855,1513698555,DoublewingZhang,CONTESTANT,PRETESTS,6,46,5529600
902,A,33417119,Python 3,WRONG_ANSWER,967,1513698667,DoublewingZhang,CONTESTANT,TESTS,11,77,5529600
902,B,33424814,Python 3,RUNTIME_ERROR,2776,1513700476,DoublewingZhang,CONTESTANT,TESTS,17,108,8396800
902,C,33416868,GNU C++,OK,925,1513698625,DoveChild,CONTESTANT,TESTS,45,108,6041600
902,A,33419747,GNU C++,WRONG_ANSWER,1455,1513699155,DoveChild,CONTESTANT,PRETESTS,2,15,3686400
902,A,33422399,GNU C++,WRONG_ANSWER,2099,1513699799,DoveChild,CONTESTANT,PRETESTS,5,15,3276800
902,A,33422897,GNU C++,OK,2233,1513699933,DoveChild,CONTESTANT,TESTS,55,15,3276800
902,B,33424804,GNU C++,OK,2773,1513700473,DoveChild,CONTESTANT,TESTS,50,187,4096000
902,A,33418645,JavaScript,WRONG_ANSWER,1232,1513698932,Dozalex13,CONTESTANT,PRETESTS,0,15,6041600
902,A,33420265,JavaScript,WRONG_ANSWER,1571,1513699271,Dozalex13,CONTESTANT,PRETESTS,3,30,6144000
902,A,33422248,JavaScript,WRONG_ANSWER,2049,1513699749,Dozalex13,CONTESTANT,PRETESTS,3,15,6144000
902,A,33422812,JavaScript,WRONG_ANSWER,2212,1513699912,Dozalex13,CONTESTANT,PRETESTS,3,30,6144000
902,A,33424003,JavaScript,WRONG_ANSWER,2547,1513700247,Dozalex13,CONTESTANT,PRETESTS,1,15,6041600
902,A,33424443,JavaScript,OK,2670,1513700370,Dozalex13,CONTESTANT,TESTS,55,31,6144000
902,B,33434280,JavaScript,RUNTIME_ERROR,6707,1513704407,Dozalex13,CONTESTANT,PRETESTS,0,46,17408000
902,B,33434881,JavaScript,RUNTIME_ERROR,6961,1513704661,Dozalex13,CONTESTANT,PRETESTS,0,46,17305600
902,B,33435377,JavaScript,WRONG_ANSWER,7127,1513704827,Dozalex13,CONTESTANT,PRETESTS,0,0,5836800
902,A,33417548,C++14 (GCC 6-32),WRONG_ANSWER,1040,1513698740,Dragon_Heart,CONTESTANT,PRETESTS,2,15,2662400
902,A,33418701,C++14 (GCC 6-32),WRONG_ANSWER,1243,1513698943,Dragon_Heart,CONTESTANT,PRETESTS,0,0,2662400
902,A,33418935,C++14 (GCC 6-32),WRONG_ANSWER,1292,1513698992,Dragon_Heart,CONTESTANT,PRETESTS,2,15,2662400
902,A,33423508,C++14 (GCC 6-32),WRONG_ANSWER,2407,1513700107,Dragon_Heart,CONTESTANT,PRETESTS,2,15,2867200
902,A,33424513,C++14 (GCC 6-32),WRONG_ANSWER,2691,1513700391,Dragon_Heart,CONTESTANT,PRETESTS,2,0,2867200
902,A,33418797,GNU C++11,TIME_LIMIT_EXCEEDED,1250,1513698961,Dread_Pirate,CONTESTANT,PRETESTS,0,1000,2252800
902,A,33419009,GNU C++11,WRONG_ANSWER,1299,1513699010,Dread_Pirate,CONTESTANT,TESTS,47,15,2048000
902,A,33416545,GNU C++11,WRONG_ANSWER,865,1513698576,Dreamy_Idler,CONTESTANT,PRETESTS,3,15,2048000
902,A,33418668,GNU C++11,WRONG_ANSWER,1225,1513698935,Dreamy_Idler,CONTESTANT,PRETESTS,3,15,2048000
902,A,33420521,GNU C++11,WRONG_ANSWER,1621,1513699331,Dreamy_Idler,CONTESTANT,PRETESTS,3,0,2048000
902,A,33421759,GNU C++11,OK,1919,1513699629,Dreamy_Idler,CONTESTANT,TESTS,55,31,2048000
902,A,33415253,C++14 (GCC 6-32),WRONG_ANSWER,684,1513698384,Dsingh_24,CONTESTANT,PRETESTS,2,0,1945600
902,A,33415956,C++14 (GCC 6-32),WRONG_ANSWER,785,1513698485,Dsingh_24,CONTESTANT,PRETESTS,2,15,1843200
902,B,33420214,C++14 (GCC 6-32),OK,1561,1513699261,Dsingh_24,CONTESTANT,TESTS,50,15,2764800
902,C,33426042,C++14 (GCC 6-32),WRONG_ANSWER,3157,1513700867,Dsingh_24,CONTESTANT,PRETESTS,4,15,1945600
902,A,33427148,C++14 (GCC 6-32),WRONG_ANSWER,3552,1513701262,Dsingh_24,CONTESTANT,PRETESTS,4,15,1945600
902,A,33427583,C++14 (GCC 6-32),WRONG_ANSWER,3724,1513701424,Dsingh_24,CONTESTANT,PRETESTS,4,15,1945600
902,C,33429249,C++14 (GCC 6-32),WRONG_ANSWER,4366,1513702076,Dsingh_24,CONTESTANT,PRETESTS,1,0,1945600
902,C,33429462,C++14 (GCC 6-32),WRONG_ANSWER,4459,1513702169,Dsingh_24,CONTESTANT,PRETESTS,4,15,1945600
902,C,33432855,C++14 (GCC 6-32),WRONG_ANSWER,6041,1513703741,Dsingh_24,CONTESTANT,PRETESTS,4,15,1945600
902,C,33433470,C++14 (GCC 6-32),WRONG_ANSWER,6311,1513704021,Dsingh_24,CONTESTANT,TESTS,37,93,2662400
902,A,33433999,C++14 (GCC 6-32),WRONG_ANSWER,6576,1513704276,Dsingh_24,CONTESTANT,PRETESTS,4,15,1945600
902,A,33434454,C++14 (GCC 6-32),WRONG_ANSWER,6771,1513704482,Dsingh_24,CONTESTANT,PRETESTS,4,15,1843200
902,A,33434780,C++14 (GCC 6-32),WRONG_ANSWER,6912,1513704622,Dsingh_24,CONTESTANT,PRETESTS,3,15,1945600
902,A,33435110,C++14 (GCC 6-32),COMPILATION_ERROR,7026,1513704737,Dsingh_24,CONTESTANT,PRETESTS,0,0,0
902,A,33417857,GNU C++11,OK,1095,1513698795,DuktigZLL,CONTESTANT,TESTS,55,15,2048000
902,B,33426487,GNU C++11,OK,3318,1513701018,DuktigZLL,CONTESTANT,TESTS,50,15,2560000
902,C,33435659,GNU C++11,OK,7194,1513704894,DuktigZLL,CONTESTANT,TESTS,45,108,3686400
902,A,33417062,GNU C++,OK,955,1513698655,Dynatron_12,CONTESTANT,TESTS,55,31,2048000
902,B,33434665,GNU C++,COMPILATION_ERROR,6870,1513704570,Dynatron_12,CONTESTANT,PRETESTS,0,0,0
902,A,33418347,GNU C++,WRONG_ANSWER,1176,1513698876,E-faz,CONTESTANT,PRETESTS,5,15,2048000
902,A,33420747,GNU C++,WRONG_ANSWER,1684,1513699384,E-faz,CONTESTANT,PRETESTS,2,15,2048000
902,A,33423655,GNU C++,OK,2447,1513700147,E-faz,CONTESTANT,TESTS,55,15,2048000
902,A,33413063,GNU C++11,OK,322,1513698022,E.Vera.Tse,CONTESTANT,TESTS,55,15,2048000
902,B,33415988,GNU C++11,OK,791,1513698491,E.Vera.Tse,CONTESTANT,TESTS,50,46,2560000
902,C,33422803,GNU C++11,OK,2210,1513699910,E.Vera.Tse,CONTESTANT,TESTS,45,312,3276800
902,A,33413887,GNU C++11,COMPILATION_ERROR,458,1513698168,E1eventh,CONTESTANT,PRETESTS,0,0,0
902,A,33414110,GNU C++11,WRONG_ANSWER,495,1513698205,E1eventh,CONTESTANT,PRETESTS,2,15,2048000
902,A,33416230,GNU C++11,WRONG_ANSWER,814,1513698525,E1eventh,CONTESTANT,PRETESTS,4,15,2048000
902,A,33417766,GNU C++11,WRONG_ANSWER,1068,1513698778,E1eventh,CONTESTANT,PRETESTS,4,15,2048000
902,A,33422953,GNU C++11,CHALLENGED,2237,1513699948,E1eventh,CONTESTANT,CHALLENGES,8,15,2048000
902,A,33426700,C++14 (GCC 6-32),OK,3390,1513701100,EA5,CONTESTANT,TESTS,55,15,1945600
902,A,33413061,C++14 (GCC 6-32),WRONG_ANSWER,322,1513698022,ELDAN,CONTESTANT,PRETESTS,2,15,1843200
902,A,33413973,C++14 (GCC 6-32),WRONG_ANSWER,484,1513698184,ELDAN,CONTESTANT,PRETESTS,1,0,1945600
902,A,33414637,C++14 (GCC 6-32),WRONG_ANSWER,588,1513698288,ELDAN,CONTESTANT,PRETESTS,2,15,1945600
902,A,33422541,C++14 (GCC 6-32),WRONG_ANSWER,2137,1513699837,ELDAN,CONTESTANT,PRETESTS,2,0,1843200
902,A,33423547,C++14 (GCC 6-32),OK,2419,1513700119,ELDAN,CONTESTANT,TESTS,55,15,1945600
902,B,33425739,C++14 (GCC 6-32),OK,3069,1513700769,ELDAN,CONTESTANT,TESTS,50,15,2457600
902,C,33427408,C++14 (GCC 6-32),OK,3660,1513701360,ELDAN,CONTESTANT,TESTS,45,78,2355200
902,A,33414447,Python 2,WRONG_ANSWER,559,1513698259,EON_KID,CONTESTANT,PRETESTS,2,62,4608000
902,A,33420491,Python 2,WRONG_ANSWER,1622,1513699322,EON_KID,CONTESTANT,PRETESTS,0,31,4505600
902,A,33421004,Python 2,CHALLENGED,1746,1513699446,EON_KID,CONTESTANT,CHALLENGES,8,62,4608000
902,A,33429874,Python 2,WRONG_ANSWER,4641,1513702341,EON_KID,CONTESTANT,CHALLENGES,0,61,4505600
902,A,33430339,Python 2,OK,4837,1513702537,EON_KID,CONTESTANT,TESTS,55,62,4608000
902,A,33414525,GNU C++11,OK,571,1513698271,EasyCat,CONTESTANT,TESTS,55,30,2048000
902,B,33423840,GNU C++11,OK,2500,1513700200,EasyCat,CONTESTANT,TESTS,50,218,2764800
902,C,33430838,GNU C++11,WRONG_ANSWER,5049,1513702749,EasyCat,CONTESTANT,PRETESTS,0,15,5836800
902,C,33430928,GNU C++11,OK,5082,1513702782,EasyCat,CONTESTANT,TESTS,45,234,5632000
902,A,33413744,C++14 (GCC 6-32),OK,434,1513698145,EasyKatka,CONTESTANT,TESTS,55,15,2048000
902,B,33423667,C++14 (GCC 6-32),OK,2441,1513700151,EasyKatka,CONTESTANT,TESTS,50,31,5222400
902,A,33415182,C++14 (GCC 6-32),OK,662,1513698373,EbraM96,CONTESTANT,TESTS,55,15,1945600
902,B,33420275,C++14 (GCC 6-32),WRONG_ANSWER,1563,1513699273,EbraM96,CONTESTANT,PRETESTS,2,15,2048000
902,B,33429305,C++14 (GCC 6-32),WRONG_ANSWER,4388,1513702099,EbraM96,CONTESTANT,PRETESTS,9,15,2355200
902,B,33429434,C++14 (GCC 6-32),WRONG_ANSWER,4446,1513702157,EbraM96,CONTESTANT,PRETESTS,9,15,2560000
902,B,33434764,C++14 (GCC 6-32),OK,6906,1513704617,EbraM96,CONTESTANT,TESTS,50,31,2560000
902,A,33413556,GNU C++11,WRONG_ANSWER,414,1513698114,Eddagdeg,CONTESTANT,PRETESTS,0,0,2969600
902,A,33414753,GNU C++11,OK,605,1513698305,Eddagdeg,CONTESTANT,TESTS,55,30,3174400
902,B,33421573,GNU C++11,OK,1887,1513699587,Eddagdeg,CONTESTANT,TESTS,50,46,5324800
902,C,33433831,GNU C++11,OK,6485,1513704185,Eddagdeg,CONTESTANT,TESTS,45,265,4710400
902,A,33416455,GNU C++11,WRONG_ANSWER,848,1513698559,Edg3,CONTESTANT,PRETESTS,4,15,2048000
902,A,33417009,GNU C++11,WRONG_ANSWER,934,1513698645,Edg3,CONTESTANT,PRETESTS,4,15,2048000
902,A,33418366,GNU C++11,WRONG_ANSWER,1168,1513698879,Edg3,CONTESTANT,PRETESTS,4,15,2048000
902,A,33421772,GNU C++11,WRONG_ANSWER,1922,1513699633,Edg3,CONTESTANT,PRETESTS,4,15,2048000
902,A,33422525,GNU C++11,WRONG_ANSWER,2122,1513699833,Edg3,CONTESTANT,PRETESTS,4,15,2048000
902,A,33414039,C++14 (GCC 6-32),OK,495,1513698195,Edgration.,CONTESTANT,TESTS,55,15,2662400
902,B,33420231,C++14 (GCC 6-32),OK,1565,1513699265,Edgration.,CONTESTANT,TESTS,50,30,4300800
902,C,33426888,C++14 (GCC 6-32),OK,3466,1513701166,Edgration.,CONTESTANT,TESTS,45,109,7270400
902,A,33418470,C++14 (GCC 6-32),OK,1198,1513698898,Editorial,CONTESTANT,TESTS,55,15,2252800
902,B,33427770,C++14 (GCC 6-32),OK,3794,1513701494,Editorial,CONTESTANT,TESTS,50,46,2764800
902,C,33434341,C++14 (GCC 6-32),WRONG_ANSWER,6734,1513704434,Editorial,CONTESTANT,TESTS,37,124,4505600
902,A,33416333,GNU C++11,OK,831,1513698541,EdsonSousa,CONTESTANT,TESTS,55,30,2048000
902,B,33430786,GNU C++11,OK,5019,1513702730,EdsonSousa,CONTESTANT,TESTS,50,217,2457600
902,A,33413898,GNU C++11,OK,471,1513698171,Edwardnewgate,CONTESTANT,TESTS,55,15,1843200
902,B,33418216,GNU C++11,OK,1152,1513698852,Edwardnewgate,CONTESTANT,TESTS,50,30,2252800
902,C,33426200,GNU C++11,WRONG_ANSWER,3221,1513700921,Edwardnewgate,CONTESTANT,TESTS,16,249,2867200
902,D,33434656,GNU C++11,WRONG_ANSWER,6868,1513704568,Edwardnewgate,CONTESTANT,PRETESTS,2,15,1945600
902,D,33435079,GNU C++11,WRONG_ANSWER,7027,1513704727,Edwardnewgate,CONTESTANT,PRETESTS,2,0,1945600
902,A,33420327,GNU C++,WRONG_ANSWER,1582,1513699282,Ehsanul_Fahad,CONTESTANT,PRETESTS,3,15,2048000
902,A,33420931,GNU C++,CHALLENGED,1727,1513699427,Ehsanul_Fahad,CONTESTANT,CHALLENGES,8,15,2048000
902,B,33428652,GNU C++,OK,4141,1513701841,Ehsanul_Fahad,CONTESTANT,TESTS,50,15,2457600
902,C,33435518,GNU C++,OK,7167,1513704867,Ehsanul_Fahad,CONTESTANT,TESTS,45,108,2457600
902,A,33418329,GNU C,COMPILATION_ERROR,1173,1513698873,Eigenpants001,CONTESTANT,PRETESTS,0,0,0
902,A,33418620,GNU C++17 Diagnostics,WRONG_ANSWER,1226,1513698926,Eigenpants001,CONTESTANT,PRETESTS,2,795,98406400
902,A,33421476,GNU C++17 Diagnostics,WRONG_ANSWER,1863,1513699563,Eigenpants001,CONTESTANT,PRETESTS,2,764,100044800
902,A,33423825,GNU C++17 Diagnostics,OK,2497,1513700197,Eigenpants001,CONTESTANT,TESTS,55,811,100044800
902,B,33426725,GNU C++17 Diagnostics,RUNTIME_ERROR,3408,1513701108,Eigenpants001,CONTESTANT,PRETESTS,5,795,98406400
902,B,33426951,GNU C++17 Diagnostics,TIME_LIMIT_EXCEEDED,3488,1513701188,Eigenpants001,CONTESTANT,PRETESTS,5,1000,99123200
902,B,33427726,GNU C++17 Diagnostics,TIME_LIMIT_EXCEEDED,3779,1513701479,Eigenpants001,CONTESTANT,PRETESTS,5,1000,99123200
902,C,33433976,GNU C++17 Diagnostics,WRONG_ANSWER,6567,1513704267,Eigenpants001,CONTESTANT,PRETESTS,4,795,100761600
902,C,33435065,GNU C++17 Diagnostics,WRONG_ANSWER,7024,1513704724,Eigenpants001,CONTESTANT,PRETESTS,4,826,98918400
902,A,33417323,C++14 (GCC 6-32),WRONG_ANSWER,991,1513698701,Elafifi,CONTESTANT,PRETESTS,2,15,1843200
902,A,33418088,C++14 (GCC 6-32),WRONG_ANSWER,1119,1513698830,Elafifi,CONTESTANT,PRETESTS,2,15,1843200
902,A,33418713,C++14 (GCC 6-32),WRONG_ANSWER,1234,1513698945,Elafifi,CONTESTANT,PRETESTS,2,15,1843200
902,A,33420644,C++14 (GCC 6-32),WRONG_ANSWER,1648,1513699359,Elafifi,CONTESTANT,PRETESTS,2,15,1843200
902,A,33421856,C++14 (GCC 6-32),WRONG_ANSWER,1944,1513699655,Elafifi,CONTESTANT,PRETESTS,4,15,1945600
902,A,33423944,C++14 (GCC 6-32),CHALLENGED,2521,1513700232,Elafifi,CONTESTANT,CHALLENGES,8,15,1945600
902,B,33429954,C++14 (GCC 6-32),WRONG_ANSWER,4665,1513702376,Elafifi,CONTESTANT,PRETESTS,5,15,1945600
902,A,33414323,GNU C++11,WRONG_ANSWER,537,1513698237,ElasticPrimer,CONTESTANT,PRETESTS,2,15,2048000
902,A,33417226,GNU C++11,WRONG_ANSWER,987,1513698687,ElasticPrimer,CONTESTANT,PRETESTS,2,15,2048000
902,A,33424750,GNU C++11,WRONG_ANSWER,2758,1513700458,ElasticPrimer,CONTESTANT,PRETESTS,2,0,2048000
902,A,33432489,GNU C++11,WRONG_ANSWER,5859,1513703559,ElasticPrimer,CONTESTANT,PRETESTS,3,15,3584000
902,A,33413374,C++14 (GCC 6-32),WRONG_ANSWER,380,1513698080,Elibay,CONTESTANT,PRETESTS,3,15,5939200
902,A,33413959,C++14 (GCC 6-32),OK,481,1513698181,Elibay,CONTESTANT,TESTS,55,15,5939200
902,B,33416587,C++14 (GCC 6-32),OK,882,1513698582,Elibay,CONTESTANT,TESTS,50,31,22323200
902,C,33424452,C++14 (GCC 6-32),OK,2673,1513700373,Elibay,CONTESTANT,TESTS,45,140,34099200
902,A,33417838,GNU C++11,WRONG_ANSWER,1091,1513698791,Elquenoentrena,CONTESTANT,PRETESTS,4,15,2048000
902,A,33420783,GNU C++11,WRONG_ANSWER,1694,1513699394,Elquenoentrena,CONTESTANT,PRETESTS,4,15,2048000
902,B,33427901,GNU C++11,OK,3840,1513701540,Elquenoentrena,CONTESTANT,TESTS,50,15,2560000
902,A,33429073,GNU C++11,TIME_LIMIT_EXCEEDED,4307,1513702007,Elquenoentrena,CONTESTANT,PRETESTS,7,1000,2048000
902,A,33429480,GNU C++11,TIME_LIMIT_EXCEEDED,4478,1513702178,Elquenoentrena,CONTESTANT,PRETESTS,7,1000,2048000
902,C,33430372,GNU C++11,WRONG_ANSWER,4847,1513702547,Elquenoentrena,CONTESTANT,PRETESTS,0,0,2048000
902,A,33430421,GNU C++11,TIME_LIMIT_EXCEEDED,4868,1513702568,Elquenoentrena,CONTESTANT,PRETESTS,7,1000,2048000
902,A,33432172,GNU C++11,TIME_LIMIT_EXCEEDED,5698,1513703398,Elquenoentrena,CONTESTANT,PRETESTS,5,1000,2048000
902,A,33433844,GNU C++11,OK,6492,1513704192,Elquenoentrena,CONTESTANT,TESTS,55,15,2048000
902,A,33412948,C++14 (GCC 6-32),OK,298,1513697998,Em00n,CONTESTANT,TESTS,55,15,2048000
902,B,33416339,C++14 (GCC 6-32),OK,842,1513698542,Em00n,CONTESTANT,TESTS,50,46,3379200
902,C,33420224,C++14 (GCC 6-32),WRONG_ANSWER,1562,1513699262,Em00n,CONTESTANT,PRETESTS,1,31,1843200
902,C,33423057,C++14 (GCC 6-32),OK,2278,1513699978,Em00n,CONTESTANT,TESTS,45,155,22732800
902,D,33431559,C++14 (GCC 6-32),OK,5388,1513703088,Em00n,CONTESTANT,TESTS,150,15,1945600
902,A,33413954,C++14 (GCC 6-32),OK,480,1513698180,Emgariko,CONTESTANT,TESTS,55,15,1945600
902,B,33419478,C++14 (GCC 6-32),OK,1403,1513699103,Emgariko,CONTESTANT,TESTS,50,46,2560000
902,C,33427528,C++14 (GCC 6-32),RUNTIME_ERROR,3708,1513701408,Emgariko,CONTESTANT,PRETESTS,3,15,1945600
902,C,33428360,C++14 (GCC 6-32),OK,4014,1513701714,Emgariko,CONTESTANT,TESTS,45,93,7270400
902,A,33413573,Python 3,WRONG_ANSWER,416,1513698116,Emillio,CONTESTANT,PRETESTS,1,62,5529600
902,A,33415075,Python 3,OK,658,1513698358,Emillio,CONTESTANT,TESTS,55,62,5529600
902,B,33421656,Python 3,WRONG_ANSWER,1903,1513699603,Emillio,CONTESTANT,PRETESTS,0,30,5529600
902,B,33423268,Python 3,OK,2344,1513700044,Emillio,CONTESTANT,TESTS,50,78,6553600
902,C,33429707,Python 3,WRONG_ANSWER,4576,1513702276,Emillio,CONTESTANT,PRETESTS,0,31,5529600
902,C,33429922,Python 3,OK,4659,1513702359,Emillio,CONTESTANT,TESTS,45,655,16998400
902,A,33426606,Python 3,WRONG_ANSWER,3365,1513701065,Emilxy,CONTESTANT,PRETESTS,2,46,5529600
902,A,33430130,Python 3,WRONG_ANSWER,4755,1513702455,Emilxy,CONTESTANT,PRETESTS,2,46,5529600
902,A,33413586,C++14 (GCC 6-32),WRONG_ANSWER,419,1513698119,Emiway,CONTESTANT,PRETESTS,2,0,1843200
902,A,33422933,C++14 (GCC 6-32),WRONG_ANSWER,2244,1513699944,Emiway,CONTESTANT,TESTS,11,15,1945600
902,B,33426890,C++14 (GCC 6-32),OK,3466,1513701166,Emiway,CONTESTANT,TESTS,50,31,2355200
902,C,33430732,C++14 (GCC 6-32),WRONG_ANSWER,5006,1513702706,Emiway,CONTESTANT,PRETESTS,1,0,2252800
902,C,33431427,C++14 (GCC 6-32),WRONG_ANSWER,5321,1513703021,Emiway,CONTESTANT,PRETESTS,3,15,2252800
902,C,33432215,C++14 (GCC 6-32),WRONG_ANSWER,5718,1513703418,Emiway,CONTESTANT,PRETESTS,3,15,2252800
902,C,33432334,C++14 (GCC 6-32),WRONG_ANSWER,5782,1513703482,Emiway,CONTESTANT,PRETESTS,3,15,2252800
902,C,33434063,C++14 (GCC 6-32),WRONG_ANSWER,6609,1513704309,Emiway,CONTESTANT,PRETESTS,1,0,2252800
902,C,33434513,C++14 (GCC 6-32),WRONG_ANSWER,6810,1513704510,Emiway,CONTESTANT,PRETESTS,1,15,2252800
902,C,33434625,C++14 (GCC 6-32),WRONG_ANSWER,6855,1513704555,Emiway,CONTESTANT,PRETESTS,4,15,2252800
902,A,33417200,C++14 (GCC 6-32),WRONG_ANSWER,982,1513698682,EmrulC,CONTESTANT,PRETESTS,2,15,49971200
902,A,33417643,C++14 (GCC 6-32),WRONG_ANSWER,1058,1513698758,EmrulC,CONTESTANT,PRETESTS,2,0,49971200
902,A,33419384,C++14 (GCC 6-32),SKIPPED,1380,1513699080,EmrulC,CONTESTANT,PRETESTS,8,15,50176000
902,A,33433005,C++14 (GCC 6-32),OK,6112,1513703812,EmrulC,CONTESTANT,TESTS,55,15,50176000
902,A,33415888,GNU C++11,WRONG_ANSWER,775,1513698475,Emsawy,CONTESTANT,PRETESTS,5,15,2048000
902,A,33418236,GNU C++11,WRONG_ANSWER,1157,1513698857,Emsawy,CONTESTANT,PRETESTS,5,15,2048000
902,B,33424496,GNU C++11,OK,2687,1513700387,Emsawy,CONTESTANT,TESTS,50,31,2867200
902,A,33426012,GNU C++11,WRONG_ANSWER,3155,1513700855,Emsawy,CONTESTANT,PRETESTS,5,15,2048000
902,C,33429842,GNU C++11,OK,4629,1513702329,Emsawy,CONTESTANT,TESTS,45,249,2457600
902,A,33432891,GNU C++11,WRONG_ANSWER,6062,1513703762,Emsawy,CONTESTANT,PRETESTS,2,0,2048000
902,A,33435074,GNU C++11,WRONG_ANSWER,7026,1513704726,Emsawy,CONTESTANT,PRETESTS,2,15,2048000
902,A,33435618,GNU C++11,WRONG_ANSWER,7187,1513704887,Emsawy,CONTESTANT,PRETESTS,5,15,2048000
902,A,33414104,C++14 (GCC 6-32),OK,504,1513698204,Enigma27,CONTESTANT,TESTS,55,15,2662400
902,B,33417380,C++14 (GCC 6-32),OK,1012,1513698712,Enigma27,CONTESTANT,TESTS,50,30,3379200
902,C,33431973,C++14 (GCC 6-32),OK,5603,1513703303,Enigma27,CONTESTANT,TESTS,45,78,2662400
902,A,33415188,C++14 (GCC 6-32),WRONG_ANSWER,674,1513698374,Ernazar,CONTESTANT,PRETESTS,2,0,3481600
902,A,33420127,C++14 (GCC 6-32),WRONG_ANSWER,1541,1513699241,Ernazar,CONTESTANT,PRETESTS,2,15,4300800
902,A,33421542,C++14 (GCC 6-32),WRONG_ANSWER,1879,1513699579,Ernazar,CONTESTANT,PRETESTS,2,15,4300800
902,A,33413770,GNU C++11,WRONG_ANSWER,450,1513698150,Error_404,CONTESTANT,PRETESTS,3,15,2048000
902,A,33415939,GNU C++11,OK,783,1513698483,Error_404,CONTESTANT,TESTS,55,15,2048000
902,B,33423912,GNU C++11,OK,2522,1513700222,Error_404,CONTESTANT,TESTS,50,249,2560000
902,C,33430913,GNU C++11,WRONG_ANSWER,5076,1513702776,Error_404,CONTESTANT,PRETESTS,0,15,3686400
902,C,33431108,GNU C++11,WRONG_ANSWER,5168,1513702868,Error_404,CONTESTANT,PRETESTS,1,15,3686400
902,C,33433328,GNU C++11,WRONG_ANSWER,6260,1513703960,Error_404,CONTESTANT,PRETESTS,1,0,4096000
902,A,33423972,MS C#,RUNTIME_ERROR,2538,1513700238,Eslam_ElSayed,CONTESTANT,PRETESTS,3,46,11673600
902,A,33425277,MS C#,RUNTIME_ERROR,2917,1513700617,Eslam_ElSayed,CONTESTANT,PRETESTS,3,46,11776000
902,A,33427484,MS C#,WRONG_ANSWER,3687,1513701388,Eslam_ElSayed,CONTESTANT,PRETESTS,2,46,11571200
902,A,33413209,C++14 (GCC 6-32),WRONG_ANSWER,351,1513698051,Esselem,CONTESTANT,PRETESTS,4,0,1843200
902,A,33414185,C++14 (GCC 6-32),WRONG_ANSWER,516,1513698216,Esselem,CONTESTANT,PRETESTS,4,15,1843200
902,A,33415291,C++14 (GCC 6-32),WRONG_ANSWER,690,1513698390,Esselem,CONTESTANT,PRETESTS,0,0,1843200
902,A,33415948,C++14 (GCC 6-32),OK,784,1513698484,Esselem,CONTESTANT,TESTS,55,15,1843200
902,B,33420469,C++14 (GCC 6-32),OK,1618,1513699318,Esselem,CONTESTANT,TESTS,50,202,2560000
902,C,33424107,C++14 (GCC 6-32),OK,2571,1513700271,Esselem,CONTESTANT,TESTS,45,109,2252800
902,D,33427752,C++14 (GCC 6-32),WRONG_ANSWER,3788,1513701488,Esselem,CONTESTANT,PRETESTS,3,15,2252800
902,D,33428239,C++14 (GCC 6-32),WRONG_ANSWER,3970,1513701670,Esselem,CONTESTANT,PRETESTS,4,15,2252800
902,D,33431663,C++14 (GCC 6-32),WRONG_ANSWER,5440,1513703140,Esselem,CONTESTANT,PRETESTS,1,0,2252800
902,D,33431727,C++14 (GCC 6-32),WRONG_ANSWER,5476,1513703176,Esselem,CONTESTANT,PRETESTS,6,15,2252800
902,D,33432293,C++14 (GCC 6-32),WRONG_ANSWER,5761,1513703461,Esselem,CONTESTANT,PRETESTS,4,15,2252800
902,D,33432560,C++14 (GCC 6-32),WRONG_ANSWER,5901,1513703601,Esselem,CONTESTANT,PRETESTS,2,15,2252800
902,D,33433472,C++14 (GCC 6-32),WRONG_ANSWER,6322,1513704022,Esselem,CONTESTANT,PRETESTS,4,15,1843200
902,A,33414970,C++14 (GCC 6-32),OK,641,1513698341,Eugle_na,CONTESTANT,TESTS,55,15,1945600
902,B,33418417,C++14 (GCC 6-32),OK,1188,1513698888,Eugle_na,CONTESTANT,TESTS,50,31,2560000
902,C,33423130,C++14 (GCC 6-32),OK,2303,1513700003,Eugle_na,CONTESTANT,TESTS,45,155,8396800
902,A,33416966,GNU C++,WRONG_ANSWER,939,1513698639,Evening_Twilight,CONTESTANT,PRETESTS,2,15,2048000
902,A,33418579,GNU C++,WRONG_ANSWER,1219,1513698919,Evening_Twilight,CONTESTANT,PRETESTS,1,15,2048000
902,A,33420739,GNU C++,WRONG_ANSWER,1681,1513699381,Evening_Twilight,CONTESTANT,PRETESTS,0,15,2048000
902,A,33421190,GNU C++,CHALLENGED,1791,1513699491,Evening_Twilight,CONTESTANT,CHALLENGES,8,15,2048000
902,B,33426966,GNU C++,WRONG_ANSWER,3493,1513701193,Evening_Twilight,CONTESTANT,PRETESTS,5,31,2252800
902,B,33427587,GNU C++,WRONG_ANSWER,3724,1513701424,Evening_Twilight,CONTESTANT,PRETESTS,5,31,2252800
902,B,33431136,GNU C++,OK,5179,1513702879,Evening_Twilight,CONTESTANT,TESTS,50,93,2252800
902,A,33431633,GNU C++,OK,5429,1513703129,Evening_Twilight,CONTESTANT,TESTS,55,15,2048000
902,A,33415343,C++14 (GCC 6-32),OK,687,1513698397,Everglow,CONTESTANT,TESTS,55,15,1945600
902,B,33432886,C++14 (GCC 6-32),OK,6049,1513703760,Everglow,CONTESTANT,TESTS,50,15,13926400
902,A,33413776,C++14 (GCC 6-32),WRONG_ANSWER,451,1513698151,Evgeny_Proff,CONTESTANT,PRETESTS,2,15,2048000
902,A,33417812,C++14 (GCC 6-32),WRONG_ANSWER,1086,1513698786,Evgeny_Proff,CONTESTANT,PRETESTS,2,15,2048000
902,A,33419653,C++14 (GCC 6-32),WRONG_ANSWER,1439,1513699139,Evgeny_Proff,CONTESTANT,PRETESTS,2,15,2048000
902,A,33421628,C++14 (GCC 6-32),WRONG_ANSWER,1899,1513699599,Evgeny_Proff,CONTESTANT,PRETESTS,4,15,2048000
902,A,33424621,C++14 (GCC 6-32),WRONG_ANSWER,2722,1513700422,Evgeny_Proff,CONTESTANT,PRETESTS,4,15,2048000
902,A,33432292,C++14 (GCC 6-32),WRONG_ANSWER,5761,1513703461,Evgeny_Proff,CONTESTANT,PRETESTS,4,15,2048000
902,A,33433266,C++14 (GCC 6-32),WRONG_ANSWER,6235,1513703935,Evgeny_Proff,CONTESTANT,PRETESTS,0,0,2048000
902,A,33433809,C++14 (GCC 6-32),WRONG_ANSWER,6472,1513704172,Evgeny_Proff,CONTESTANT,PRETESTS,4,15,2048000
902,A,33417795,Java 8,OK,1073,1513698783,EvilEmil,CONTESTANT,TESTS,55,170,21094400
902,B,33428936,Java 8,OK,4242,1513701953,EvilEmil,CONTESTANT,TESTS,50,217,21094400
902,C,33434860,Java 8,WRONG_ANSWER,6944,1513704655,EvilEmil,CONTESTANT,PRETESTS,1,124,20992000
902,C,33435539,Java 8,WRONG_ANSWER,7160,1513704871,EvilEmil,CONTESTANT,PRETESTS,3,124,20992000
902,A,33416057,GNU C++11,TIME_LIMIT_EXCEEDED,789,1513698499,Evlampiy,CONTESTANT,PRETESTS,7,1000,2048000
902,A,33417222,GNU C++11,OK,975,1513698686,Evlampiy,CONTESTANT,TESTS,55,15,2048000
902,B,33429448,GNU C++11,MEMORY_LIMIT_EXCEEDED,4452,1513702163,Evlampiy,CONTESTANT,PRETESTS,0,15,268390400
902,B,33430082,GNU C++11,RUNTIME_ERROR,4725,1513702435,Evlampiy,CONTESTANT,PRETESTS,1,0,2048000
902,B,33430480,C++14 (GCC 6-32),RUNTIME_ERROR,4882,1513702593,Evlampiy,CONTESTANT,PRETESTS,0,0,1843200
902,B,33430989,C++14 (GCC 6-32),RUNTIME_ERROR,5104,1513702814,Evlampiy,CONTESTANT,PRETESTS,0,15,1843200
902,B,33431897,GNU C++11,MEMORY_LIMIT_EXCEEDED,5559,1513703269,Evlampiy,CONTESTANT,PRETESTS,5,249,268390400
902,B,33432475,GNU C++11,OK,5841,1513703551,Evlampiy,CONTESTANT,TESTS,50,93,2355200
902,B,33416706,GNU C++17 Diagnostics,TIME_LIMIT_EXCEEDED,889,1513698600,Evocation,CONTESTANT,PRETESTS,5,1000,101990400
902,B,33416750,GNU C++11,OK,907,1513698607,Evocation,CONTESTANT,TESTS,50,31,2457600
902,A,33419412,GNU C++11,OK,1389,1513699089,Evocation,CONTESTANT,TESTS,55,15,2048000
902,C,33427399,GNU C++11,WRONG_ANSWER,3657,1513701357,Evocation,CONTESTANT,PRETESTS,1,15,6041600
902,C,33427745,GNU C++11,WRONG_ANSWER,3785,1513701485,Evocation,CONTESTANT,TESTS,21,249,8089600
902,A,33414300,GNU C++11,OK,523,1513698234,Evro,CONTESTANT,TESTS,55,15,2048000
902,B,33422367,GNU C++11,OK,2076,1513699787,Evro,CONTESTANT,TESTS,50,218,2457600
902,C,33428646,GNU C++11,WRONG_ANSWER,4129,1513701839,Evro,CONTESTANT,PRETESTS,1,0,3276800
902,C,33428964,GNU C++11,WRONG_ANSWER,4253,1513701964,Evro,CONTESTANT,PRETESTS,4,15,3276800
902,C,33430058,GNU C++11,OK,4713,1513702424,Evro,CONTESTANT,TESTS,45,124,8089600
902,C,33418845,C++14 (GCC 6-32),OK,1270,1513698970,Exeggutor,CONTESTANT,TESTS,45,139,2662400
902,A,33422827,C++14 (GCC 6-32),OK,2217,1513699917,Exeggutor,CONTESTANT,TESTS,55,15,1945600
902,B,33432878,C++14 (GCC 6-32),OK,6056,1513703756,Exeggutor,CONTESTANT,TESTS,50,31,2457600
902,A,33433661,FPC,OK,6409,1513704109,Exetrize,CONTESTANT,TESTS,55,31,1638400
902,A,33413825,C++14 (GCC 6-32),WRONG_ANSWER,459,1513698159,Exort,CONTESTANT,PRETESTS,2,15,2662400
902,A,33415262,C++14 (GCC 6-32),OK,686,1513698386,Exort,CONTESTANT,TESTS,55,15,2662400
902,B,33419931,C++14 (GCC 6-32),OK,1496,1513699196,Exort,CONTESTANT,TESTS,50,31,3993600
902,C,33433427,C++14 (GCC 6-32),OK,6307,1513704007,Exort,CONTESTANT,TESTS,45,155,3481600
902,A,33413422,C++14 (GCC 6-32),OK,390,1513698090,Extraordinary01,CONTESTANT,TESTS,55,15,1945600
902,B,33418096,C++14 (GCC 6-32),OK,1131,1513698831,Extraordinary01,CONTESTANT,TESTS,50,280,2560000
902,C,33423494,C++14 (GCC 6-32),WRONG_ANSWER,2404,1513700104,Extraordinary01,CONTESTANT,PRETESTS,1,15,2252800
902,C,33424396,C++14 (GCC 6-32),WRONG_ANSWER,2653,1513700353,Extraordinary01,CONTESTANT,PRETESTS,1,15,2252800
902,C,33424702,C++14 (GCC 6-32),WRONG_ANSWER,2744,1513700444,Extraordinary01,CONTESTANT,PRETESTS,1,15,2252800
902,C,33425090,C++14 (GCC 6-32),WRONG_ANSWER,2859,1513700559,Extraordinary01,CONTESTANT,PRETESTS,1,0,2252800
902,C,33425208,C++14 (GCC 6-32),WRONG_ANSWER,2896,1513700596,Extraordinary01,CONTESTANT,PRETESTS,1,0,2252800
902,C,33425466,C++14 (GCC 6-32),WRONG_ANSWER,2981,1513700681,Extraordinary01,CONTESTANT,PRETESTS,3,15,2252800
902,A,33422097,MS C++,WRONG_ANSWER,2012,1513699712,F-Y-Z-B,CONTESTANT,PRETESTS,2,15,2048000
902,A,33427592,MS C++,WRONG_ANSWER,3729,1513701429,F-Y-Z-B,CONTESTANT,PRETESTS,2,15,2048000
902,A,33430369,MS C++,WRONG_ANSWER,4846,1513702546,F-Y-Z-B,CONTESTANT,PRETESTS,2,15,2048000
902,A,33431919,MS C++,WRONG_ANSWER,5577,1513703277,F-Y-Z-B,CONTESTANT,PRETESTS,2,15,2048000
902,A,33416007,C++14 (GCC 6-32),OK,792,1513698492,F.A.H.I.M,CONTESTANT,TESTS,55,15,1945600
902,B,33424890,C++14 (GCC 6-32),OK,2796,1513700496,F.A.H.I.M,CONTESTANT,TESTS,50,15,2969600
902,C,33430473,C++14 (GCC 6-32),OK,4891,1513702591,F.A.H.I.M,CONTESTANT,TESTS,45,108,10444800
902,D,33434192,C++14 (GCC 6-32),WRONG_ANSWER,6669,1513704369,F.A.H.I.M,CONTESTANT,PRETESTS,2,15,1843200
902,D,33434247,C++14 (GCC 6-32),WRONG_ANSWER,6690,1513704390,F.A.H.I.M,CONTESTANT,PRETESTS,2,0,1843200
902,A,33418975,C++14 (GCC 6-32),WRONG_ANSWER,1291,1513699002,FACEYOURSELF,CONTESTANT,PRETESTS,4,15,2662400
902,A,33421290,C++14 (GCC 6-32),WRONG_ANSWER,1805,1513699515,FACEYOURSELF,CONTESTANT,PRETESTS,0,15,2662400
902,A,33422069,C++14 (GCC 6-32),OK,1996,1513699706,FACEYOURSELF,CONTESTANT,TESTS,55,15,2662400
902,A,33413732,C++14 (GCC 6-32),WRONG_ANSWER,443,1513698143,FIawIess,CONTESTANT,PRETESTS,3,0,1945600
902,A,33414481,C++14 (GCC 6-32),WRONG_ANSWER,563,1513698263,FIawIess,CONTESTANT,PRETESTS,4,15,1945600
902,A,33417696,C++14 (GCC 6-32),WRONG_ANSWER,1065,1513698765,FIawIess,CONTESTANT,PRETESTS,4,0,1945600
902,A,33418066,C++14 (GCC 6-32),OK,1126,1513698826,FIawIess,CONTESTANT,TESTS,55,15,1945600
902,B,33421607,C++14 (GCC 6-32),OK,1892,1513699592,FIawIess,CONTESTANT,TESTS,50,265,2457600
902,C,33428677,C++14 (GCC 6-32),WRONG_ANSWER,4151,1513701851,FIawIess,CONTESTANT,PRETESTS,3,0,1843200
902,C,33429619,C++14 (GCC 6-32),WRONG_ANSWER,4541,1513702241,FIawIess,CONTESTANT,PRETESTS,3,15,1945600
902,C,33430886,C++14 (GCC 6-32),WRONG_ANSWER,5067,1513702767,FIawIess,CONTESTANT,PRETESTS,3,15,1843200
902,C,33432474,C++14 (GCC 6-32),WRONG_ANSWER,5850,1513703550,FIawIess,CONTESTANT,PRETESTS,1,0,1843200
902,C,33433439,C++14 (GCC 6-32),OK,6311,1513704011,FIawIess,CONTESTANT,TESTS,45,155,2252800
902,A,33423509,C++14 (GCC 6-32),WRONG_ANSWER,2408,1513700108,FLEA,CONTESTANT,PRETESTS,3,15,1945600
902,A,33424265,C++14 (GCC 6-32),WRONG_ANSWER,2614,1513700314,FLEA,CONTESTANT,PRETESTS,3,30,1945600
902,A,33424588,C++14 (GCC 6-32),WRONG_ANSWER,2711,1513700411,FLEA,CONTESTANT,PRETESTS,3,15,1945600
902,A,33425007,C++14 (GCC 6-32),WRONG_ANSWER,2832,1513700532,FLEA,CONTESTANT,PRETESTS,3,15,1945600
902,A,33425968,C++14 (GCC 6-32),WRONG_ANSWER,3141,1513700841,FLEA,CONTESTANT,PRETESTS,3,15,1945600
902,A,33428851,C++14 (GCC 6-32),WRONG_ANSWER,4221,1513701921,FLEA,CONTESTANT,PRETESTS,3,15,1945600
902,A,33430226,C++14 (GCC 6-32),OK,4791,1513702491,FLEA,CONTESTANT,TESTS,55,15,1945600
902,A,33413992,GNU C++11,OK,487,1513698187,FLYSKY,CONTESTANT,TESTS,55,15,2048000
902,B,33418562,GNU C++11,OK,1216,1513698916,FLYSKY,CONTESTANT,TESTS,50,31,3993600
902,C,33426156,GNU C++11,WRONG_ANSWER,3207,1513700907,FLYSKY,CONTESTANT,PRETESTS,1,15,2867200
902,C,33426334,GNU C++11,OK,3264,1513700964,FLYSKY,CONTESTANT,TESTS,45,109,4403200
902,A,33416604,Python 3,WRONG_ANSWER,883,1513698583,FONARMEISTER,CONTESTANT,PRETESTS,2,46,5529600
902,A,33418623,Python 3,WRONG_ANSWER,1226,1513698926,FONARMEISTER,CONTESTANT,PRETESTS,2,46,5529600
902,A,33420552,Python 3,WRONG_ANSWER,1638,1513699338,FONARMEISTER,CONTESTANT,PRETESTS,4,61,5529600
902,A,33422943,Python 3,WRONG_ANSWER,2246,1513699946,FONARMEISTER,CONTESTANT,PRETESTS,4,62,5529600
902,A,33425391,Python 3,WRONG_ANSWER,2957,1513700657,FONARMEISTER,CONTESTANT,PRETESTS,2,46,5529600
902,A,33425474,Python 3,OK,2983,1513700683,FONARMEISTER,CONTESTANT,TESTS,55,62,5529600
902,B,33428942,Python 3,OK,4254,1513701954,FONARMEISTER,CONTESTANT,TESTS,50,77,6553600
902,A,33425658,GNU C++11,OK,3029,1513700739,FR4NKESTI3N,CONTESTANT,TESTS,55,15,2048000
902,B,33429468,GNU C++11,OK,4461,1513702171,FR4NKESTI3N,CONTESTANT,TESTS,50,46,2150400
902,C,33434961,GNU C++11,WRONG_ANSWER,6979,1513704690,FR4NKESTI3N,CONTESTANT,TESTS,9,15,2048000
902,A,33414417,GNU C++11,OK,554,1513698254,FThiesen,CONTESTANT,TESTS,55,15,2048000
902,B,33420322,GNU C++11,OK,1581,1513699281,FThiesen,CONTESTANT,TESTS,50,31,2560000
902,C,33425910,GNU C++11,WRONG_ANSWER,3123,1513700823,FThiesen,CONTESTANT,PRETESTS,3,15,2048000
902,C,33431440,GNU C++11,WRONG_ANSWER,5326,1513703026,FThiesen,CONTESTANT,PRETESTS,6,15,2048000
902,C,33434047,GNU C++11,OK,6604,1513704304,FThiesen,CONTESTANT,TESTS,45,249,3891200
902,D,33435119,GNU C++11,WRONG_ANSWER,7039,1513704739,FThiesen,CONTESTANT,PRETESTS,2,15,2048000
902,D,33435548,GNU C++11,WRONG_ANSWER,7174,1513704874,FThiesen,CONTESTANT,PRETESTS,1,0,2048000
902,D,33435664,GNU C++11,WRONG_ANSWER,7195,1513704895,FThiesen,CONTESTANT,PRETESTS,1,15,2048000
902,A,33416811,GNU C++,WRONG_ANSWER,916,1513698616,FZ-c,CONTESTANT,PRETESTS,2,0,1843200
902,A,33419093,GNU C++,OK,1330,1513699030,FZ-c,CONTESTANT,TESTS,55,15,1843200
902,A,33418677,MS C++,WRONG_ANSWER,1237,1513698937,Faisal1429,CONTESTANT,PRETESTS,4,15,2048000
902,A,33419762,GNU C++,WRONG_ANSWER,1458,1513699158,Faizahmed28,CONTESTANT,PRETESTS,3,15,2048000
902,A,33423182,GNU C++,WRONG_ANSWER,2317,1513700017,Faizahmed28,CONTESTANT,PRETESTS,3,0,2048000
902,A,33431281,GNU C++,WRONG_ANSWER,5253,1513702953,Faizahmed28,CONTESTANT,PRETESTS,0,0,2048000
902,A,33431456,GNU C++,COMPILATION_ERROR,5338,1513703038,Faizahmed28,CONTESTANT,PRETESTS,0,0,0
902,A,33432267,GNU C++,CHALLENGED,5746,1513703446,Faizahmed28,CONTESTANT,CHALLENGES,8,15,2048000
902,A,33418332,C++14 (GCC 6-32),WRONG_ANSWER,1163,1513698873,Faji,CONTESTANT,PRETESTS,4,15,1945600
902,A,33422480,C++14 (GCC 6-32),WRONG_ANSWER,2111,1513699821,Faji,CONTESTANT,PRETESTS,4,15,1843200
902,A,33423858,C++14 (GCC 6-32),WRONG_ANSWER,2494,1513700204,Faji,CONTESTANT,PRETESTS,2,0,1843200
902,A,33424129,C++14 (GCC 6-32),WRONG_ANSWER,2568,1513700279,Faji,CONTESTANT,PRETESTS,2,15,1843200
902,A,33423234,C++14 (GCC 6-32),WRONG_ANSWER,2335,1513700035,FakeGuy,CONTESTANT,PRETESTS,4,15,1843200
902,A,33425054,C++14 (GCC 6-32),WRONG_ANSWER,2848,1513700548,FakeGuy,CONTESTANT,PRETESTS,4,15,1945600
902,A,33426220,C++14 (GCC 6-32),WRONG_ANSWER,3229,1513700929,FakeGuy,CONTESTANT,TESTS,41,15,1945600
902,A,33418870,C++14 (GCC 6-32),OK,1279,1513698979,Fake_Candidate_Master,CONTESTANT,TESTS,55,15,1945600
902,B,33424931,C++14 (GCC 6-32),OK,2808,1513700508,Fake_Candidate_Master,CONTESTANT,TESTS,50,46,4300800
902,C,33435683,C++14 (GCC 6-32),WRONG_ANSWER,7198,1513704898,Fake_Candidate_Master,CONTESTANT,PRETESTS,3,15,2662400
902,A,33422721,MS C#,WRONG_ANSWER,2187,1513699887,FalcoNuR,CONTESTANT,PRETESTS,2,31,9216000
902,A,33416042,GNU C++,TIME_LIMIT_EXCEEDED,798,1513698498,Fantarone,CONTESTANT,PRETESTS,7,1000,2048000
902,A,33416696,GNU C++,OK,897,1513698597,Fantarone,CONTESTANT,TESTS,55,31,2048000
902,B,33420878,GNU C++,COMPILATION_ERROR,1715,1513699415,Fantarone,CONTESTANT,PRETESTS,0,0,0
902,B,33422236,GNU C++11,WRONG_ANSWER,2046,1513699746,Fantarone,CONTESTANT,PRETESTS,2,15,2252800
902,B,33423446,GNU C++11,OK,2390,1513700090,Fantarone,CONTESTANT,TESTS,50,249,2662400
902,C,33429087,GNU C++11,OK,4314,1513702014,Fantarone,CONTESTANT,TESTS,45,343,3072000
902,A,33414815,GNU C++11,WRONG_ANSWER,615,1513698315,Farhan_meb,CONTESTANT,PRETESTS,0,0,2048000
902,A,33416541,GNU C++11,WRONG_ANSWER,874,1513698574,Farhan_meb,CONTESTANT,PRETESTS,0,0,2048000
902,A,33419511,GNU C++11,WRONG_ANSWER,1410,1513699110,Farhan_meb,CONTESTANT,PRETESTS,2,15,2048000
902,A,33420548,GNU C++11,WRONG_ANSWER,1637,1513699337,Farhan_meb,CONTESTANT,PRETESTS,2,15,2048000
902,A,33423968,GNU C++11,CHALLENGED,2537,1513700237,Farhan_meb,CONTESTANT,CHALLENGES,8,15,2048000
902,A,33417432,C++14 (GCC 6-32),WRONG_ANSWER,1008,1513698719,FarrelWhiskey,CONTESTANT,PRETESTS,2,15,1843200
902,A,33419364,C++14 (GCC 6-32),WRONG_ANSWER,1376,1513699076,FarrelWhiskey,CONTESTANT,PRETESTS,3,0,1843200
902,A,33420800,C++14 (GCC 6-32),WRONG_ANSWER,1688,1513699398,FarrelWhiskey,CONTESTANT,PRETESTS,3,15,1843200
902,A,33422627,C++14 (GCC 6-32),WRONG_ANSWER,2151,1513699862,FarrelWhiskey,CONTESTANT,TESTS,47,15,1843200
902,B,33426327,C++14 (GCC 6-32),MEMORY_LIMIT_EXCEEDED,3251,1513700962,FarrelWhiskey,CONTESTANT,PRETESTS,0,0,268390400
902,B,33426891,C++14 (GCC 6-32),OK,3457,1513701167,FarrelWhiskey,CONTESTANT,TESTS,50,249,2150400
902,A,33414876,GNU C++,WRONG_ANSWER,627,1513698327,FartFromYourHeart,CONTESTANT,PRETESTS,2,0,2048000
902,A,33416034,GNU C++,WRONG_ANSWER,797,1513698497,FartFromYourHeart,CONTESTANT,PRETESTS,2,15,2048000
902,A,33419207,GNU C++,WRONG_ANSWER,1351,1513699051,FartFromYourHeart,CONTESTANT,PRETESTS,2,15,2048000
902,A,33420434,GNU C++,WRONG_ANSWER,1610,1513699310,FartFromYourHeart,CONTESTANT,PRETESTS,2,15,2048000
902,A,33422509,GNU C++,WRONG_ANSWER,2128,1513699828,FartFromYourHeart,CONTESTANT,PRETESTS,2,15,2048000
902,A,33412747,Python 3,OK,216,1513697927,Fasalytch,CONTESTANT,TESTS,55,77,5529600
902,B,33419493,Python 3,OK,1396,1513699106,Fasalytch,CONTESTANT,TESTS,50,93,7680000
902,C,33425831,Python 3,WRONG_ANSWER,3088,1513700798,Fasalytch,CONTESTANT,PRETESTS,1,46,5529600
902,C,33426031,Python 3,OK,3152,1513700863,Fasalytch,CONTESTANT,TESTS,45,1497,6963200
902,A,33414118,C++14 (GCC 6-32),WRONG_ANSWER,506,1513698206,FastestFinger,CONTESTANT,PRETESTS,5,15,1945600
902,A,33414466,C++14 (GCC 6-32),WRONG_ANSWER,560,1513698260,FastestFinger,CONTESTANT,PRETESTS,5,15,1945600
902,A,33415024,C++14 (GCC 6-32),WRONG_ANSWER,651,1513698351,FastestFinger,CONTESTANT,PRETESTS,0,15,1843200
902,A,33415359,C++14 (GCC 6-32),OK,700,1513698400,FastestFinger,CONTESTANT,TESTS,55,31,1945600
902,B,33419975,C++14 (GCC 6-32),OK,1507,1513699207,FastestFinger,CONTESTANT,TESTS,50,31,2867200
902,C,33424647,C++14 (GCC 6-32),WRONG_ANSWER,2729,1513700429,FastestFinger,CONTESTANT,PRETESTS,1,0,1843200
902,C,33425601,C++14 (GCC 6-32),WRONG_ANSWER,3024,1513700724,FastestFinger,CONTESTANT,PRETESTS,4,15,1945600
902,C,33427778,C++14 (GCC 6-32),OK,3796,1513701496,FastestFinger,CONTESTANT,TESTS,45,124,5836800
902,A,33416092,C++14 (GCC 6-32),OK,805,1513698505,Fayaz,CONTESTANT,TESTS,55,15,1945600
902,B,33422605,C++14 (GCC 6-32),OK,2156,1513699856,Fayaz,CONTESTANT,TESTS,50,15,2457600
902,C,33430357,C++14 (GCC 6-32),OK,4843,1513702543,Fayaz,CONTESTANT,TESTS,45,93,2662400
902,D,33433425,C++14 (GCC 6-32),WRONG_ANSWER,6306,1513704007,Fayaz,CONTESTANT,PRETESTS,0,15,1843200
902,A,33423628,GNU C,COMPILATION_ERROR,2429,1513700140,Fazelinia,CONTESTANT,PRETESTS,0,0,0
902,A,33423748,C++14 (GCC 6-32),OK,2465,1513700175,Fazelinia,CONTESTANT,TESTS,55,15,1945600
902,A,33416719,C++14 (GCC 6-32),OK,903,1513698603,Fazla_mbstu,CONTESTANT,TESTS,55,15,1945600
902,A,33413017,C++14 (GCC 6-32),WRONG_ANSWER,312,1513698012,Fazle,CONTESTANT,PRETESTS,2,0,1843200
902,A,33414745,C++14 (GCC 6-32),WRONG_ANSWER,603,1513698303,Fazle,CONTESTANT,PRETESTS,4,15,1945600
902,A,33416515,C++14 (GCC 6-32),OK,870,1513698570,Fazle,CONTESTANT,TESTS,55,30,1945600
902,B,33421227,C++14 (GCC 6-32),OK,1799,1513699499,Fazle,CONTESTANT,TESTS,50,31,2457600
902,C,33427551,C++14 (GCC 6-32),OK,3713,1513701413,Fazle,CONTESTANT,TESTS,45,93,5427200
902,A,33413124,C++14 (GCC 6-32),WRONG_ANSWER,336,1513698036,Fcouds,CONTESTANT,PRETESTS,1,15,9932800
902,A,33413827,C++14 (GCC 6-32),WRONG_ANSWER,459,1513698159,Fcouds,CONTESTANT,PRETESTS,3,15,9932800
902,A,33416157,C++14 (GCC 6-32),WRONG_ANSWER,816,1513698516,Fcouds,CONTESTANT,PRETESTS,4,15,9932800
902,A,33417499,C++14 (GCC 6-32),OK,1032,1513698732,Fcouds,CONTESTANT,TESTS,55,15,1945600
902,B,33425473,C++14 (GCC 6-32),OK,2983,1513700683,Fcouds,CONTESTANT,TESTS,50,46,51814400
902,C,33430453,C++14 (GCC 6-32),WRONG_ANSWER,4884,1513702584,Fcouds,CONTESTANT,PRETESTS,1,0,3072000
902,C,33430646,C++14 (GCC 6-32),WRONG_ANSWER,4971,1513702671,Fcouds,CONTESTANT,PRETESTS,1,15,3072000
902,C,33431126,C++14 (GCC 6-32),WRONG_ANSWER,5174,1513702874,Fcouds,CONTESTANT,PRETESTS,3,15,3072000
902,C,33431571,C++14 (GCC 6-32),WRONG_ANSWER,5394,1513703094,Fcouds,CONTESTANT,PRETESTS,3,15,3072000
902,C,33431825,C++14 (GCC 6-32),WRONG_ANSWER,5530,1513703230,Fcouds,CONTESTANT,PRETESTS,3,15,13926400
902,C,33432383,C++14 (GCC 6-32),WRONG_ANSWER,5803,1513703503,Fcouds,CONTESTANT,PRETESTS,1,0,13926400
902,C,33433047,C++14 (GCC 6-32),WRONG_ANSWER,6133,1513703833,Fcouds,CONTESTANT,PRETESTS,3,15,13926400
902,C,33433249,C++14 (GCC 6-32),WRONG_ANSWER,6227,1513703927,Fcouds,CONTESTANT,PRETESTS,0,0,13926400
902,C,33433629,GNU C++11,WRONG_ANSWER,6395,1513704095,Fcouds,CONTESTANT,PRETESTS,0,0,14028800
902,C,33434706,GNU C++11,WRONG_ANSWER,6888,1513704588,Fcouds,CONTESTANT,PRETESTS,3,15,14131200
902,C,33435232,GNU C++11,WRONG_ANSWER,7082,1513704782,Fcouds,CONTESTANT,PRETESTS,0,0,14131200
902,C,33435637,GNU C++11,COMPILATION_ERROR,7190,1513704890,Fcouds,CONTESTANT,PRETESTS,0,0,0
902,A,33413821,C++14 (GCC 6-32),WRONG_ANSWER,458,1513698158,FedericoS,CONTESTANT,PRETESTS,4,15,2048000
902,A,33414338,C++14 (GCC 6-32),OK,540,1513698240,FedericoS,CONTESTANT,TESTS,55,15,2048000
902,B,33418481,C++14 (GCC 6-32),OK,1200,1513698900,FedericoS,CONTESTANT,TESTS,50,15,2560000
902,C,33423613,C++14 (GCC 6-32),OK,2434,1513700134,FedericoS,CONTESTANT,TESTS,45,78,2252800
902,A,33416073,GNU C++,WRONG_ANSWER,792,1513698502,FedorM,CONTESTANT,PRETESTS,1,0,2048000
902,A,33419750,GNU C++,OK,1445,1513699156,FedorM,CONTESTANT,TESTS,55,15,2048000
902,A,33414331,GNU C++,WRONG_ANSWER,538,1513698238,Fedya001,CONTESTANT,PRETESTS,2,15,2048000
902,A,33416849,GNU C++,WRONG_ANSWER,922,1513698622,Fedya001,CONTESTANT,PRETESTS,3,0,2048000
902,B,33421965,GNU C++,OK,1984,1513699684,Fedya001,CONTESTANT,TESTS,50,15,2560000
902,A,33422292,GNU C++,WRONG_ANSWER,2062,1513699762,Fedya001,CONTESTANT,PRETESTS,3,0,2048000
902,A,33423419,GNU C++,OK,2383,1513700083,Fedya001,CONTESTANT,TESTS,55,15,1843200
902,C,33433630,GNU C++,WRONG_ANSWER,6396,1513704096,Fedya001,CONTESTANT,PRETESTS,4,15,2150400
902,C,33425730,C++14 (GCC 6-32),WRONG_ANSWER,3066,1513700766,FenWick,CONTESTANT,PRETESTS,4,15,3072000
902,C,33425908,C++14 (GCC 6-32),WRONG_ANSWER,3122,1513700822,FenWick,CONTESTANT,PRETESTS,3,15,3072000
902,C,33426155,C++14 (GCC 6-32),RUNTIME_ERROR,3206,1513700906,FenWick,CONTESTANT,PRETESTS,1,15,3072000
902,C,33426415,C++14 (GCC 6-32),WRONG_ANSWER,3293,1513700993,FenWick,CONTESTANT,TESTS,13,93,3072000
902,A,33427469,C++14 (GCC 6-32),WRONG_ANSWER,3683,1513701383,FenWick,CONTESTANT,PRETESTS,1,0,3072000
902,A,33427861,C++14 (GCC 6-32),OK,3823,1513701523,FenWick,CONTESTANT,TESTS,55,15,3072000
902,B,33429014,C++14 (GCC 6-32),MEMORY_LIMIT_EXCEEDED,4284,1513701984,FenWick,CONTESTANT,PRETESTS,0,124,268390400
902,B,33429378,C++14 (GCC 6-32),OK,4430,1513702130,FenWick,CONTESTANT,TESTS,50,46,4198400
902,A,33421134,GNU C++,COMPILATION_ERROR,1778,1513699478,Fenrisrye,CONTESTANT,PRETESTS,0,0,0
902,A,33421692,GNU C++,WRONG_ANSWER,1913,1513699613,Fenrisrye,CONTESTANT,TESTS,47,31,2048000
902,A,33416393,GNU C++11,OK,849,1513698549,Fiction,CONTESTANT,TESTS,55,15,2048000
902,B,33427664,GNU C++11,OK,3752,1513701452,Fiction,CONTESTANT,TESTS,50,30,2560000
902,A,33413228,C++14 (GCC 6-32),OK,345,1513698055,FightHawk,CONTESTANT,TESTS,55,30,1945600
902,B,33417029,C++14 (GCC 6-32),OK,938,1513698649,FightHawk,CONTESTANT,TESTS,50,31,2355200
902,C,33422934,C++14 (GCC 6-32),WRONG_ANSWER,2233,1513699944,FightHawk,CONTESTANT,PRETESTS,1,0,4300800
902,C,33426476,C++14 (GCC 6-32),OK,3303,1513701013,FightHawk,CONTESTANT,TESTS,45,93,4300800
902,D,33430287,C++14 (GCC 6-32),WRONG_ANSWER,4802,1513702513,FightHawk,CONTESTANT,PRETESTS,0,0,1843200
902,D,33434075,C++14 (GCC 6-32),WRONG_ANSWER,6603,1513704314,FightHawk,CONTESTANT,PRETESTS,3,15,1843200
902,D,33434549,C++14 (GCC 6-32),WRONG_ANSWER,6811,1513704522,FightHawk,CONTESTANT,PRETESTS,0,0,1843200
902,A,33414179,C++14 (GCC 6-32),OK,516,1513698216,Fighter.human,CONTESTANT,TESTS,55,31,1945600
902,B,33419223,C++14 (GCC 6-32),WRONG_ANSWER,1355,1513699055,Fighter.human,CONTESTANT,PRETESTS,9,31,2662400
902,B,33420822,C++14 (GCC 6-32),WRONG_ANSWER,1691,1513699402,Fighter.human,CONTESTANT,PRETESTS,9,15,2662400
902,B,33425127,C++14 (GCC 6-32),OK,2858,1513700569,Fighter.human,CONTESTANT,TESTS,50,280,5222400
902,C,33432672,C++14 (GCC 6-32),OK,5940,1513703650,Fighter.human,CONTESTANT,TESTS,45,186,5836800
902,B,33414479,C++14 (GCC 6-32),OK,563,1513698263,Filip,CONTESTANT,TESTS,50,31,2457600
902,C,33421495,C++14 (GCC 6-32),WRONG_ANSWER,1868,1513699568,Filip,CONTESTANT,PRETESTS,1,15,4300800
902,C,33421632,C++14 (GCC 6-32),OK,1899,1513699599,Filip,CONTESTANT,TESTS,45,93,4300800
902,A,33423904,C++14 (GCC 6-32),OK,2520,1513700220,Filip,CONTESTANT,TESTS,55,15,1945600
902,A,33412666,GNU C++11,OK,174,1513697874,Firastic,CONTESTANT,TESTS,55,15,2048000
902,B,33414752,GNU C++11,OK,604,1513698304,Firastic,CONTESTANT,TESTS,50,15,2560000
902,C,33421335,GNU C++11,WRONG_ANSWER,1827,1513699527,Firastic,CONTESTANT,TESTS,13,62,3276800
902,D,33435514,GNU C++11,WRONG_ANSWER,7166,1513704866,Firastic,CONTESTANT,PRETESTS,4,15,2048000
902,A,33429490,GNU C++,WRONG_ANSWER,4481,1513702181,FirstPosition,CONTESTANT,PRETESTS,0,15,2048000
902,A,33429829,GNU C++11,WRONG_ANSWER,4626,1513702326,FirstPosition,CONTESTANT,PRETESTS,0,0,2048000
902,A,33430498,GNU C++11,WRONG_ANSWER,4901,1513702601,FirstPosition,CONTESTANT,PRETESTS,0,15,2048000
902,A,33430689,GNU C++11,WRONG_ANSWER,4990,1513702690,FirstPosition,CONTESTANT,PRETESTS,0,15,2048000
902,A,33413161,GNU C++,OK,341,1513698041,FixaPlt,CONTESTANT,TESTS,55,31,2252800
902,B,33418151,GNU C++,OK,1141,1513698841,FixaPlt,CONTESTANT,TESTS,50,46,2252800
902,C,33422543,GNU C++,WRONG_ANSWER,2138,1513699838,FixaPlt,CONTESTANT,PRETESTS,1,15,2252800
902,C,33423074,GNU C++,WRONG_ANSWER,2281,1513699981,FixaPlt,CONTESTANT,PRETESTS,3,15,2252800
902,C,33427410,GNU C++,WRONG_ANSWER,3660,1513701360,FixaPlt,CONTESTANT,PRETESTS,4,15,2252800
902,C,33429408,GNU C++,WRONG_ANSWER,4441,1513702141,FixaPlt,CONTESTANT,TESTS,13,30,2252800
902,D,33435590,GNU C++,WRONG_ANSWER,7181,1513704881,FixaPlt,CONTESTANT,PRETESTS,1,15,2252800
902,A,33412939,C++14 (GCC 6-32),OK,295,1513697995,FizzD,CONTESTANT,TESTS,55,62,114176000
902,B,33417347,C++14 (GCC 6-32),OK,1006,1513698706,FizzD,CONTESTANT,TESTS,50,31,2764800
902,C,33423273,C++14 (GCC 6-32),WRONG_ANSWER,2346,1513700046,FizzD,CONTESTANT,PRETESTS,3,0,2969600
902,C,33424369,C++14 (GCC 6-32),OK,2644,1513700344,FizzD,CONTESTANT,TESTS,45,92,4915200
902,D,33427301,C++14 (GCC 6-32),WRONG_ANSWER,3628,1513701328,FizzD,CONTESTANT,PRETESTS,0,0,2969600
902,D,33427503,C++14 (GCC 6-32),WRONG_ANSWER,3696,1513701396,FizzD,CONTESTANT,PRETESTS,1,0,2969600
902,D,33427594,C++14 (GCC 6-32),WRONG_ANSWER,3729,1513701429,FizzD,CONTESTANT,PRETESTS,1,15,2969600
902,A,33430278,C++14 (GCC 6-32),CHALLENGED,4799,1513702510,Flametaa,CONTESTANT,CHALLENGES,8,15,1945600
902,B,33432703,C++14 (GCC 6-32),OK,5954,1513703664,Flametaa,CONTESTANT,TESTS,50,234,2662400
902,A,33433364,C++14 (GCC 6-32),OK,6267,1513703977,Flametaa,CONTESTANT,TESTS,55,15,1945600
902,A,33413290,C++14 (GCC 6-32),OK,366,1513698066,Flavius,CONTESTANT,TESTS,55,15,2048000
902,B,33417508,C++14 (GCC 6-32),WRONG_ANSWER,1033,1513698733,Flavius,CONTESTANT,PRETESTS,2,15,1945600
902,B,33418084,C++14 (GCC 6-32),OK,1129,1513698829,Flavius,CONTESTANT,TESTS,50,31,1945600
902,C,33422436,C++14 (GCC 6-32),WRONG_ANSWER,2109,1513699809,Flavius,CONTESTANT,PRETESTS,3,15,5120000
902,C,33423835,C++14 (GCC 6-32),WRONG_ANSWER,2500,1513700200,Flavius,CONTESTANT,TESTS,37,155,7065600
902,B,33417688,C++14 (GCC 6-32),OK,1065,1513698765,Fleshik3,CONTESTANT,TESTS,50,31,18329600
902,C,33428637,C++14 (GCC 6-32),WRONG_ANSWER,4135,1513701835,Fleshik3,CONTESTANT,PRETESTS,1,15,9932800
902,C,33429030,C++14 (GCC 6-32),WRONG_ANSWER,4291,1513701991,Fleshik3,CONTESTANT,PRETESTS,1,0,9932800
902,C,33429799,C++14 (GCC 6-32),WRONG_ANSWER,4616,1513702316,Fleshik3,CONTESTANT,PRETESTS,1,0,17920000
902,C,33429928,C++14 (GCC 6-32),WRONG_ANSWER,4663,1513702363,Fleshik3,CONTESTANT,PRETESTS,1,15,17920000
902,C,33429969,C++14 (GCC 6-32),OK,4684,1513702384,Fleshik3,CONTESTANT,TESTS,45,78,17920000
902,A,33433018,C++14 (GCC 6-32),OK,6118,1513703818,Fleshik3,CONTESTANT,TESTS,55,15,1945600
902,A,33416450,GNU C++,OK,848,1513698558,Florence_xiran,CONTESTANT,TESTS,55,31,1843200
902,B,33425072,GNU C++,OK,2842,1513700553,Florence_xiran,CONTESTANT,TESTS,50,30,1945600
902,C,33434338,GNU C++,WRONG_ANSWER,6720,1513704431,Florence_xiran,CONTESTANT,PRETESTS,3,0,2252800
902,A,33414294,GNU C++11,WRONG_ANSWER,522,1513698233,Flying_Dragon_02,CONTESTANT,PRETESTS,4,15,2252800
902,A,33415095,GNU C++11,WRONG_ANSWER,650,1513698361,Flying_Dragon_02,CONTESTANT,PRETESTS,4,15,2252800
902,A,33417524,GNU C++11,WRONG_ANSWER,1025,1513698736,Flying_Dragon_02,CONTESTANT,PRETESTS,2,0,2252800
902,A,33418207,GNU C++11,WRONG_ANSWER,1140,1513698851,Flying_Dragon_02,CONTESTANT,PRETESTS,4,31,2252800
902,A,33420727,GNU C++11,WRONG_ANSWER,1668,1513699379,Flying_Dragon_02,CONTESTANT,PRETESTS,4,15,2252800
902,A,33423850,GNU C++11,OK,2491,1513700202,Flying_Dragon_02,CONTESTANT,TESTS,55,15,2252800
902,B,33431419,GNU C++11,OK,5308,1513703019,Flying_Dragon_02,CONTESTANT,TESTS,50,46,2662400
902,A,33414433,C++14 (GCC 6-32),OK,547,1513698257,Fomalhaut,CONTESTANT,TESTS,55,30,1945600
902,C,33415439,C++14 (GCC 6-32),WRONG_ANSWER,711,1513698411,Fomalhaut,CONTESTANT,PRETESTS,1,15,2662400
902,C,33416568,C++14 (GCC 6-32),WRONG_ANSWER,879,1513698579,Fomalhaut,CONTESTANT,PRETESTS,1,15,2662400
902,C,33416931,C++14 (GCC 6-32),OK,934,1513698634,Fomalhaut,CONTESTANT,TESTS,45,93,2662400
902,B,33417725,C++14 (GCC 6-32),OK,1061,1513698771,Fomalhaut,CONTESTANT,TESTS,50,15,3584000
902,D,33424192,C++14 (GCC 6-32),WRONG_ANSWER,2584,1513700294,Fomalhaut,CONTESTANT,PRETESTS,2,15,1843200
902,D,33425472,C++14 (GCC 6-32),WRONG_ANSWER,2971,1513700682,Fomalhaut,CONTESTANT,PRETESTS,2,0,1945600
902,D,33432804,C++14 (GCC 6-32),WRONG_ANSWER,6004,1513703714,Fomalhaut,CONTESTANT,PRETESTS,0,0,2252800
902,D,33433027,C++14 (GCC 6-32),WRONG_ANSWER,6111,1513703821,Fomalhaut,CONTESTANT,PRETESTS,0,0,2252800
902,D,33433819,C++14 (GCC 6-32),WRONG_ANSWER,6467,1513704178,Fomalhaut,CONTESTANT,PRETESTS,2,15,2252800
902,D,33434610,C++14 (GCC 6-32),OK,6838,1513704548,Fomalhaut,CONTESTANT,TESTS,150,15,2252800
902,A,33414252,GNU C++11,WRONG_ANSWER,527,1513698227,FoodSheep,CONTESTANT,PRETESTS,2,0,2048000
902,A,33415009,GNU C++11,WRONG_ANSWER,648,1513698348,FoodSheep,CONTESTANT,PRETESTS,4,15,2048000
902,A,33416462,GNU C++11,WRONG_ANSWER,861,1513698561,FoodSheep,CONTESTANT,PRETESTS,3,15,2048000
902,A,33416856,GNU C++11,OK,923,1513698623,FoodSheep,CONTESTANT,TESTS,55,15,2048000
902,B,33419711,GNU C++11,OK,1450,1513699150,FoodSheep,CONTESTANT,TESTS,50,31,2457600
902,C,33424560,GNU C++11,WRONG_ANSWER,2704,1513700404,FoodSheep,CONTESTANT,PRETESTS,4,15,3686400
902,C,33425481,GNU C++11,OK,2985,1513700685,FoodSheep,CONTESTANT,TESTS,45,249,3686400
902,D,33434165,GNU C++11,OK,6653,1513704353,FoodSheep,CONTESTANT,TESTS,150,15,2048000
902,A,33413403,GNU C++,OK,385,1513698085,Food_Chain_Rule,CONTESTANT,TESTS,55,15,2048000
902,B,33416769,GNU C++,OK,911,1513698611,Food_Chain_Rule,CONTESTANT,TESTS,50,46,5324800
902,C,33425052,GNU C++,OK,2846,1513700546,Food_Chain_Rule,CONTESTANT,TESTS,45,327,2867200
902,A,33416378,C++14 (GCC 6-32),OK,836,1513698547,Fortitude,CONTESTANT,TESTS,55,15,1945600
902,B,33424251,C++14 (GCC 6-32),RUNTIME_ERROR,2598,1513700309,Fortitude,CONTESTANT,PRETESTS,5,15,2355200
902,B,33424412,C++14 (GCC 6-32),OK,2649,1513700359,Fortitude,CONTESTANT,TESTS,50,31,2764800
902,C,33430994,C++14 (GCC 6-32),WRONG_ANSWER,5105,1513702816,Fortitude,CONTESTANT,PRETESTS,1,15,2662400
902,C,33431355,C++14 (GCC 6-32),SKIPPED,5278,1513702989,Fortitude,CONTESTANT,PRETESTS,13,30,2662400
902,C,33433683,C++14 (GCC 6-32),OK,6406,1513704117,Fortitude,CONTESTANT,TESTS,45,93,2662400
902,A,33420159,C++14 (GCC 6-32),WRONG_ANSWER,1547,1513699247,FoundMYSELF,CONTESTANT,PRETESTS,5,15,1843200
902,A,33428383,C++14 (GCC 6-32),WRONG_ANSWER,4023,1513701723,FoundMYSELF,CONTESTANT,PRETESTS,5,15,1843200
902,A,33429413,C++14 (GCC 6-32),OK,4447,1513702147,FoundMYSELF,CONTESTANT,TESTS,55,15,1945600
902,A,33415923,GNU C++11,OK,770,1513698481,French_Kiss,CONTESTANT,TESTS,55,31,2048000
902,A,33418625,C++14 (GCC 6-32),WRONG_ANSWER,1216,1513698927,FrozenBeast028,CONTESTANT,PRETESTS,0,0,1843200
902,A,33420757,C++14 (GCC 6-32),WRONG_ANSWER,1677,1513699387,FrozenBeast028,CONTESTANT,PRETESTS,2,0,1945600
902,A,33422471,C++14 (GCC 6-32),WRONG_ANSWER,2108,1513699819,FrozenBeast028,CONTESTANT,PRETESTS,2,15,1945600
902,A,33425581,C++14 (GCC 6-32),WRONG_ANSWER,3008,1513700718,FrozenBeast028,CONTESTANT,PRETESTS,2,15,1843200
902,B,33429949,C++14 (GCC 6-32),OK,4663,1513702374,FrozenBeast028,CONTESTANT,TESTS,50,30,3891200
902,A,33430416,C++14 (GCC 6-32),WRONG_ANSWER,4856,1513702566,FrozenBeast028,CONTESTANT,PRETESTS,2,15,1843200
902,A,33431530,C++14 (GCC 6-32),COMPILATION_ERROR,5366,1513703077,FrozenBeast028,CONTESTANT,PRETESTS,0,0,0
902,A,33431616,C++14 (GCC 6-32),WRONG_ANSWER,5405,1513703116,FrozenBeast028,CONTESTANT,PRETESTS,2,15,1843200
902,A,33433497,C++14 (GCC 6-32),WRONG_ANSWER,6322,1513704032,FrozenBeast028,CONTESTANT,PRETESTS,2,15,1843200
902,A,33433581,C++14 (GCC 6-32),WRONG_ANSWER,6362,1513704073,FrozenBeast028,CONTESTANT,PRETESTS,2,15,1945600
902,A,33434498,C++14 (GCC 6-32),WRONG_ANSWER,6794,1513704505,FrozenBeast028,CONTESTANT,PRETESTS,0,15,1945600
902,A,33413307,C++14 (GCC 6-32),OK,368,1513698068,FrozenBlood,CONTESTANT,TESTS,55,15,1945600
902,B,33417092,C++14 (GCC 6-32),OK,961,1513698661,FrozenBlood,CONTESTANT,TESTS,50,31,3891200
902,C,33426261,C++14 (GCC 6-32),OK,3242,1513700942,FrozenBlood,CONTESTANT,TESTS,45,108,7270400
902,A,33417015,GNU C++11,OK,946,1513698646,Frozensmile,CONTESTANT,TESTS,55,15,2048000
902,B,33421418,GNU C++11,OK,1846,1513699546,Frozensmile,CONTESTANT,TESTS,50,30,2560000
902,C,33428269,GNU C++11,WRONG_ANSWER,3981,1513701681,Frozensmile,CONTESTANT,PRETESTS,3,15,2867200
902,C,33429521,GNU C++11,RUNTIME_ERROR,4496,1513702196,Frozensmile,CONTESTANT,TESTS,13,46,2867200
902,A,33418365,GNU C++11,COMPILATION_ERROR,1168,1513698879,Full_mental,CONTESTANT,PRETESTS,0,0,0
902,A,33418715,GNU C++11,WRONG_ANSWER,1235,1513698945,Full_mental,CONTESTANT,PRETESTS,2,15,3686400
902,A,33418946,GNU C++11,WRONG_ANSWER,1284,1513698995,Full_mental,CONTESTANT,PRETESTS,2,15,3686400
902,A,33420614,GNU C++11,WRONG_ANSWER,1641,1513699351,Full_mental,CONTESTANT,PRETESTS,0,15,3686400
902,A,33420874,GNU C++11,WRONG_ANSWER,1703,1513699414,Full_mental,CONTESTANT,PRETESTS,2,15,3686400
902,A,33421909,GNU C++11,WRONG_ANSWER,1959,1513699669,Full_mental,CONTESTANT,PRETESTS,0,0,3686400
902,A,33422492,GNU C++11,WRONG_ANSWER,2114,1513699824,Full_mental,CONTESTANT,PRETESTS,0,0,3686400
902,A,33422626,GNU C++11,WRONG_ANSWER,2150,1513699861,Full_mental,CONTESTANT,TESTS,41,15,3686400
902,A,33417430,C++14 (GCC 6-32),OK,1019,1513698719,FunLock,CONTESTANT,TESTS,55,15,1945600
902,A,33415286,Python 3,WRONG_ANSWER,690,1513698390,FuryPotat0,CONTESTANT,PRETESTS,4,46,5529600
902,A,33421230,Python 3,WRONG_ANSWER,1799,1513699499,FuryPotat0,CONTESTANT,PRETESTS,4,46,5529600
902,A,33425157,Python 3,OK,2878,1513700578,FuryPotat0,CONTESTANT,TESTS,55,62,5529600
902,B,33432499,Python 3,WRONG_ANSWER,5864,1513703564,FuryPotat0,CONTESTANT,PRETESTS,9,77,6758400
902,A,33413264,C++14 (GCC 6-32),WRONG_ANSWER,351,1513698062,Futymy,CONTESTANT,PRETESTS,2,0,3481600
902,A,33416113,C++14 (GCC 6-32),OK,797,1513698508,Futymy,CONTESTANT,TESTS,55,15,8089600
902,B,33419143,C++14 (GCC 6-32),OK,1328,1513699039,Futymy,CONTESTANT,TESTS,50,15,5836800
902,C,33424240,C++14 (GCC 6-32),WRONG_ANSWER,2597,1513700307,Futymy,CONTESTANT,PRETESTS,1,15,5529600
902,C,33427376,C++14 (GCC 6-32),WRONG_ANSWER,3638,1513701349,Futymy,CONTESTANT,PRETESTS,3,15,5529600
902,C,33430227,C++14 (GCC 6-32),WRONG_ANSWER,4781,1513702491,Futymy,CONTESTANT,PRETESTS,0,0,5529600
902,C,33430622,C++14 (GCC 6-32),WRONG_ANSWER,4948,1513702659,Futymy,CONTESTANT,PRETESTS,4,15,5529600
902,C,33432565,C++14 (GCC 6-32),WRONG_ANSWER,5891,1513703602,Futymy,CONTESTANT,PRETESTS,4,15,5836800
902,A,33413591,C++14 (GCC 6-32),WRONG_ANSWER,409,1513698120,GEMAmedeiros,CONTESTANT,PRETESTS,3,15,1843200
902,A,33416332,C++14 (GCC 6-32),WRONG_ANSWER,830,1513698541,GEMAmedeiros,CONTESTANT,PRETESTS,3,15,1945600
902,B,33429544,C++14 (GCC 6-32),OK,4496,1513702207,GEMAmedeiros,CONTESTANT,TESTS,50,202,2764800
902,A,33415982,C++14 (GCC 6-32),OK,790,1513698490,GODOF_Shinobi,CONTESTANT,TESTS,55,15,2662400
902,B,33424964,C++14 (GCC 6-32),OK,2818,1513700518,GODOF_Shinobi,CONTESTANT,TESTS,50,296,2560000
902,C,33430167,C++14 (GCC 6-32),WRONG_ANSWER,4770,1513702470,GODOF_Shinobi,CONTESTANT,PRETESTS,1,15,2662400
902,C,33431184,C++14 (GCC 6-32),WRONG_ANSWER,5208,1513702908,GODOF_Shinobi,CONTESTANT,PRETESTS,3,15,2662400
902,C,33432018,C++14 (GCC 6-32),WRONG_ANSWER,5624,1513703324,GODOF_Shinobi,CONTESTANT,PRETESTS,3,15,2662400
902,C,33433136,C++14 (GCC 6-32),OK,6175,1513703875,GODOF_Shinobi,CONTESTANT,TESTS,45,93,5632000
902,A,33414939,Python 3,WRONG_ANSWER,635,1513698335,GPR,CONTESTANT,PRETESTS,2,62,5529600
902,A,33418195,Python 3,WRONG_ANSWER,1149,1513698849,GPR,CONTESTANT,PRETESTS,2,46,5529600
902,A,33416235,C++14 (GCC 6-32),WRONG_ANSWER,816,1513698526,GTR.3910,CONTESTANT,PRETESTS,3,15,2662400
902,A,33417938,C++14 (GCC 6-32),WRONG_ANSWER,1096,1513698806,GTR.3910,CONTESTANT,PRETESTS,0,0,2764800
902,B,33422226,C++14 (GCC 6-32),OK,2031,1513699742,GTR.3910,CONTESTANT,TESTS,50,30,3891200
902,C,33427102,C++14 (GCC 6-32),OK,3533,1513701244,GTR.3910,CONTESTANT,TESTS,45,93,2662400
902,A,33427954,C++14 (GCC 6-32),OK,3847,1513701557,GTR.3910,CONTESTANT,TESTS,55,15,2764800
902,A,33413136,GNU C++11,OK,327,1513698038,GYC,CONTESTANT,TESTS,55,15,2150400
902,B,33416209,GNU C++11,OK,812,1513698522,GYC,CONTESTANT,TESTS,50,31,10444800
902,C,33421356,GNU C++11,WRONG_ANSWER,1822,1513699533,GYC,CONTESTANT,PRETESTS,1,0,4096000
902,C,33421963,GNU C++11,WRONG_ANSWER,1974,1513699684,GYC,CONTESTANT,PRETESTS,1,15,4096000
902,A,33412827,C++14 (GCC 6-32),WRONG_ANSWER,262,1513697962,GabiTulba,CONTESTANT,PRETESTS,3,15,3481600
902,A,33413645,C++14 (GCC 6-32),OK,428,1513698128,GabiTulba,CONTESTANT,TESTS,55,15,3481600
902,B,33417991,C++14 (GCC 6-32),OK,1116,1513698816,GabiTulba,CONTESTANT,TESTS,50,46,5529600
902,C,33422410,C++14 (GCC 6-32),OK,2102,1513699802,GabiTulba,CONTESTANT,TESTS,45,140,2662400
902,A,33413988,Python 3,COMPILATION_ERROR,476,1513698186,GabrielCamargo,CONTESTANT,PRETESTS,0,0,0
902,A,33414146,GNU C++11,OK,500,1513698211,GabrielCamargo,CONTESTANT,TESTS,55,15,2048000
902,B,33418501,GNU C++11,OK,1193,1513698904,GabrielCamargo,CONTESTANT,TESTS,50,202,2457600
902,C,33423061,GNU C++11,WRONG_ANSWER,2269,1513699979,GabrielCamargo,CONTESTANT,PRETESTS,1,15,3686400
902,C,33425041,GNU C++11,OK,2833,1513700543,GabrielCamargo,CONTESTANT,TESTS,45,109,3686400
902,A,33414292,GNU C++,OK,533,1513698233,Gades,CONTESTANT,TESTS,55,31,2048000
902,B,33424255,GNU C++,OK,2612,1513700312,Gades,CONTESTANT,TESTS,50,46,2457600
902,C,33431744,GNU C++,OK,5485,1513703185,Gades,CONTESTANT,TESTS,45,202,2457600
902,A,33413224,C++14 (GCC 6-32),WRONG_ANSWER,355,1513698055,Ganddalf,CONTESTANT,PRETESTS,4,0,1945600
902,A,33414334,C++14 (GCC 6-32),OK,539,1513698239,Ganddalf,CONTESTANT,TESTS,55,15,1945600
902,B,33426953,C++14 (GCC 6-32),OK,3489,1513701189,Ganddalf,CONTESTANT,TESTS,50,249,2662400
902,C,33433608,C++14 (GCC 6-32),OK,6386,1513704086,Ganddalf,CONTESTANT,TESTS,45,171,2355200
902,A,33417171,C++14 (GCC 6-32),WRONG_ANSWER,964,1513698674,Gavrilenko.AS,CONTESTANT,PRETESTS,3,15,1843200
902,A,33419304,C++14 (GCC 6-32),WRONG_ANSWER,1368,1513699068,Gavrilenko.AS,CONTESTANT,PRETESTS,0,15,1843200
902,A,33420473,C++14 (GCC 6-32),WRONG_ANSWER,1609,1513699319,Gavrilenko.AS,CONTESTANT,PRETESTS,2,0,1843200
902,A,33426868,C++14 (GCC 6-32),WRONG_ANSWER,3448,1513701159,Gavrilenko.AS,CONTESTANT,PRETESTS,1,0,1843200
902,A,33427271,C++14 (GCC 6-32),OK,3602,1513701313,Gavrilenko.AS,CONTESTANT,TESTS,55,15,1945600
902,B,33432363,C++14 (GCC 6-32),OK,5781,1513703491,Gavrilenko.AS,CONTESTANT,TESTS,50,15,2560000
902,C,33435596,C++14 (GCC 6-32),OK,7172,1513704883,Gavrilenko.AS,CONTESTANT,TESTS,45,109,6656000
902,A,33420743,MS C++,WRONG_ANSWER,1672,1513699383,Gavser2000,CONTESTANT,PRETESTS,2,15,2048000
902,A,33421468,MS C++,WRONG_ANSWER,1848,1513699559,Gavser2000,CONTESTANT,PRETESTS,2,15,2048000
902,A,33414722,GNU C++11,OK,600,1513698300,Gegowarrior,CONTESTANT,TESTS,55,15,2048000
902,B,33419151,GNU C++11,OK,1330,1513699040,Gegowarrior,CONTESTANT,TESTS,50,30,2560000
902,C,33424719,GNU C++11,WRONG_ANSWER,2748,1513700448,Gegowarrior,CONTESTANT,PRETESTS,1,15,2867200
902,C,33426338,GNU C++11,OK,3266,1513700966,Gegowarrior,CONTESTANT,TESTS,45,109,2867200
902,A,33413119,C++14 (GCC 6-32),OK,334,1513698034,Genawy,CONTESTANT,TESTS,55,15,1945600
902,B,33418660,C++14 (GCC 6-32),OK,1234,1513698934,Genawy,CONTESTANT,TESTS,50,30,2560000
902,C,33425314,C++14 (GCC 6-32),WRONG_ANSWER,2930,1513700630,Genawy,CONTESTANT,PRETESTS,4,15,1843200
902,C,33428703,C++14 (GCC 6-32),OK,4162,1513701862,Genawy,CONTESTANT,TESTS,45,78,2662400
902,A,33415801,C++14 (GCC 6-32),WRONG_ANSWER,754,1513698465,George.Samuel,CONTESTANT,PRETESTS,3,15,1945600
902,A,33417395,C++14 (GCC 6-32),CHALLENGED,1003,1513698714,George.Samuel,CONTESTANT,CHALLENGES,8,15,1843200
902,B,33426918,C++14 (GCC 6-32),OK,3465,1513701176,George.Samuel,CONTESTANT,TESTS,50,15,2560000
902,A,33428979,C++14 (GCC 6-32),WRONG_ANSWER,4260,1513701970,George.Samuel,CONTESTANT,PRETESTS,2,15,1843200
902,A,33430518,C++14 (GCC 6-32),WRONG_ANSWER,4898,1513702608,George.Samuel,CONTESTANT,TESTS,47,15,1945600
902,A,33418242,Java 8,WRONG_ANSWER,1157,1513698857,George_Michael,CONTESTANT,PRETESTS,2,140,20992000
902,A,33419411,Java 8,WRONG_ANSWER,1388,1513699088,George_Michael,CONTESTANT,PRETESTS,2,139,20992000
902,A,33419569,Java 8,WRONG_ANSWER,1426,1513699126,George_Michael,CONTESTANT,PRETESTS,2,139,20992000
902,A,33419841,Java 8,WRONG_ANSWER,1475,1513699175,George_Michael,CONTESTANT,PRETESTS,2,139,20992000
902,A,33420470,Java 8,WRONG_ANSWER,1618,1513699318,George_Michael,CONTESTANT,PRETESTS,4,140,20992000
902,A,33421899,Java 8,WRONG_ANSWER,1966,1513699666,George_Michael,CONTESTANT,PRETESTS,4,140,20992000
902,A,33423792,Java 8,WRONG_ANSWER,2490,1513700190,George_Michael,CONTESTANT,PRETESTS,5,139,20992000
902,A,33412701,Java 8,OK,205,1513697905,Geothermal,CONTESTANT,TESTS,55,124,20684800
902,B,33419496,Java 8,OK,1407,1513699107,Geothermal,CONTESTANT,TESTS,50,155,20889600
902,C,33422459,Java 8,WRONG_ANSWER,2114,1513699814,Geothermal,CONTESTANT,PRETESTS,3,109,20684800
902,C,33422979,Java 8,OK,2253,1513699953,Geothermal,CONTESTANT,TESTS,45,1216,20889600
902,A,33416620,Python 3,RUNTIME_ERROR,885,1513698585,Gerbuz,CONTESTANT,PRETESTS,2,61,5632000
902,A,33416930,Python 3,OK,934,1513698634,Gerbuz,CONTESTANT,TESTS,55,62,5632000
902,B,33424729,Python 3,RUNTIME_ERROR,2750,1513700450,Gerbuz,CONTESTANT,TESTS,17,93,7475200
902,C,33430093,Python 3,OK,4743,1513702443,Gerbuz,CONTESTANT,TESTS,45,1465,12185600
902,B,33419352,C++14 (GCC 6-32),OK,1374,1513699074,Gh0stMan,CONTESTANT,TESTS,50,30,4505600
902,A,33421792,C++14 (GCC 6-32),TIME_LIMIT_EXCEEDED,1937,1513699637,Gh0stMan,CONTESTANT,PRETESTS,4,1000,3379200
902,A,33425212,C++14 (GCC 6-32),WRONG_ANSWER,2897,1513700597,Gh0stMan,CONTESTANT,PRETESTS,5,15,2764800
902,A,33426456,C++14 (GCC 6-32),WRONG_ANSWER,3306,1513701006,Gh0stMan,CONTESTANT,PRETESTS,5,15,2764800
902,A,33427946,C++14 (GCC 6-32),OK,3856,1513701556,Gh0stMan,CONTESTANT,TESTS,55,15,1945600
902,C,33435547,C++14 (GCC 6-32),WRONG_ANSWER,7173,1513704873,Gh0stMan,CONTESTANT,PRETESTS,4,15,6451200
902,A,33414520,C++14 (GCC 6-32),OK,570,1513698270,Ghazoo,CONTESTANT,TESTS,55,15,2048000
902,B,33433324,C++14 (GCC 6-32),WRONG_ANSWER,6258,1513703958,Ghazoo,CONTESTANT,TESTS,36,46,2560000
902,A,33414858,GNU C++,OK,624,1513698324,GhdntYgjs6749,CONTESTANT,TESTS,55,15,2048000
902,B,33418155,GNU C++,OK,1141,1513698841,GhdntYgjs6749,CONTESTANT,TESTS,50,30,10035200
902,C,33424864,GNU C++,OK,2788,1513700488,GhdntYgjs6749,CONTESTANT,TESTS,45,109,18124800
902,B,33425149,GNU C++,OK,2865,1513700576,Ghost0fSparta,CONTESTANT,TESTS,50,46,2560000
902,A,33427385,GNU C++,OK,3652,1513701352,Ghost0fSparta,CONTESTANT,TESTS,55,15,2048000
902,D,33435042,GNU C++,WRONG_ANSWER,7018,1513704718,Ghost0fSparta,CONTESTANT,PRETESTS,1,15,2048000
902,A,33417325,MS C++,OK,1002,1513698702,Ginstein,CONTESTANT,TESTS,55,15,2048000
902,B,33427389,MS C++,OK,3653,1513701353,Ginstein,CONTESTANT,TESTS,50,15,2150400
902,C,33433689,MS C++,WRONG_ANSWER,6419,1513704119,Ginstein,CONTESTANT,PRETESTS,1,15,2457600
902,C,33434492,MS C++,OK,6801,1513704501,Ginstein,CONTESTANT,TESTS,45,109,2457600
902,A,33413243,GNU C++11,OK,358,1513698058,Ginzaner,CONTESTANT,TESTS,55,15,2048000
902,B,33418485,GNU C++11,OK,1200,1513698900,Ginzaner,CONTESTANT,TESTS,50,15,2150400
902,C,33421955,GNU C++11,OK,1981,1513699681,Ginzaner,CONTESTANT,TESTS,45,109,5017600
902,D,33433804,GNU C++11,WRONG_ANSWER,6471,1513704171,Ginzaner,CONTESTANT,PRETESTS,6,15,2048000
902,A,33413997,GNU C++11,OK,487,1513698187,GioChkhaidze,CONTESTANT,TESTS,55,15,2048000
902,B,33416990,GNU C++11,WRONG_ANSWER,943,1513698643,GioChkhaidze,CONTESTANT,PRETESTS,4,15,2252800
902,B,33417994,GNU C++11,RUNTIME_ERROR,1116,1513698816,GioChkhaidze,CONTESTANT,PRETESTS,5,15,2457600
902,B,33418222,GNU C++11,WRONG_ANSWER,1154,1513698854,GioChkhaidze,CONTESTANT,PRETESTS,9,31,2662400
902,B,33419117,GNU C++11,WRONG_ANSWER,1336,1513699036,GioChkhaidze,CONTESTANT,PRETESTS,9,31,2662400
902,B,33421900,GNU C++11,OK,1967,1513699667,GioChkhaidze,CONTESTANT,TESTS,50,46,2867200
902,A,33430666,Java 8,WRONG_ANSWER,4979,1513702679,Girit,CONTESTANT,PRETESTS,1,140,20992000
902,A,33435682,Java 8,WRONG_ANSWER,7198,1513704898,Girit,CONTESTANT,PRETESTS,1,139,20992000
902,A,33413812,C++14 (GCC 6-32),OK,457,1513698157,Gkonstanting98,CONTESTANT,TESTS,55,15,1945600
902,B,33426492,C++14 (GCC 6-32),OK,3320,1513701020,Gkonstanting98,CONTESTANT,TESTS,50,46,3891200
902,C,33430054,C++14 (GCC 6-32),OK,4720,1513702420,Gkonstanting98,CONTESTANT,TESTS,45,171,8294400
902,C,33423716,GNU C++11,OK,2467,1513700167,GoGoBoy,CONTESTANT,TESTS,45,108,2457600
902,A,33423975,GNU C++11,SKIPPED,2539,1513700239,GoGoBoy,CONTESTANT,PRETESTS,8,15,2048000
902,A,33424507,GNU C++11,WRONG_ANSWER,2689,1513700389,GoGoBoy,CONTESTANT,TESTS,11,15,2048000
902,B,33427471,GNU C++11,OK,3683,1513701383,GoGoBoy,CONTESTANT,TESTS,50,31,3891200
902,A,33418950,GNU C++11,WRONG_ANSWER,1296,1513698996,GodKira,CONTESTANT,PRETESTS,2,15,2048000
902,B,33429100,GNU C++11,WRONG_ANSWER,4318,1513702018,GodKira,CONTESTANT,PRETESTS,4,15,2252800
902,A,33414138,C++14 (GCC 6-32),WRONG_ANSWER,509,1513698209,Godfather412,CONTESTANT,PRETESTS,3,15,1843200
902,A,33414817,C++14 (GCC 6-32),CHALLENGED,616,1513698316,Godfather412,CONTESTANT,CHALLENGES,8,15,1945600
902,A,33428742,C++14 (GCC 6-32),OK,4179,1513701879,Godfather412,CONTESTANT,TESTS,55,15,1945600
902,B,33433906,C++14 (GCC 6-32),WRONG_ANSWER,6525,1513704225,Godfather412,CONTESTANT,PRETESTS,7,15,2457600
902,A,33414019,C++14 (GCC 6-32),WRONG_ANSWER,491,1513698191,Goga,CONTESTANT,PRETESTS,2,15,1843200
902,A,33415425,C++14 (GCC 6-32),CHALLENGED,709,1513698409,Goga,CONTESTANT,CHALLENGES,8,15,1945600
902,B,33420853,C++14 (GCC 6-32),OK,1711,1513699411,Goga,CONTESTANT,TESTS,50,31,24576000
902,C,33435573,C++14 (GCC 6-32),WRONG_ANSWER,7179,1513704879,Goga,CONTESTANT,PRETESTS,1,15,1843200
902,A,33414763,C++14 (GCC 6-32),OK,605,1513698305,GoldIMax,CONTESTANT,TESTS,55,15,1945600
902,B,33422461,C++14 (GCC 6-32),OK,2115,1513699815,GoldIMax,CONTESTANT,TESTS,50,46,2560000
902,C,33430910,C++14 (GCC 6-32),WRONG_ANSWER,5075,1513702775,GoldIMax,CONTESTANT,PRETESTS,3,0,1843200
902,A,33416901,Java 8,OK,930,1513698630,Golmol,CONTESTANT,TESTS,55,124,20684800
902,B,33422206,Java 8,OK,2038,1513699738,Golmol,CONTESTANT,TESTS,50,140,20787200
902,C,33428310,Java 8,WRONG_ANSWER,3996,1513701696,Golmol,CONTESTANT,PRETESTS,4,109,20684800
902,C,33431630,Java 8,OK,5425,1513703125,Golmol,CONTESTANT,TESTS,45,202,20787200
902,A,33414043,Java 8,OK,495,1513698195,GoodDok,CONTESTANT,TESTS,55,140,20787200
902,B,33422205,Java 8,OK,2038,1513699738,GoodDok,CONTESTANT,TESTS,50,155,20889600
902,C,33428773,Java 8,OK,4192,1513701892,GoodDok,CONTESTANT,TESTS,45,265,20889600
902,C,33423403,C++14 (GCC 6-32),WRONG_ANSWER,2380,1513700080,Gopi_Bahu,CONTESTANT,PRETESTS,3,15,2662400
902,C,33425441,C++14 (GCC 6-32),WRONG_ANSWER,2973,1513700673,Gopi_Bahu,CONTESTANT,PRETESTS,1,15,2662400
902,C,33428219,C++14 (GCC 6-32),WRONG_ANSWER,3962,1513701662,Gopi_Bahu,CONTESTANT,PRETESTS,1,0,2662400
902,C,33429235,C++14 (GCC 6-32),WRONG_ANSWER,4370,1513702070,Gopi_Bahu,CONTESTANT,PRETESTS,1,15,2662400
902,C,33430197,C++14 (GCC 6-32),WRONG_ANSWER,4779,1513702479,Gopi_Bahu,CONTESTANT,PRETESTS,1,0,2662400
902,C,33430307,C++14 (GCC 6-32),WRONG_ANSWER,4825,1513702525,Gopi_Bahu,CONTESTANT,PRETESTS,1,15,2662400
902,C,33431643,C++14 (GCC 6-32),WRONG_ANSWER,5435,1513703135,Gopi_Bahu,CONTESTANT,PRETESTS,0,15,2662400
902,C,33431844,C++14 (GCC 6-32),OK,5541,1513703241,Gopi_Bahu,CONTESTANT,TESTS,45,77,2662400
902,A,33413419,C++14 (GCC 6-32),OK,389,1513698089,GordonLee,CONTESTANT,TESTS,55,15,1945600
902,B,33416998,C++14 (GCC 6-32),OK,944,1513698644,GordonLee,CONTESTANT,TESTS,50,46,1945600
902,C,33421883,C++14 (GCC 6-32),WRONG_ANSWER,1960,1513699660,GordonLee,CONTESTANT,PRETESTS,1,15,9932800
902,C,33423580,C++14 (GCC 6-32),WRONG_ANSWER,2427,1513700127,GordonLee,CONTESTANT,PRETESTS,1,0,9932800
902,A,33414843,C++14 (GCC 6-32),OK,621,1513698321,Gorix,CONTESTANT,TESTS,55,15,1945600
902,B,33419819,C++14 (GCC 6-32),OK,1473,1513699173,Gorix,CONTESTANT,TESTS,50,15,2457600
902,C,33426186,C++14 (GCC 6-32),WRONG_ANSWER,3217,1513700917,Gorix,CONTESTANT,PRETESTS,0,0,1945600
902,C,33426307,C++14 (GCC 6-32),WRONG_ANSWER,3257,1513700957,Gorix,CONTESTANT,PRETESTS,1,0,1843200
902,C,33426505,C++14 (GCC 6-32),OK,3324,1513701024,Gorix,CONTESTANT,TESTS,45,109,8806400
902,A,33413494,GNU C++11,OK,402,1513698102,GorosheK,CONTESTANT,TESTS,55,15,2048000
902,B,33418465,GNU C++11,OK,1196,1513698896,GorosheK,CONTESTANT,TESTS,50,31,2662400
902,C,33425345,GNU C++11,WRONG_ANSWER,2944,1513700644,GorosheK,CONTESTANT,PRETESTS,1,15,4096000
902,C,33427146,GNU C++11,RUNTIME_ERROR,3561,1513701261,GorosheK,CONTESTANT,TESTS,13,62,5324800
902,A,33420237,C++14 (GCC 6-32),WRONG_ANSWER,1566,1513699266,GrV_GamE,CONTESTANT,PRETESTS,2,15,1945600
902,A,33422296,C++14 (GCC 6-32),WRONG_ANSWER,2063,1513699763,GrV_GamE,CONTESTANT,PRETESTS,5,15,1945600
902,A,33423192,C++14 (GCC 6-32),WRONG_ANSWER,2320,1513700020,GrV_GamE,CONTESTANT,PRETESTS,5,15,1945600
902,A,33425368,C++14 (GCC 6-32),WRONG_ANSWER,2949,1513700649,GrV_GamE,CONTESTANT,PRETESTS,5,15,1945600
902,A,33425810,C++14 (GCC 6-32),WRONG_ANSWER,3092,1513700792,GrV_GamE,CONTESTANT,PRETESTS,5,0,1945600
902,A,33431068,C++14 (GCC 6-32),WRONG_ANSWER,5150,1513702850,GrV_GamE,CONTESTANT,PRETESTS,2,0,1945600
902,A,33431654,C++14 (GCC 6-32),WRONG_ANSWER,5438,1513703138,GrV_GamE,CONTESTANT,PRETESTS,2,15,1945600
902,A,33432167,C++14 (GCC 6-32),WRONG_ANSWER,5696,1513703396,GrV_GamE,CONTESTANT,PRETESTS,4,15,1945600
902,A,33432301,C++14 (GCC 6-32),WRONG_ANSWER,5764,1513703464,GrV_GamE,CONTESTANT,PRETESTS,2,15,1945600
902,A,33432517,C++14 (GCC 6-32),CHALLENGED,5877,1513703577,GrV_GamE,CONTESTANT,CHALLENGES,8,15,1945600
902,A,33415299,C++14 (GCC 6-32),SKIPPED,691,1513698391,Graf_Rav,CONTESTANT,PRETESTS,8,15,1945600
902,B,33431344,C++14 (GCC 6-32),OK,5284,1513702984,Graf_Rav,CONTESTANT,TESTS,50,234,2560000
902,A,33432060,C++14 (GCC 6-32),WRONG_ANSWER,5641,1513703341,Graf_Rav,CONTESTANT,TESTS,11,15,1945600
902,A,33414962,C++14 (GCC 6-32),WRONG_ANSWER,640,1513698340,GravitationalWaves,CONTESTANT,PRETESTS,2,0,1945600
902,A,33416098,C++14 (GCC 6-32),WRONG_ANSWER,806,1513698506,GravitationalWaves,CONTESTANT,PRETESTS,2,15,1945600
902,A,33417862,C++14 (GCC 6-32),WRONG_ANSWER,1096,1513698796,GravitationalWaves,CONTESTANT,PRETESTS,2,15,1945600
902,A,33424189,C++14 (GCC 6-32),WRONG_ANSWER,2594,1513700294,GravitationalWaves,CONTESTANT,PRETESTS,2,15,1945600
902,A,33412813,GNU C++11,WRONG_ANSWER,256,1513697956,GrayGlobe,CONTESTANT,PRETESTS,2,15,2048000
902,A,33414446,GNU C++11,WRONG_ANSWER,559,1513698259,GrayGlobe,CONTESTANT,PRETESTS,2,0,2048000
902,A,33415814,GNU C++11,OK,766,1513698466,GrayGlobe,CONTESTANT,TESTS,55,15,2048000
902,B,33420501,GNU C++11,OK,1625,1513699325,GrayGlobe,CONTESTANT,TESTS,50,31,2560000
902,C,33427140,GNU C++11,WRONG_ANSWER,3557,1513701257,GrayGlobe,CONTESTANT,PRETESTS,4,15,2457600
902,A,33417546,GNU C++,TIME_LIMIT_EXCEEDED,1040,1513698740,Greddy,CONTESTANT,PRETESTS,2,1000,2048000
902,A,33417803,GNU C++,WRONG_ANSWER,1085,1513698785,Greddy,CONTESTANT,PRETESTS,0,15,2048000
902,A,33418048,GNU C++,WRONG_ANSWER,1124,1513698825,Greddy,CONTESTANT,PRETESTS,0,0,2048000
902,A,33421428,GNU C++,WRONG_ANSWER,1848,1513699548,Greddy,CONTESTANT,TESTS,11,15,2048000
902,B,33422782,GNU C++,OK,2205,1513699905,Greddy,CONTESTANT,TESTS,50,31,3993600
902,C,33426522,GNU C++,OK,3331,1513701031,Greddy,CONTESTANT,TESTS,45,343,5427200
902,A,33412826,C++14 (GCC 6-32),WRONG_ANSWER,260,1513697960,Greenty_Q,CONTESTANT,PRETESTS,2,15,1945600
902,A,33413069,C++14 (GCC 6-32),OK,323,1513698023,Greenty_Q,CONTESTANT,TESTS,55,15,1945600
902,B,33420283,C++14 (GCC 6-32),OK,1575,1513699275,Greenty_Q,CONTESTANT,TESTS,50,30,2560000
902,C,33433859,C++14 (GCC 6-32),WRONG_ANSWER,6502,1513704202,Greenty_Q,CONTESTANT,PRETESTS,6,15,4710400
902,A,33416638,MS C++,WRONG_ANSWER,877,1513698588,Grigor01,CONTESTANT,PRETESTS,2,15,4505600
902,A,33418471,MS C++,WRONG_ANSWER,1188,1513698898,Grigor01,CONTESTANT,PRETESTS,2,15,4505600
902,A,33422197,MS C++,WRONG_ANSWER,2026,1513699736,Grigor01,CONTESTANT,PRETESTS,5,15,4505600
902,A,33423133,MS C++,WRONG_ANSWER,2293,1513700004,Grigor01,CONTESTANT,PRETESTS,5,15,4505600
902,A,33424995,MS C++,WRONG_ANSWER,2817,1513700528,Grigor01,CONTESTANT,PRETESTS,5,15,2252800
902,A,33414421,GNU C++11,MEMORY_LIMIT_EXCEEDED,544,1513698255,Gtaumaturgo,CONTESTANT,TESTS,13,452,268390400
902,B,33418943,GNU C++11,OK,1284,1513698995,Gtaumaturgo,CONTESTANT,TESTS,50,30,2560000
902,C,33424705,GNU C++11,OK,2734,1513700445,Gtaumaturgo,CONTESTANT,TESTS,45,124,7065600
902,A,33417624,C++14 (GCC 6-32),WRONG_ANSWER,1044,1513698754,GugaKatamadze,CONTESTANT,PRETESTS,2,15,1945600
902,A,33424616,C++14 (GCC 6-32),WRONG_ANSWER,2710,1513700421,GugaKatamadze,CONTESTANT,PRETESTS,3,15,1945600
902,A,33424909,C++14 (GCC 6-32),OK,2792,1513700502,GugaKatamadze,CONTESTANT,TESTS,55,15,1945600
902,B,33432025,C++14 (GCC 6-32),OK,5618,1513703329,GugaKatamadze,CONTESTANT,TESTS,50,31,2560000
902,A,33415311,C++14 (GCC 6-32),WRONG_ANSWER,693,1513698393,H8el,CONTESTANT,PRETESTS,2,0,1843200
902,A,33417479,C++14 (GCC 6-32),COMPILATION_ERROR,1028,1513698728,H8el,CONTESTANT,PRETESTS,0,0,0
902,A,33418617,C++14 (GCC 6-32),WRONG_ANSWER,1225,1513698925,H8el,CONTESTANT,PRETESTS,2,15,1843200
902,A,33417384,C++14 (GCC 6-32),OK,1003,1513698713,HANHbanthanTHANG,CONTESTANT,TESTS,55,15,1945600
902,B,33423585,C++14 (GCC 6-32),OK,2418,1513700129,HANHbanthanTHANG,CONTESTANT,TESTS,50,30,2662400
902,C,33429636,C++14 (GCC 6-32),OK,4536,1513702247,HANHbanthanTHANG,CONTESTANT,TESTS,45,77,2252800
902,A,33426340,C++14 (GCC 6-32),WRONG_ANSWER,3267,1513700967,HARI1A,CONTESTANT,TESTS,14,15,3072000
902,B,33429027,C++14 (GCC 6-32),OK,4289,1513701989,HARI1A,CONTESTANT,TESTS,50,15,3276800
902,A,33415747,GNU C++11,OK,756,1513698456,HIT_Zero,CONTESTANT,TESTS,55,15,2048000
902,B,33419429,GNU C++11,OK,1393,1513699093,HIT_Zero,CONTESTANT,TESTS,50,46,2457600
902,C,33428319,GNU C++11,WRONG_ANSWER,3998,1513701698,HIT_Zero,CONTESTANT,PRETESTS,1,15,4505600
902,C,33428624,GNU C++11,WRONG_ANSWER,4126,1513701826,HIT_Zero,CONTESTANT,PRETESTS,3,15,4505600
902,C,33429025,GNU C++11,WRONG_ANSWER,4288,1513701988,HIT_Zero,CONTESTANT,PRETESTS,3,15,4505600
902,C,33429292,GNU C++11,WRONG_ANSWER,4393,1513702093,HIT_Zero,CONTESTANT,PRETESTS,6,15,4505600
902,C,33431488,GNU C++11,WRONG_ANSWER,5356,1513703056,HIT_Zero,CONTESTANT,PRETESTS,6,15,4505600
902,C,33431959,GNU C++11,WRONG_ANSWER,5594,1513703294,HIT_Zero,CONTESTANT,PRETESTS,3,15,4505600
902,C,33432149,GNU C++11,OK,5689,1513703389,HIT_Zero,CONTESTANT,TESTS,45,124,6553600
902,D,33435041,GNU C++11,WRONG_ANSWER,7018,1513704718,HIT_Zero,CONTESTANT,PRETESTS,2,0,2150400
902,A,33419553,C++14 (GCC 6-32),RUNTIME_ERROR,1422,1513699122,HK_reporter,CONTESTANT,PRETESTS,1,0,1843200
902,A,33420155,C++14 (GCC 6-32),OK,1546,1513699246,HK_reporter,CONTESTANT,TESTS,55,15,1945600
902,A,33413926,C++14 (GCC 6-32),WRONG_ANSWER,475,1513698175,HaabyHings,CONTESTANT,PRETESTS,2,15,1945600
902,A,33415782,C++14 (GCC 6-32),OK,762,1513698462,HaabyHings,CONTESTANT,TESTS,55,15,1945600
902,B,33418015,C++14 (GCC 6-32),OK,1119,1513698819,HaabyHings,CONTESTANT,TESTS,50,15,2560000
902,C,33425957,C++14 (GCC 6-32),WRONG_ANSWER,3137,1513700837,HaabyHings,CONTESTANT,PRETESTS,3,15,2662400
902,C,33427764,C++14 (GCC 6-32),OK,3791,1513701491,HaabyHings,CONTESTANT,TESTS,45,93,5632000
902,A,33416532,MS C++,WRONG_ANSWER,873,1513698573,Hady-Eslam,CONTESTANT,PRETESTS,2,15,2048000
902,A,33418055,MS C++,WRONG_ANSWER,1125,1513698825,Hady-Eslam,CONTESTANT,TESTS,47,31,2048000
902,B,33428775,MS C++,MEMORY_LIMIT_EXCEEDED,4193,1513701893,Hady-Eslam,CONTESTANT,PRETESTS,0,0,268390400
902,A,33417242,C++14 (GCC 6-32),OK,978,1513698689,HadyKo,CONTESTANT,TESTS,55,15,1945600
902,B,33423480,C++14 (GCC 6-32),OK,2389,1513700099,HadyKo,CONTESTANT,TESTS,50,234,2764800
902,C,33429112,C++14 (GCC 6-32),WRONG_ANSWER,4312,1513702023,HadyKo,CONTESTANT,PRETESTS,4,15,2662400
902,C,33430466,C++14 (GCC 6-32),OK,4878,1513702588,HadyKo,CONTESTANT,TESTS,45,140,2662400
902,D,33434776,C++14 (GCC 6-32),WRONG_ANSWER,6910,1513704621,HadyKo,CONTESTANT,PRETESTS,0,15,1945600
902,D,33435513,C++14 (GCC 6-32),WRONG_ANSWER,7156,1513704866,HadyKo,CONTESTANT,PRETESTS,0,0,1843200
902,D,33435693,C++14 (GCC 6-32),WRONG_ANSWER,7189,1513704900,HadyKo,CONTESTANT,PRETESTS,0,0,1843200
902,A,33420409,C++14 (GCC 6-32),WRONG_ANSWER,1603,1513699303,Haku_non,CONTESTANT,PRETESTS,2,15,1843200
902,A,33423693,GNU C++17 Diagnostics,WRONG_ANSWER,2460,1513700160,Haku_non,CONTESTANT,PRETESTS,2,764,98304000
902,A,33424349,C++14 (GCC 6-32),WRONG_ANSWER,2637,1513700337,Haku_non,CONTESTANT,PRETESTS,2,0,1945600
902,A,33424736,C++14 (GCC 6-32),WRONG_ANSWER,2753,1513700453,Haku_non,CONTESTANT,PRETESTS,2,15,1945600
902,A,33431267,C++14 (GCC 6-32),WRONG_ANSWER,5247,1513702947,Haku_non,CONTESTANT,PRETESTS,4,15,3481600
902,A,33432872,C++14 (GCC 6-32),WRONG_ANSWER,6052,1513703752,Haku_non,CONTESTANT,PRETESTS,2,0,1945600
902,A,33413498,GNU C++11,OK,404,1513698104,HallBarkis,CONTESTANT,TESTS,55,15,2048000
902,B,33417888,GNU C++11,OK,1099,1513698799,HallBarkis,CONTESTANT,TESTS,50,31,2560000
902,C,33429133,GNU C++11,OK,4332,1513702032,HallBarkis,CONTESTANT,TESTS,45,109,5529600
902,A,33427948,GNU C++,WRONG_ANSWER,3856,1513701556,HamsaRekha,CONTESTANT,PRETESTS,2,15,1843200
902,A,33412966,C++14 (GCC 6-32),WRONG_ANSWER,302,1513698002,Hamza,CONTESTANT,PRETESTS,2,0,1843200
902,A,33416354,C++14 (GCC 6-32),WRONG_ANSWER,844,1513698544,Hamza,CONTESTANT,PRETESTS,2,0,1843200
902,A,33417359,C++14 (GCC 6-32),WRONG_ANSWER,1008,1513698708,Hamza,CONTESTANT,PRETESTS,4,15,1843200
902,A,33424438,C++14 (GCC 6-32),WRONG_ANSWER,2668,1513700368,Hamza,CONTESTANT,PRETESTS,2,15,1843200
902,A,33425975,C++14 (GCC 6-32),WRONG_ANSWER,3143,1513700843,Hamza,CONTESTANT,PRETESTS,2,15,1843200
902,A,33429683,C++14 (GCC 6-32),WRONG_ANSWER,4564,1513702264,Hamza,CONTESTANT,PRETESTS,2,15,1843200
902,A,33414959,GNU C++11,OK,629,1513698340,HamzaTad,CONTESTANT,TESTS,55,15,2048000
902,A,33424174,GNU C++11,WRONG_ANSWER,2591,1513700291,Hana.jml,CONTESTANT,PRETESTS,0,15,2048000
902,A,33424905,GNU C++11,WRONG_ANSWER,2801,1513700501,Hana.jml,CONTESTANT,PRETESTS,0,0,2048000
902,A,33417623,GNU C++11,WRONG_ANSWER,1054,1513698754,HandlyHwaEsmy,CONTESTANT,PRETESTS,5,15,2048000
902,A,33419458,GNU C++11,WRONG_ANSWER,1399,1513699099,HandlyHwaEsmy,CONTESTANT,PRETESTS,2,0,2048000
902,A,33420750,GNU C++11,OK,1685,1513699385,HandlyHwaEsmy,CONTESTANT,TESTS,55,15,2048000
902,A,33416838,GNU C++,WRONG_ANSWER,921,1513698621,Hans_Moe,CONTESTANT,PRETESTS,2,15,1843200
902,A,33422172,GNU C++,WRONG_ANSWER,2031,1513699731,Hans_Moe,CONTESTANT,PRETESTS,2,15,1843200
902,A,33432784,GNU C++,OK,6004,1513703704,Hans_Moe,CONTESTANT,TESTS,55,15,1843200
902,A,33420974,GNU C++11,WRONG_ANSWER,1728,1513699438,Happy_New_2024,CONTESTANT,PRETESTS,2,0,2048000
902,A,33422167,GNU C++11,WRONG_ANSWER,2021,1513699731,Happy_New_2024,CONTESTANT,PRETESTS,2,15,2048000
902,A,33424612,GNU C++11,WRONG_ANSWER,2708,1513700419,Happy_New_2024,CONTESTANT,PRETESTS,2,15,2048000
902,A,33427169,GNU C++11,CHALLENGED,3562,1513701272,Happy_New_2024,CONTESTANT,CHALLENGES,8,15,2048000
902,A,33427943,GNU C,WRONG_ANSWER,3855,1513701555,HarikaNadipalli,CONTESTANT,PRETESTS,2,15,1843200
902,A,33430551,GNU C,WRONG_ANSWER,4925,1513702625,HarikaNadipalli,CONTESTANT,PRETESTS,2,15,1843200
902,A,33431292,GNU C,WRONG_ANSWER,5258,1513702958,HarikaNadipalli,CONTESTANT,PRETESTS,2,15,1843200
902,A,33433591,GNU C,WRONG_ANSWER,6378,1513704078,HarikaNadipalli,CONTESTANT,PRETESTS,2,15,1843200
902,A,33415082,GNU C++,OK,648,1513698358,HarmonyThug,CONTESTANT,TESTS,55,31,2048000
902,B,33426053,GNU C++,OK,3160,1513700871,HarmonyThug,CONTESTANT,TESTS,50,46,2560000
902,C,33435358,GNU C++,WRONG_ANSWER,7111,1513704822,HarmonyThug,CONTESTANT,PRETESTS,1,15,4096000
902,A,33412946,Java 8,OK,287,1513697997,Harpae,CONTESTANT,TESTS,55,140,20684800
902,B,33420316,Java 8,OK,1569,1513699280,Harpae,CONTESTANT,TESTS,50,889,20889600
902,C,33428720,Java 8,OK,4158,1513701868,Harpae,CONTESTANT,TESTS,45,1325,20992000
902,A,33418476,C++14 (GCC 6-32),WRONG_ANSWER,1199,1513698899,Harry_30,CONTESTANT,PRETESTS,2,15,1843200
902,A,33420895,C++14 (GCC 6-32),WRONG_ANSWER,1718,1513699418,Harry_30,CONTESTANT,PRETESTS,2,15,1945600
902,A,33425726,C++14 (GCC 6-32),WRONG_ANSWER,3065,1513700765,Harry_30,CONTESTANT,PRETESTS,4,15,1945600
902,A,33426275,C++14 (GCC 6-32),WRONG_ANSWER,3247,1513700947,Harry_30,CONTESTANT,PRETESTS,4,15,1843200
902,A,33427619,C++14 (GCC 6-32),WRONG_ANSWER,3737,1513701437,Harry_30,CONTESTANT,PRETESTS,4,15,1843200
902,A,33433795,C++14 (GCC 6-32),WRONG_ANSWER,6467,1513704167,Harry_30,CONTESTANT,PRETESTS,2,15,1945600
902,A,33434666,C++14 (GCC 6-32),WRONG_ANSWER,6870,1513704570,Harry_30,CONTESTANT,PRETESTS,4,15,1843200
902,A,33416565,GNU C++11,WRONG_ANSWER,878,1513698578,Harsh1581769,CONTESTANT,PRETESTS,2,15,2048000
902,A,33418012,GNU C++11,WRONG_ANSWER,1119,1513698819,Harsh1581769,CONTESTANT,PRETESTS,2,15,2048000
902,A,33419302,C++14 (GCC 6-32),WRONG_ANSWER,1368,1513699068,Harsh1581769,CONTESTANT,PRETESTS,2,15,1945600
902,A,33419334,C++14 (GCC 6-32),WRONG_ANSWER,1361,1513699072,Harsh1581769,CONTESTANT,PRETESTS,2,15,1945600
902,A,33424954,GNU C++11,WRONG_ANSWER,2815,1513700515,Harsh1581769,CONTESTANT,PRETESTS,5,15,2048000
902,A,33413601,C++14 (GCC 6-32),WRONG_ANSWER,422,1513698122,Harshad,CONTESTANT,PRETESTS,2,0,1945600
902,A,33415577,C++14 (GCC 6-32),OK,731,1513698431,Harshad,CONTESTANT,TESTS,55,15,1945600
902,B,33418849,C++14 (GCC 6-32),OK,1271,1513698971,Harshad,CONTESTANT,TESTS,50,15,2457600
902,C,33427276,C++14 (GCC 6-32),OK,3614,1513701314,Harshad,CONTESTANT,TESTS,45,78,3891200
902,D,33431944,C++14 (GCC 6-32),WRONG_ANSWER,5589,1513703289,Harshad,CONTESTANT,PRETESTS,1,0,1843200
902,D,33432812,C++14 (GCC 6-32),WRONG_ANSWER,6018,1513703718,Harshad,CONTESTANT,PRETESTS,2,15,1843200
902,A,33416870,C++14 (GCC 6-32),OK,915,1513698625,Harshit_169,CONTESTANT,TESTS,55,15,1945600
902,B,33425116,C++14 (GCC 6-32),OK,2856,1513700566,Harshit_169,CONTESTANT,TESTS,50,31,1945600
902,C,33433704,C++14 (GCC 6-32),WRONG_ANSWER,6416,1513704127,Harshit_169,CONTESTANT,PRETESTS,3,15,1843200
902,A,33412699,C++14 (GCC 6-32),WRONG_ANSWER,204,1513697904,HarveyCipher,CONTESTANT,PRETESTS,1,15,1945600
902,A,33414934,C++14 (GCC 6-32),WRONG_ANSWER,635,1513698335,HarveyCipher,CONTESTANT,PRETESTS,0,0,1945600
902,A,33415730,C++14 (GCC 6-32),OK,753,1513698453,HarveyCipher,CONTESTANT,TESTS,55,30,1945600
902,B,33418160,C++14 (GCC 6-32),RUNTIME_ERROR,1142,1513698842,HarveyCipher,CONTESTANT,PRETESTS,5,15,2150400
902,B,33418605,C++14 (GCC 6-32),OK,1224,1513698924,HarveyCipher,CONTESTANT,TESTS,50,46,2560000
902,C,33426500,C++14 (GCC 6-32),WRONG_ANSWER,3322,1513701022,HarveyCipher,CONTESTANT,PRETESTS,1,15,4300800
902,C,33427666,C++14 (GCC 6-32),WRONG_ANSWER,3753,1513701453,HarveyCipher,CONTESTANT,PRETESTS,3,15,4300800
902,C,33428276,C++14 (GCC 6-32),WRONG_ANSWER,3982,1513701682,HarveyCipher,CONTESTANT,PRETESTS,1,0,4300800
902,C,33428605,C++14 (GCC 6-32),WRONG_ANSWER,4116,1513701816,HarveyCipher,CONTESTANT,PRETESTS,5,15,4300800
902,C,33428808,C++14 (GCC 6-32),WRONG_ANSWER,4202,1513701902,HarveyCipher,CONTESTANT,PRETESTS,3,15,4300800
902,C,33428909,C++14 (GCC 6-32),OK,4239,1513701939,HarveyCipher,CONTESTANT,TESTS,45,155,6041600
902,A,33413246,GNU C++11,OK,347,1513698058,Hasan,CONTESTANT,TESTS,55,15,5632000
902,B,33415843,GNU C++11,OK,759,1513698469,Hasan,CONTESTANT,TESTS,50,31,7168000
902,C,33423174,GNU C++11,WRONG_ANSWER,2304,1513700014,Hasan,CONTESTANT,PRETESTS,4,15,3276800
902,C,33424645,GNU C++11,OK,2717,1513700427,Hasan,CONTESTANT,TESTS,45,218,3276800
902,A,33414448,GNU C,COMPILATION_ERROR,559,1513698259,Hashemifar,CONTESTANT,PRETESTS,0,0,0
902,A,33415079,GNU C++,WRONG_ANSWER,658,1513698358,Hashemifar,CONTESTANT,PRETESTS,2,15,2048000
902,A,33417802,GNU C++,WRONG_ANSWER,1084,1513698784,Hashemifar,CONTESTANT,PRETESTS,2,15,2048000
902,A,33414159,C++14 (GCC 6-32),OK,513,1513698213,Heartbell,CONTESTANT,TESTS,55,31,1945600
902,B,33422123,C++14 (GCC 6-32),OK,2020,1513699720,Heartbell,CONTESTANT,TESTS,50,15,2560000
902,C,33434313,C++14 (GCC 6-32),WRONG_ANSWER,6720,1513704420,Heartbell,CONTESTANT,PRETESTS,4,15,1843200
902,C,33434628,C++14 (GCC 6-32),WRONG_ANSWER,6856,1513704556,Heartbell,CONTESTANT,PRETESTS,4,15,1945600
902,C,33435125,C++14 (GCC 6-32),WRONG_ANSWER,7041,1513704741,Heartbell,CONTESTANT,PRETESTS,6,15,1843200
902,A,33415518,C++14 (GCC 6-32),WRONG_ANSWER,724,1513698424,Heartr,CONTESTANT,PRETESTS,2,15,1843200
902,A,33417666,C++14 (GCC 6-32),WRONG_ANSWER,1062,1513698762,Heartr,CONTESTANT,TESTS,11,15,1945600
902,B,33422231,C++14 (GCC 6-32),OK,2046,1513699746,Heartr,CONTESTANT,TESTS,50,15,2355200
902,A,33415151,GNU C++11,OK,668,1513698368,HeathcliffAC,CONTESTANT,TESTS,55,15,2867200
902,B,33417879,GNU C++11,OK,1098,1513698798,HeathcliffAC,CONTESTANT,TESTS,50,15,3993600
902,C,33422697,GNU C++11,OK,2181,1513699881,HeathcliffAC,CONTESTANT,TESTS,45,109,4505600
902,A,33414741,C++14 (GCC 6-32),SKIPPED,603,1513698303,HellAngel,CONTESTANT,PRETESTS,8,15,1945600
902,A,33416260,C++14 (GCC 6-32),WRONG_ANSWER,830,1513698530,HellAngel,CONTESTANT,TESTS,41,15,1945600
902,B,33429310,C++14 (GCC 6-32),OK,4402,1513702102,HellAngel,CONTESTANT,TESTS,50,15,1945600
902,C,33420422,C++14 (GCC 6-32),OK,1607,1513699307,Helli.code,CONTESTANT,TESTS,45,108,16896000
902,A,33413728,GNU C11,OK,442,1513698142,Hello_W0rld,CONTESTANT,TESTS,55,15,1843200
902,B,33420742,GNU C11,OK,1682,1513699382,Hello_W0rld,CONTESTANT,TESTS,50,15,2048000
902,C,33432338,GNU C11,OK,5782,1513703482,Hello_W0rld,CONTESTANT,TESTS,45,1638,2252800
902,A,33417978,GNU C++11,WRONG_ANSWER,1102,1513698813,Helomair,CONTESTANT,PRETESTS,2,15,2048000
902,A,33418635,GNU C++11,OK,1218,1513698929,Helomair,CONTESTANT,TESTS,55,15,2048000
902,B,33433098,GNU C++11,WRONG_ANSWER,6155,1513703855,Helomair,CONTESTANT,PRETESTS,4,15,2048000
902,B,33433280,GNU C++11,WRONG_ANSWER,6241,1513703941,Helomair,CONTESTANT,PRETESTS,4,15,2048000
902,A,33413234,GNU C++11,WRONG_ANSWER,356,1513698056,HereToDisappoint,CONTESTANT,PRETESTS,4,0,2048000
902,A,33413585,GNU C++11,WRONG_ANSWER,419,1513698119,HereToDisappoint,CONTESTANT,PRETESTS,4,15,2048000
902,A,33415036,GNU C++11,CHALLENGED,652,1513698352,HereToDisappoint,CONTESTANT,CHALLENGES,8,15,2048000
902,B,33418820,GNU C++11,OK,1266,1513698966,HereToDisappoint,CONTESTANT,TESTS,50,31,2560000
902,C,33427325,GNU C++11,RUNTIME_ERROR,3636,1513701336,HereToDisappoint,CONTESTANT,TESTS,13,46,6860800
902,A,33432505,GNU C++11,OK,5868,1513703568,HereToDisappoint,CONTESTANT,TESTS,55,31,2048000
902,A,33423336,GNU C++11,WRONG_ANSWER,2361,1513700061,HeshamAli,CONTESTANT,TESTS,15,15,2048000
902,A,33412944,C++14 (GCC 6-32),WRONG_ANSWER,297,1513697997,Heshamovic,CONTESTANT,PRETESTS,4,0,1843200
902,A,33414743,C++14 (GCC 6-32),OK,603,1513698303,Heshamovic,CONTESTANT,TESTS,55,15,1945600
902,B,33421183,C++14 (GCC 6-32),OK,1789,1513699489,Heshamovic,CONTESTANT,TESTS,50,46,2457600
902,A,33417820,GNU C++11,WRONG_ANSWER,1087,1513698787,HesusCristos,CONTESTANT,PRETESTS,2,15,2048000
902,A,33419102,GNU C++11,WRONG_ANSWER,1332,1513699032,HesusCristos,CONTESTANT,PRETESTS,1,0,2048000
902,A,33419402,GNU C++11,WRONG_ANSWER,1386,1513699086,HesusCristos,CONTESTANT,PRETESTS,2,15,2048000
902,A,33422291,GNU C++11,WRONG_ANSWER,2062,1513699762,HesusCristos,CONTESTANT,TESTS,47,15,2048000
902,A,33418374,C++14 (GCC 6-32),OK,1180,1513698880,HiDDeN97,CONTESTANT,TESTS,55,15,3379200
902,B,33425305,C++14 (GCC 6-32),OK,2928,1513700628,HiDDeN97,CONTESTANT,TESTS,50,46,2048000
902,A,33413349,C++14 (GCC 6-32),WRONG_ANSWER,366,1513698076,HiamKing,CONTESTANT,PRETESTS,4,15,2662400
902,A,33414318,C++14 (GCC 6-32),WRONG_ANSWER,526,1513698236,HiamKing,CONTESTANT,PRETESTS,1,15,2662400
902,A,33415787,C++14 (GCC 6-32),WRONG_ANSWER,752,1513698463,HiamKing,CONTESTANT,PRETESTS,4,15,2662400
902,A,33422116,C++14 (GCC 6-32),OK,2006,1513699717,HiamKing,CONTESTANT,TESTS,55,15,2662400
902,B,33424364,C++14 (GCC 6-32),OK,2631,1513700341,HiamKing,CONTESTANT,TESTS,50,15,2560000
902,C,33429919,C++14 (GCC 6-32),SKIPPED,4648,1513702358,HiamKing,CONTESTANT,PRETESTS,13,30,3072000
902,C,33430194,C++14 (GCC 6-32),OK,4767,1513702477,HiamKing,CONTESTANT,TESTS,45,77,4300800
902,D,33435530,C++14 (GCC 6-32),WRONG_ANSWER,7159,1513704870,HiamKing,CONTESTANT,PRETESTS,0,0,13926400
902,A,33423126,GNU C++,WRONG_ANSWER,2301,1513700001,Hidden_Hunter,CONTESTANT,PRETESTS,3,15,2048000
902,A,33429379,GNU C++,WRONG_ANSWER,4430,1513702130,Hidden_Hunter,CONTESTANT,PRETESTS,3,15,2048000
902,A,33430398,GNU C++,OK,4859,1513702559,Hidden_Hunter,CONTESTANT,TESTS,55,15,2048000
902,A,33415587,GNU C++,WRONG_ANSWER,732,1513698432,HieuTranQT,CONTESTANT,PRETESTS,2,0,2048000
902,A,33417010,GNU C++,SKIPPED,935,1513698646,HieuTranQT,CONTESTANT,PRETESTS,8,15,2048000
902,A,33419445,GNU C++,WRONG_ANSWER,1386,1513699097,HieuTranQT,CONTESTANT,TESTS,41,15,2048000
902,B,33422380,GNU C++,OK,2081,1513699791,HieuTranQT,CONTESTANT,TESTS,50,46,2150400
902,C,33427320,GNU C++,WRONG_ANSWER,3625,1513701335,HieuTranQT,CONTESTANT,PRETESTS,4,15,3276800
902,C,33428741,GNU C++,WRONG_ANSWER,4168,1513701878,HieuTranQT,CONTESTANT,PRETESTS,4,15,3276800
902,C,33429208,GNU C++,WRONG_ANSWER,4349,1513702060,HieuTranQT,CONTESTANT,PRETESTS,4,15,4505600
902,C,33430280,GNU C++,OK,4800,1513702510,HieuTranQT,CONTESTANT,TESTS,45,233,4505600
902,D,33435090,GNU C++,WRONG_ANSWER,7020,1513704730,HieuTranQT,CONTESTANT,PRETESTS,2,0,2048000
902,B,33418991,C++14 (GCC 6-32),OK,1295,1513699006,HimJ,CONTESTANT,TESTS,50,30,2457600
902,A,33421372,C++14 (GCC 6-32),WRONG_ANSWER,1824,1513699535,HimJ,CONTESTANT,PRETESTS,2,15,1843200
902,A,33422268,C++14 (GCC 6-32),WRONG_ANSWER,2044,1513699755,HimJ,CONTESTANT,PRETESTS,2,0,1945600
902,A,33422848,C++14 (GCC 6-32),WRONG_ANSWER,2212,1513699922,HimJ,CONTESTANT,PRETESTS,2,15,1843200
902,A,33424062,C++14 (GCC 6-32),RUNTIME_ERROR,2550,1513700260,HimJ,CONTESTANT,PRETESTS,4,15,2048000
902,A,33428020,C++14 (GCC 6-32),RUNTIME_ERROR,3873,1513701583,HimJ,CONTESTANT,PRETESTS,4,15,1945600
902,A,33429814,C++14 (GCC 6-32),WRONG_ANSWER,4611,1513702322,HimJ,CONTESTANT,TESTS,22,15,1945600
902,C,33434902,C++14 (GCC 6-32),WRONG_ANSWER,6961,1513704671,HimJ,CONTESTANT,PRETESTS,1,15,1945600
902,C,33435380,C++14 (GCC 6-32),WRONG_ANSWER,7118,1513704829,HimJ,CONTESTANT,PRETESTS,1,15,1945600
902,A,33421229,GNU C++,WRONG_ANSWER,1799,1513699499,Himanshu18,CONTESTANT,PRETESTS,2,15,2048000
902,B,33425493,GNU C++,OK,2989,1513700689,Himanshu18,CONTESTANT,TESTS,50,46,4300800
902,A,33428568,GNU C++,WRONG_ANSWER,4102,1513701802,Himanshu18,CONTESTANT,PRETESTS,2,15,2048000
902,A,33413789,GNU C++,OK,442,1513698153,Hinke,CONTESTANT,TESTS,55,15,2048000
902,C,33424387,GNU C++,OK,2639,1513700349,Hinke,CONTESTANT,TESTS,45,327,4505600
902,B,33427209,GNU C++,OK,3578,1513701288,Hinke,CONTESTANT,TESTS,50,61,2867200
902,A,33413294,GNU C++,WRONG_ANSWER,366,1513698066,Hipo_3412,CONTESTANT,PRETESTS,2,15,2048000
902,A,33414255,GNU C++,WRONG_ANSWER,527,1513698227,Hipo_3412,CONTESTANT,PRETESTS,2,15,2048000
902,A,33416432,GNU C++,OK,855,1513698555,Hipo_3412,CONTESTANT,TESTS,55,15,2048000
902,B,33421283,GNU C++,OK,1815,1513699515,Hipo_3412,CONTESTANT,TESTS,50,46,2355200
902,C,33428130,GNU C++,SKIPPED,3929,1513701629,Hipo_3412,CONTESTANT,PRETESTS,13,30,2457600
902,C,33428802,GNU C++,OK,4201,1513701901,Hipo_3412,CONTESTANT,TESTS,45,249,2457600
902,A,33418568,C++14 (GCC 6-32),CHALLENGED,1206,1513698916,Historia_,CONTESTANT,CHALLENGES,8,15,1945600
902,B,33422711,C++14 (GCC 6-32),WRONG_ANSWER,2174,1513699884,Historia_,CONTESTANT,PRETESTS,9,31,2560000
902,B,33424213,C++14 (GCC 6-32),OK,2588,1513700298,Historia_,CONTESTANT,TESTS,50,46,2662400
902,C,33432539,C++14 (GCC 6-32),WRONG_ANSWER,5879,1513703590,Historia_,CONTESTANT,TESTS,17,140,5529600
902,A,33432745,C++14 (GCC 6-32),WRONG_ANSWER,5974,1513703684,Historia_,CONTESTANT,CHALLENGES,0,15,1945600
902,A,33433802,C++14 (GCC 6-32),WRONG_ANSWER,6459,1513704170,Historia_,CONTESTANT,PRETESTS,4,15,1945600
902,A,33434023,C++14 (GCC 6-32),WRONG_ANSWER,6582,1513704293,Historia_,CONTESTANT,PRETESTS,4,15,1945600
902,A,33434732,C++14 (GCC 6-32),OK,6890,1513704601,Historia_,CONTESTANT,TESTS,55,15,1945600
902,A,33413813,C++14 (GCC 6-32),WRONG_ANSWER,457,1513698157,Hoansn,CONTESTANT,PRETESTS,2,15,1945600
902,A,33415497,C++14 (GCC 6-32),OK,722,1513698422,Hoansn,CONTESTANT,TESTS,55,15,1945600
902,B,33419363,C++14 (GCC 6-32),OK,1376,1513699076,Hoansn,CONTESTANT,TESTS,50,31,2457600
902,C,33425307,C++14 (GCC 6-32),WRONG_ANSWER,2929,1513700629,Hoansn,CONTESTANT,PRETESTS,1,15,4710400
902,C,33426075,C++14 (GCC 6-32),OK,3179,1513700879,Hoansn,CONTESTANT,TESTS,45,109,14848000
902,A,33414681,Java 8,OK,593,1513698293,Hoda_Hisham,CONTESTANT,TESTS,55,124,20684800
902,B,33417883,Java 8,OK,1098,1513698798,Hoda_Hisham,CONTESTANT,TESTS,50,155,20889600
902,C,33435414,Java 8,WRONG_ANSWER,7140,1513704840,Hoda_Hisham,CONTESTANT,PRETESTS,4,124,20582400
902,A,33416622,Python 3,WRONG_ANSWER,885,1513698585,HonestCad,CONTESTANT,PRETESTS,4,46,5529600
902,A,33418544,Python 3,OK,1213,1513698913,HonestCad,CONTESTANT,TESTS,55,62,5529600
902,B,33424428,Python 3,WRONG_ANSWER,2664,1513700364,HonestCad,CONTESTANT,PRETESTS,9,62,7168000
902,B,33429016,Python 3,RUNTIME_ERROR,4285,1513701985,HonestCad,CONTESTANT,TESTS,17,124,7372800
902,A,33417155,C++14 (GCC 6-32),WRONG_ANSWER,973,1513698673,Hoppa,CONTESTANT,PRETESTS,4,15,1945600
902,A,33419891,C++14 (GCC 6-32),WRONG_ANSWER,1488,1513699188,Hoppa,CONTESTANT,PRETESTS,4,15,1945600
902,B,33419934,C++14 (GCC 6-32),OK,1497,1513699197,Hoppa,CONTESTANT,TESTS,50,31,2457600
902,A,33422513,C++14 (GCC 6-32),OK,2129,1513699829,Hoppa,CONTESTANT,TESTS,55,15,1945600
902,C,33429546,C++14 (GCC 6-32),WRONG_ANSWER,4507,1513702207,Hoppa,CONTESTANT,PRETESTS,12,140,3072000
902,C,33430995,C++14 (GCC 6-32),WRONG_ANSWER,5116,1513702816,Hoppa,CONTESTANT,PRETESTS,12,140,3072000
902,C,33431083,C++14 (GCC 6-32),OK,5156,1513702856,Hoppa,CONTESTANT,TESTS,45,140,4300800
902,B,33424385,C++14 (GCC 6-32),OK,2648,1513700348,Hossam.Yehia,CONTESTANT,TESTS,50,15,2560000
902,A,33424759,C++14 (GCC 6-32),OK,2762,1513700462,Hossam.Yehia,CONTESTANT,TESTS,55,15,1945600
902,A,33414678,C++14 (GCC 6-32),OK,592,1513698292,HosseinYousefi,CONTESTANT,TESTS,55,15,1945600
902,B,33418632,C++14 (GCC 6-32),OK,1228,1513698928,HosseinYousefi,CONTESTANT,TESTS,50,30,2457600
902,C,33422552,C++14 (GCC 6-32),WRONG_ANSWER,2140,1513699840,HosseinYousefi,CONTESTANT,PRETESTS,3,15,3072000
902,C,33424157,C++14 (GCC 6-32),WRONG_ANSWER,2586,1513700286,HosseinYousefi,CONTESTANT,TESTS,13,77,3072000
902,A,33414285,C++14 (GCC 6-32),WRONG_ANSWER,531,1513698231,Hridoy_Roy,CONTESTANT,PRETESTS,2,15,1945600
902,A,33415542,C++14 (GCC 6-32),COMPILATION_ERROR,727,1513698427,Hridoy_Roy,CONTESTANT,PRETESTS,0,0,0
902,A,33416050,C++14 (GCC 6-32),WRONG_ANSWER,798,1513698498,Hridoy_Roy,CONTESTANT,PRETESTS,1,15,1945600
902,A,33418874,C++14 (GCC 6-32),WRONG_ANSWER,1280,1513698980,Hridoy_Roy,CONTESTANT,PRETESTS,3,15,1945600
902,A,33419472,C++14 (GCC 6-32),WRONG_ANSWER,1402,1513699102,Hridoy_Roy,CONTESTANT,TESTS,20,15,1945600
902,A,33415131,FPC,OK,665,1513698365,HsOH,CONTESTANT,TESTS,55,15,1638400
902,B,33421465,FPC,OK,1858,1513699558,HsOH,CONTESTANT,TESTS,50,15,3788800
902,C,33432533,FPC,WRONG_ANSWER,5887,1513703587,HsOH,CONTESTANT,PRETESTS,1,15,2355200
902,A,33415705,GNU C++,COMPILATION_ERROR,749,1513698449,Huang_Shaofeng,CONTESTANT,PRETESTS,0,0,0
902,A,33416127,GNU C++,OK,811,1513698511,Huang_Shaofeng,CONTESTANT,TESTS,55,15,2048000
902,B,33422592,GNU C++,OK,2152,1513699852,Huang_Shaofeng,CONTESTANT,TESTS,50,15,2355200
902,C,33429285,GNU C++,OK,4392,1513702092,Huang_Shaofeng,CONTESTANT,TESTS,45,109,4096000
902,A,33427834,Java 8,RUNTIME_ERROR,3814,1513701514,Humanist,CONTESTANT,PRETESTS,2,108,20582400
902,A,33428810,Java 8,RUNTIME_ERROR,4203,1513701903,Humanist,CONTESTANT,PRETESTS,2,124,20582400
902,A,33431933,Java 8,WRONG_ANSWER,5583,1513703283,Humanist,CONTESTANT,PRETESTS,0,109,20684800
902,A,33432333,Java 8,RUNTIME_ERROR,5780,1513703480,Humanist,CONTESTANT,PRETESTS,2,109,20582400
902,A,33419668,C++14 (GCC 6-32),OK,1443,1513699143,Humayan_Kabir,CONTESTANT,TESTS,55,15,1945600
902,B,33424674,C++14 (GCC 6-32),OK,2737,1513700437,Humayan_Kabir,CONTESTANT,TESTS,50,15,5529600
902,C,33431504,C++14 (GCC 6-32),WRONG_ANSWER,5365,1513703065,Humayan_Kabir,CONTESTANT,PRETESTS,1,15,3481600
902,C,33434653,C++14 (GCC 6-32),WRONG_ANSWER,6867,1513704567,Humayan_Kabir,CONTESTANT,PRETESTS,3,15,3481600
902,C,33435430,C++14 (GCC 6-32),WRONG_ANSWER,7145,1513704845,Humayan_Kabir,CONTESTANT,PRETESTS,0,0,3481600
902,A,33413616,C++14 (GCC 6-32),OK,423,1513698123,HumptyDumpty,CONTESTANT,TESTS,55,15,2048000
902,B,33415965,C++14 (GCC 6-32),OK,788,1513698488,HumptyDumpty,CONTESTANT,TESTS,50,15,2457600
902,C,33421742,C++14 (GCC 6-32),OK,1925,1513699625,HumptyDumpty,CONTESTANT,TESTS,45,93,4300800
902,E,33435633,C++14 (GCC 6-32),WRONG_ANSWER,7189,1513704890,HumptyDumpty,CONTESTANT,PRETESTS,1,15,11468800
902,A,33413720,C++14 (GCC 6-32),OK,442,1513698142,HunTer,CONTESTANT,TESTS,55,30,1945600
902,B,33419568,C++14 (GCC 6-32),OK,1425,1513699125,HunTer,CONTESTANT,TESTS,50,31,2457600
902,C,33433722,C++14 (GCC 6-32),WRONG_ANSWER,6433,1513704134,HunTer,CONTESTANT,PRETESTS,6,15,3481600
902,A,33416330,GNU C++,WRONG_ANSWER,841,1513698541,HunterYH,CONTESTANT,PRETESTS,3,0,2048000
902,A,33417563,GNU C++,WRONG_ANSWER,1042,1513698742,HunterYH,CONTESTANT,PRETESTS,3,15,2048000
902,A,33418177,GNU C++,WRONG_ANSWER,1146,1513698846,HunterYH,CONTESTANT,PRETESTS,0,15,2048000
902,A,33418491,GNU C++,OK,1201,1513698901,HunterYH,CONTESTANT,TESTS,55,15,2048000
902,B,33422915,GNU C++,OK,2240,1513699940,HunterYH,CONTESTANT,TESTS,50,15,2662400
902,C,33426743,GNU C++,WRONG_ANSWER,3413,1513701113,HunterYH,CONTESTANT,PRETESTS,4,15,3276800
902,C,33427718,GNU C++,OK,3775,1513701476,HunterYH,CONTESTANT,TESTS,45,108,3276800
902,A,33418663,GNU C++11,CHALLENGED,1235,1513698935,Husayn,CONTESTANT,CHALLENGES,8,15,2048000
902,B,33428460,GNU C++11,WRONG_ANSWER,4056,1513701756,Husayn,CONTESTANT,PRETESTS,9,31,2355200
902,A,33412877,C++14 (GCC 6-32),WRONG_ANSWER,266,1513697976,Husniddin351,CONTESTANT,PRETESTS,2,15,1843200
902,A,33413702,C++14 (GCC 6-32),WRONG_ANSWER,429,1513698140,Husniddin351,CONTESTANT,PRETESTS,2,0,1945600
902,A,33415824,C++14 (GCC 6-32),TIME_LIMIT_EXCEEDED,757,1513698467,Husniddin351,CONTESTANT,PRETESTS,2,1000,2048000
902,A,33416687,C++14 (GCC 6-32),WRONG_ANSWER,886,1513698596,Husniddin351,CONTESTANT,TESTS,11,0,2048000
902,B,33422924,C++14 (GCC 6-32),OK,2233,1513699943,Husniddin351,CONTESTANT,TESTS,50,218,2457600
902,A,33413847,GNU C++11,OK,452,1513698162,Huvok,CONTESTANT,TESTS,55,15,2048000
902,B,33420260,GNU C++11,WRONG_ANSWER,1560,1513699270,Huvok,CONTESTANT,PRETESTS,4,0,3072000
902,B,33421059,GNU C++11,WRONG_ANSWER,1749,1513699459,Huvok,CONTESTANT,PRETESTS,4,31,3174400
902,B,33421872,GNU C++11,OK,1947,1513699658,Huvok,CONTESTANT,TESTS,50,280,3379200
902,C,33427990,GNU C++11,WRONG_ANSWER,3861,1513701572,Huvok,CONTESTANT,PRETESTS,1,0,6860800
902,C,33428632,GNU C++11,WRONG_ANSWER,4121,1513701832,Huvok,CONTESTANT,TESTS,37,93,6860800
902,A,33418638,GNU C++11,OK,1219,1513698930,Hydsoled,CONTESTANT,TESTS,55,15,2048000
902,A,33427035,GNU C,COMPILATION_ERROR,3519,1513701219,HyperNeutrino,CONTESTANT,PRETESTS,0,0,0
902,A,33427438,Python 3,RUNTIME_ERROR,3670,1513701370,HyperNeutrino,CONTESTANT,PRETESTS,2,46,5632000
902,A,33427873,PyPy 3,RUNTIME_ERROR,3828,1513701528,HyperNeutrino,CONTESTANT,PRETESTS,2,93,23142400
902,A,33423645,GNU C++11,OK,2445,1513700145,IAmTheDanger,CONTESTANT,TESTS,55,15,2048000
902,A,33415816,GNU C++11,OK,766,1513698466,ICMonster,CONTESTANT,TESTS,55,30,2048000
902,B,33428230,GNU C++11,OK,3965,1513701665,ICMonster,CONTESTANT,TESTS,50,46,2662400
902,A,33414088,Java 8,OK,502,1513698202,IDzekh,CONTESTANT,TESTS,55,124,20684800
902,B,33418995,Java 8,OK,1307,1513699007,IDzekh,CONTESTANT,TESTS,50,140,20787200
902,C,33427723,Java 8,OK,3778,1513701478,IDzekh,CONTESTANT,TESTS,45,218,20787200
902,A,33417145,GNU C++11,WRONG_ANSWER,971,1513698671,IGoodGreenA,CONTESTANT,PRETESTS,0,15,3891200
902,A,33417920,GNU C++11,OK,1104,1513698804,IGoodGreenA,CONTESTANT,TESTS,55,15,3891200
902,C,33428405,GNU C++11,OK,4035,1513701735,IGoodGreenA,CONTESTANT,TESTS,45,249,2457600
902,B,33431366,GNU C++11,OK,5294,1513702994,IGoodGreenA,CONTESTANT,TESTS,50,30,2560000
902,A,33418221,GNU C++,WRONG_ANSWER,1153,1513698853,IHaveBeenToldWhatToDo,CONTESTANT,PRETESTS,6,15,2048000
902,B,33421711,GNU C++,OK,1918,1513699618,IHaveBeenToldWhatToDo,CONTESTANT,TESTS,50,31,2560000
902,A,33423770,GNU C++,WRONG_ANSWER,2485,1513700185,IHaveBeenToldWhatToDo,CONTESTANT,PRETESTS,2,15,2048000
902,A,33424066,GNU C++,WRONG_ANSWER,2561,1513700261,IHaveBeenToldWhatToDo,CONTESTANT,PRETESTS,2,0,2048000
902,A,33424196,GNU C++,OK,2595,1513700295,IHaveBeenToldWhatToDo,CONTESTANT,TESTS,55,31,3379200
902,A,33413806,C++14 (GCC 6-32),OK,456,1513698156,IKindmanI,CONTESTANT,TESTS,55,15,4300800
902,B,33418643,C++14 (GCC 6-32),OK,1230,1513698930,IKindmanI,CONTESTANT,TESTS,50,218,9523200
902,C,33425415,C++14 (GCC 6-32),WRONG_ANSWER,2967,1513700667,IKindmanI,CONTESTANT,PRETESTS,8,15,3072000
902,C,33427312,C++14 (GCC 6-32),OK,3631,1513701331,IKindmanI,CONTESTANT,TESTS,45,77,3072000
902,A,33414786,C++14 (GCC 6-32),OK,611,1513698311,ILPOG,CONTESTANT,TESTS,55,15,1945600
902,B,33419864,C++14 (GCC 6-32),OK,1482,1513699182,ILPOG,CONTESTANT,TESTS,50,15,6553600
902,C,33424338,C++14 (GCC 6-32),WRONG_ANSWER,2634,1513700334,ILPOG,CONTESTANT,PRETESTS,1,15,3481600
902,C,33424755,C++14 (GCC 6-32),WRONG_ANSWER,2760,1513700460,ILPOG,CONTESTANT,PRETESTS,1,0,3481600
902,C,33426674,C++14 (GCC 6-32),WRONG_ANSWER,3390,1513701090,ILPOG,CONTESTANT,PRETESTS,1,0,3481600
902,C,33429821,C++14 (GCC 6-32),WRONG_ANSWER,4624,1513702324,ILPOG,CONTESTANT,PRETESTS,6,15,3481600
902,C,33430669,C++14 (GCC 6-32),OK,4980,1513702680,ILPOG,CONTESTANT,TESTS,45,77,5120000
902,A,33412924,Java 8,OK,292,1513697992,ILoveBitches,CONTESTANT,TESTS,55,124,20684800
902,B,33417901,Java 8,OK,1101,1513698801,ILoveBitches,CONTESTANT,TESTS,50,280,20787200
902,C,33429416,Java 8,OK,4449,1513702149,ILoveBitches,CONTESTANT,TESTS,45,202,20787200
902,A,33413752,C++14 (GCC 6-32),WRONG_ANSWER,447,1513698147,ILoveDoraemon,CONTESTANT,PRETESTS,2,15,1945600
902,A,33415062,C++14 (GCC 6-32),WRONG_ANSWER,656,1513698356,ILoveDoraemon,CONTESTANT,PRETESTS,2,0,1843200
902,A,33420882,C++14 (GCC 6-32),CHALLENGED,1716,1513699416,ILoveDoraemon,CONTESTANT,CHALLENGES,8,15,1945600
902,A,33413820,GNU C++11,OK,458,1513698158,IMANGALITE,CONTESTANT,TESTS,55,15,7475200
902,B,33417300,GNU C++11,SKIPPED,999,1513698699,IMANGALITE,CONTESTANT,PRETESTS,10,15,2457600
902,C,33424660,C++14 (GCC 6-32),WRONG_ANSWER,2721,1513700432,IMANGALITE,CONTESTANT,PRETESTS,1,15,4300800
902,C,33429657,C++14 (GCC 6-32),WRONG_ANSWER,4544,1513702254,IMANGALITE,CONTESTANT,PRETESTS,1,15,3481600
902,C,33430573,GNU C++11,OK,4935,1513702635,IMANGALITE,CONTESTANT,TESTS,45,249,6553600
902,B,33430750,GNU C++11,OK,5016,1513702716,IMANGALITE,CONTESTANT,TESTS,50,249,2560000
902,A,33417701,MS C++,WRONG_ANSWER,1066,1513698766,INTECH,CONTESTANT,PRETESTS,2,15,2048000
902,A,33418404,MS C++,WRONG_ANSWER,1185,1513698885,INTECH,CONTESTANT,PRETESTS,2,15,2048000
902,A,33423038,MS C++,WRONG_ANSWER,2272,1513699972,INTECH,CONTESTANT,PRETESTS,0,0,2048000
902,A,33424051,MS C++,WRONG_ANSWER,2558,1513700258,INTECH,CONTESTANT,PRETESTS,0,0,2048000
902,A,33425373,MS C++,WRONG_ANSWER,2951,1513700651,INTECH,CONTESTANT,PRETESTS,0,0,2048000
902,A,33429104,MS C++,WRONG_ANSWER,4320,1513702020,INTECH,CONTESTANT,PRETESTS,0,0,2048000
902,A,33429651,MS C++,WRONG_ANSWER,4552,1513702252,INTECH,CONTESTANT,PRETESTS,0,0,2048000
902,A,33430957,MS C++,WRONG_ANSWER,5094,1513702794,INTECH,CONTESTANT,PRETESTS,2,0,2048000
902,A,33431312,MS C++,WRONG_ANSWER,5267,1513702967,INTECH,CONTESTANT,PRETESTS,2,15,2048000
902,A,33434109,MS C++,WRONG_ANSWER,6630,1513704330,INTECH,CONTESTANT,PRETESTS,2,15,2048000
902,A,33418581,C++14 (GCC 6-32),WRONG_ANSWER,1219,1513698919,IT_14007,CONTESTANT,PRETESTS,3,15,1843200
902,A,33419484,C++14 (GCC 6-32),OK,1404,1513699104,IT_14007,CONTESTANT,TESTS,55,15,1945600
902,A,33414401,C++14 (GCC 6-32),WRONG_ANSWER,551,1513698251,IT_MACHINE,CONTESTANT,PRETESTS,0,0,1843200
902,A,33416384,C++14 (GCC 6-32),OK,847,1513698547,IT_MACHINE,CONTESTANT,TESTS,55,15,2048000
902,B,33421399,C++14 (GCC 6-32),OK,1840,1513699540,IT_MACHINE,CONTESTANT,TESTS,50,31,2457600
902,C,33427715,C++14 (GCC 6-32),WRONG_ANSWER,3774,1513701474,IT_MACHINE,CONTESTANT,TESTS,37,109,2355200
902,A,33430030,GNU C++,WRONG_ANSWER,4709,1513702409,I_Am_Bad,CONTESTANT,TESTS,11,15,2048000
902,B,33418527,C++14 (GCC 6-32),OK,1209,1513698909,I_Love_CardiB,CONTESTANT,TESTS,50,15,4505600
902,C,33425519,C++14 (GCC 6-32),WRONG_ANSWER,2997,1513700697,I_Love_CardiB,CONTESTANT,PRETESTS,1,15,7884800
902,C,33426141,C++14 (GCC 6-32),WRONG_ANSWER,3201,1513700901,I_Love_CardiB,CONTESTANT,PRETESTS,5,15,7884800
902,C,33429676,C++14 (GCC 6-32),WRONG_ANSWER,4561,1513702261,I_Love_CardiB,CONTESTANT,PRETESTS,0,15,7884800
902,C,33429748,C++14 (GCC 6-32),OK,4592,1513702292,I_Love_CardiB,CONTESTANT,TESTS,45,93,10137600
902,A,33430877,C++14 (GCC 6-32),OK,5064,1513702764,I_Love_CardiB,CONTESTANT,TESTS,55,15,9011200
902,A,33413047,C++14 (GCC 6-32),OK,318,1513698018,I_Love_Equinox,CONTESTANT,TESTS,55,15,1945600
902,B,33416726,C++14 (GCC 6-32),OK,903,1513698603,I_Love_Equinox,CONTESTANT,TESTS,50,15,2560000
902,C,33424296,C++14 (GCC 6-32),OK,2625,1513700325,I_Love_Equinox,CONTESTANT,TESTS,45,109,3891200
902,D,33434114,C++14 (GCC 6-32),WRONG_ANSWER,6631,1513704331,I_Love_Equinox,CONTESTANT,PRETESTS,1,15,2048000
902,D,33434608,C++14 (GCC 6-32),WRONG_ANSWER,6848,1513704548,I_Love_Equinox,CONTESTANT,PRETESTS,2,15,2048000
902,A,33413999,C++14 (GCC 6-32),WRONG_ANSWER,488,1513698188,I_Love_Mohan_Pyare,CONTESTANT,PRETESTS,4,15,1945600
902,A,33415035,C++14 (GCC 6-32),WRONG_ANSWER,652,1513698352,I_Love_Mohan_Pyare,CONTESTANT,PRETESTS,4,15,1945600
902,B,33420696,C++14 (GCC 6-32),OK,1671,1513699371,I_Love_Mohan_Pyare,CONTESTANT,TESTS,50,15,5222400
902,A,33423031,C++14 (GCC 6-32),WRONG_ANSWER,2271,1513699971,I_Love_Mohan_Pyare,CONTESTANT,PRETESTS,5,15,2662400
902,A,33424143,C++14 (GCC 6-32),OK,2583,1513700283,I_Love_Mohan_Pyare,CONTESTANT,TESTS,55,30,2662400
902,C,33431072,C++14 (GCC 6-32),WRONG_ANSWER,5151,1513702851,I_Love_Mohan_Pyare,CONTESTANT,PRETESTS,1,0,6656000
902,C,33431833,C++14 (GCC 6-32),WRONG_ANSWER,5535,1513703235,I_Love_Mohan_Pyare,CONTESTANT,PRETESTS,3,15,6656000
902,C,33434143,C++14 (GCC 6-32),WRONG_ANSWER,6644,1513704344,I_Love_Mohan_Pyare,CONTESTANT,PRETESTS,4,15,6656000
902,C,33435484,C++14 (GCC 6-32),WRONG_ANSWER,7160,1513704860,I_Love_Mohan_Pyare,CONTESTANT,PRETESTS,4,15,6656000
902,A,33420502,GNU C,COMPILATION_ERROR,1625,1513699325,I_Love_Mousumi,CONTESTANT,PRETESTS,0,0,0
902,A,33420673,C++14 (GCC 6-32),WRONG_ANSWER,1666,1513699366,I_Love_Mousumi,CONTESTANT,PRETESTS,2,15,1945600
902,A,33420963,C++14 (GCC 6-32),WRONG_ANSWER,1735,1513699435,I_Love_Mousumi,CONTESTANT,PRETESTS,2,15,1945600
902,A,33421285,C++14 (GCC 6-32),WRONG_ANSWER,1815,1513699515,I_Love_Mousumi,CONTESTANT,PRETESTS,2,15,1945600
902,A,33422018,C++14 (GCC 6-32),WRONG_ANSWER,1998,1513699698,I_Love_Mousumi,CONTESTANT,PRETESTS,1,15,1945600
902,A,33423489,C++14 (GCC 6-32),OK,2402,1513700102,I_Love_Mousumi,CONTESTANT,TESTS,55,15,1945600
902,B,33425334,C++14 (GCC 6-32),OK,2940,1513700640,I_Love_Mousumi,CONTESTANT,TESTS,50,46,2457600
902,A,33417204,C++14 (GCC 6-32),WRONG_ANSWER,983,1513698683,I_Love_Nidhi_Gupta,CONTESTANT,PRETESTS,2,15,9932800
902,B,33423609,C++14 (GCC 6-32),WRONG_ANSWER,2433,1513700134,I_Love_Nidhi_Gupta,CONTESTANT,PRETESTS,5,15,22425600
902,B,33426427,C++14 (GCC 6-32),OK,3297,1513700997,I_Love_Nidhi_Gupta,CONTESTANT,TESTS,50,31,22630400
902,C,33431869,C++14 (GCC 6-32),WRONG_ANSWER,5554,1513703254,I_Love_Nidhi_Gupta,CONTESTANT,PRETESTS,0,0,9932800
902,C,33432077,C++14 (GCC 6-32),WRONG_ANSWER,5649,1513703349,I_Love_Nidhi_Gupta,CONTESTANT,PRETESTS,1,15,9932800
902,C,33433727,C++14 (GCC 6-32),WRONG_ANSWER,6436,1513704136,I_Love_Nidhi_Gupta,CONTESTANT,PRETESTS,3,15,17920000
902,C,33434236,C++14 (GCC 6-32),WRONG_ANSWER,6686,1513704386,I_Love_Nidhi_Gupta,CONTESTANT,PRETESTS,3,15,17920000
902,A,33414487,FPC,OK,564,1513698264,I_Love_Phuong_Linh,CONTESTANT,TESTS,55,15,1638400
902,B,33419708,FPC,WRONG_ANSWER,1450,1513699150,I_Love_Phuong_Linh,CONTESTANT,PRETESTS,3,0,2355200
902,A,33412711,GNU C++,WRONG_ANSWER,211,1513697911,I_Love_Zzq,CONTESTANT,PRETESTS,2,15,2048000
902,A,33413482,GNU C++,WRONG_ANSWER,399,1513698099,I_Love_Zzq,CONTESTANT,PRETESTS,2,15,2048000
902,A,33414904,GNU C++,WRONG_ANSWER,631,1513698331,I_Love_Zzq,CONTESTANT,TESTS,41,15,2048000
902,A,33416136,C++14 (GCC 6-32),OK,812,1513698512,I_Scream_4_Icecream,CONTESTANT,TESTS,55,15,1945600
902,B,33421169,C++14 (GCC 6-32),OK,1786,1513699486,I_Scream_4_Icecream,CONTESTANT,TESTS,50,31,2560000
902,A,33416774,GNU C++11,WRONG_ANSWER,912,1513698612,I_am_Champion,CONTESTANT,PRETESTS,2,15,2048000
902,A,33417958,GNU C++11,WRONG_ANSWER,1110,1513698810,I_am_Champion,CONTESTANT,PRETESTS,2,15,2048000
902,A,33419415,GNU C++11,COMPILATION_ERROR,1390,1513699090,I_am_Champion,CONTESTANT,PRETESTS,0,0,0
902,A,33419605,GNU C++11,OK,1432,1513699132,I_am_Champion,CONTESTANT,TESTS,55,15,2048000
902,B,33425015,GNU C++11,OK,2834,1513700534,I_am_Champion,CONTESTANT,TESTS,50,31,4915200
902,A,33421334,C++14 (GCC 6-32),OK,1816,1513699526,I_am_Heisenberg,CONTESTANT,TESTS,55,15,6656000
902,B,33429118,C++14 (GCC 6-32),OK,4314,1513702024,I_am_Heisenberg,CONTESTANT,TESTS,50,15,2867200
902,A,33417671,C++14 (GCC 6-32),WRONG_ANSWER,1062,1513698762,I_love_Alexandrina,CONTESTANT,PRETESTS,3,15,2048000
902,A,33418489,C++14 (GCC 6-32),WRONG_ANSWER,1201,1513698901,I_love_Alexandrina,CONTESTANT,PRETESTS,3,15,2048000
902,A,33419107,C++14 (GCC 6-32),OK,1334,1513699034,I_love_Alexandrina,CONTESTANT,TESTS,55,15,2048000
902,B,33425939,C++14 (GCC 6-32),RUNTIME_ERROR,3131,1513700831,I_love_Alexandrina,CONTESTANT,PRETESTS,5,15,2048000
902,B,33426167,C++14 (GCC 6-32),OK,3211,1513700911,I_love_Alexandrina,CONTESTANT,TESTS,50,46,2560000
902,C,33432537,C++14 (GCC 6-32),WRONG_ANSWER,5889,1513703589,I_love_Alexandrina,CONTESTANT,PRETESTS,5,15,2662400
902,C,33433641,C++14 (GCC 6-32),WRONG_ANSWER,6401,1513704101,I_love_Alexandrina,CONTESTANT,PRETESTS,5,0,2662400
902,A,33413332,GNU C++11,OK,372,1513698072,I_love_Captain_America,CONTESTANT,TESTS,55,15,2048000
902,B,33416128,GNU C++11,OK,811,1513698511,I_love_Captain_America,CONTESTANT,TESTS,50,31,2867200
902,C,33426601,GNU C++11,RUNTIME_ERROR,3362,1513701062,I_love_Captain_America,CONTESTANT,PRETESTS,4,15,3686400
902,C,33426794,GNU C++11,RUNTIME_ERROR,3433,1513701133,I_love_Captain_America,CONTESTANT,PRETESTS,4,30,8499200
902,C,33427824,GNU C++11,WRONG_ANSWER,3811,1513701511,I_love_Captain_America,CONTESTANT,PRETESTS,5,15,8499200
902,C,33431401,GNU C++11,OK,5312,1513703012,I_love_Captain_America,CONTESTANT,TESTS,45,233,8499200
902,A,33413536,GNU C++11,OK,410,1513698110,I_love_Inori_Yuzuriha,CONTESTANT,TESTS,55,15,2048000
902,B,33423063,GNU C++11,WRONG_ANSWER,2280,1513699980,I_love_Inori_Yuzuriha,CONTESTANT,PRETESTS,5,15,2048000
902,B,33423435,GNU C++11,WRONG_ANSWER,2386,1513700086,I_love_Inori_Yuzuriha,CONTESTANT,PRETESTS,5,15,2048000
902,B,33428417,GNU C++11,OK,4041,1513701741,I_love_Inori_Yuzuriha,CONTESTANT,TESTS,50,31,2150400
902,A,33414365,Java 8,OK,534,1513698244,I_love_Malika,CONTESTANT,TESTS,55,140,20684800
902,B,33418274,Java 8,OK,1153,1513698864,I_love_Malika,CONTESTANT,TESTS,50,155,20787200
902,C,33424607,Java 8,WRONG_ANSWER,2706,1513700417,I_love_Malika,CONTESTANT,PRETESTS,1,124,20684800
902,C,33427343,Java 8,OK,3629,1513701340,I_love_Malika,CONTESTANT,TESTS,45,233,20787200
902,D,33433504,Java 8,WRONG_ANSWER,6323,1513704034,I_love_Malika,CONTESTANT,PRETESTS,2,124,20582400
902,D,33435050,Java 8,WRONG_ANSWER,7009,1513704720,I_love_Malika,CONTESTANT,PRETESTS,2,108,20582400
902,A,33416536,C++14 (GCC 6-32),WRONG_ANSWER,873,1513698573,I_love_Mikasa_Ackerman,CONTESTANT,PRETESTS,3,15,2048000
902,A,33417072,C++14 (GCC 6-32),WRONG_ANSWER,957,1513698657,I_love_Mikasa_Ackerman,CONTESTANT,TESTS,47,30,2048000
902,B,33422877,C++14 (GCC 6-32),OK,2228,1513699928,I_love_Mikasa_Ackerman,CONTESTANT,TESTS,50,218,4403200
902,C,33429509,C++14 (GCC 6-32),OK,4489,1513702189,I_love_Mikasa_Ackerman,CONTESTANT,TESTS,45,93,2252800
902,A,33415013,C++14 (GCC 6-32),WRONG_ANSWER,648,1513698348,I_love_NhiChit,CONTESTANT,PRETESTS,2,15,1843200
902,A,33418740,C++14 (GCC 6-32),WRONG_ANSWER,1251,1513698951,I_love_NhiChit,CONTESTANT,PRETESTS,2,15,1843200
902,A,33419081,C++14 (GCC 6-32),WRONG_ANSWER,1327,1513699027,I_love_NhiChit,CONTESTANT,PRETESTS,2,15,1843200
902,A,33419665,C++14 (GCC 6-32),WRONG_ANSWER,1443,1513699143,I_love_NhiChit,CONTESTANT,PRETESTS,2,0,1843200
902,A,33420309,C++14 (GCC 6-32),WRONG_ANSWER,1579,1513699279,I_love_NhiChit,CONTESTANT,PRETESTS,3,15,1945600
902,A,33420762,C++14 (GCC 6-32),CHALLENGED,1690,1513699390,I_love_NhiChit,CONTESTANT,CHALLENGES,8,15,1945600
902,B,33425144,C++14 (GCC 6-32),OK,2874,1513700574,I_love_NhiChit,CONTESTANT,TESTS,50,31,2560000
902,C,33431750,C++14 (GCC 6-32),WRONG_ANSWER,5489,1513703189,I_love_NhiChit,CONTESTANT,PRETESTS,5,15,1945600
902,C,33431836,C++14 (GCC 6-32),WRONG_ANSWER,5538,1513703238,I_love_NhiChit,CONTESTANT,PRETESTS,5,0,2662400
902,A,33432410,C++14 (GCC 6-32),WRONG_ANSWER,5819,1513703519,I_love_NhiChit,CONTESTANT,CHALLENGES,0,15,1945600
902,A,33432640,C++14 (GCC 6-32),WRONG_ANSWER,5939,1513703639,I_love_NhiChit,CONTESTANT,CHALLENGES,0,15,1843200
902,A,33433578,C++14 (GCC 6-32),OK,6371,1513704071,I_love_NhiChit,CONTESTANT,TESTS,55,15,1945600
902,C,33435206,C++14 (GCC 6-32),OK,7073,1513704773,I_love_NhiChit,CONTESTANT,TESTS,45,93,2662400
902,A,33414990,C++14 (GCC 6-32),OK,645,1513698345,I_love_ProParThinkNot,CONTESTANT,TESTS,55,15,2150400
902,B,33419173,C++14 (GCC 6-32),OK,1345,1513699045,I_love_ProParThinkNot,CONTESTANT,TESTS,50,15,2457600
902,C,33427646,C++14 (GCC 6-32),WRONG_ANSWER,3746,1513701446,I_love_ProParThinkNot,CONTESTANT,PRETESTS,1,0,5939200
902,C,33427795,C++14 (GCC 6-32),WRONG_ANSWER,3803,1513701503,I_love_ProParThinkNot,CONTESTANT,PRETESTS,1,15,5939200
902,C,33429153,C++14 (GCC 6-32),WRONG_ANSWER,4339,1513702039,I_love_ProParThinkNot,CONTESTANT,PRETESTS,3,15,5939200
902,C,33429667,C++14 (GCC 6-32),WRONG_ANSWER,4558,1513702258,I_love_ProParThinkNot,CONTESTANT,PRETESTS,7,15,5939200
902,C,33431503,C++14 (GCC 6-32),OK,5364,1513703064,I_love_ProParThinkNot,CONTESTANT,TESTS,45,124,5939200
902,A,33418400,GNU C++11,WRONG_ANSWER,1184,1513698884,I_love_Thuy_Linh,CONTESTANT,TESTS,47,15,2048000
902,B,33430056,GNU C++11,WRONG_ANSWER,4722,1513702422,I_love_Thuy_Linh,CONTESTANT,PRETESTS,6,15,2457600
902,B,33430325,GNU C++11,OK,4832,1513702532,I_love_Thuy_Linh,CONTESTANT,TESTS,50,30,2560000
902,A,33418629,C++14 (GCC 6-32),COMPILATION_ERROR,1217,1513698927,I_love_hyumasik_pivasik,CONTESTANT,PRETESTS,0,0,0
902,A,33419073,C++14 (GCC 6-32),COMPILATION_ERROR,1315,1513699026,I_love_hyumasik_pivasik,CONTESTANT,PRETESTS,0,0,0
902,A,33419555,C++14 (GCC 6-32),COMPILATION_ERROR,1412,1513699123,I_love_hyumasik_pivasik,CONTESTANT,PRETESTS,0,0,0
902,A,33419878,C++14 (GCC 6-32),WRONG_ANSWER,1475,1513699185,I_love_hyumasik_pivasik,CONTESTANT,PRETESTS,0,15,1843200
902,A,33420686,C++14 (GCC 6-32),WRONG_ANSWER,1658,1513699369,I_love_hyumasik_pivasik,CONTESTANT,PRETESTS,0,0,1945600
902,A,33421490,C++14 (GCC 6-32),WRONG_ANSWER,1856,1513699566,I_love_hyumasik_pivasik,CONTESTANT,PRETESTS,0,15,1945600
902,A,33421996,C++14 (GCC 6-32),WRONG_ANSWER,1982,1513699692,I_love_hyumasik_pivasik,CONTESTANT,PRETESTS,0,15,1843200
902,A,33422375,C++14 (GCC 6-32),WRONG_ANSWER,2079,1513699789,I_love_hyumasik_pivasik,CONTESTANT,PRETESTS,0,0,1843200
902,A,33424339,C++14 (GCC 6-32),WRONG_ANSWER,2624,1513700334,I_love_hyumasik_pivasik,CONTESTANT,PRETESTS,0,0,1843200
902,A,33424970,C++14 (GCC 6-32),WRONG_ANSWER,2810,1513700521,I_love_hyumasik_pivasik,CONTESTANT,PRETESTS,0,15,1843200
902,A,33427120,C++14 (GCC 6-32),WRONG_ANSWER,3539,1513701250,I_love_hyumasik_pivasik,CONTESTANT,PRETESTS,0,15,1945600
902,A,33428086,C++14 (GCC 6-32),WRONG_ANSWER,3899,1513701609,I_love_hyumasik_pivasik,CONTESTANT,PRETESTS,0,0,1843200
902,A,33428820,C++14 (GCC 6-32),WRONG_ANSWER,4198,1513701908,I_love_hyumasik_pivasik,CONTESTANT,PRETESTS,0,0,1843200
902,A,33431931,C++14 (GCC 6-32),WRONG_ANSWER,5571,1513703281,I_love_hyumasik_pivasik,CONTESTANT,PRETESTS,0,0,1843200
902,A,33414915,C++14 (GCC 6-32),WRONG_ANSWER,632,1513698332,I_love_myself,CONTESTANT,PRETESTS,4,0,1843200
902,A,33415564,C++14 (GCC 6-32),WRONG_ANSWER,730,1513698430,I_love_myself,CONTESTANT,PRETESTS,4,15,1843200
902,A,33418959,C++14 (GCC 6-32),WRONG_ANSWER,1298,1513698998,I_love_myself,CONTESTANT,PRETESTS,4,15,1843200
902,B,33423288,C++14 (GCC 6-32),OK,2349,1513700049,I_love_myself,CONTESTANT,TESTS,50,217,2457600
902,A,33424168,C++14 (GCC 6-32),OK,2589,1513700289,I_love_myself,CONTESTANT,TESTS,55,15,1945600
902,C,33429279,C++14 (GCC 6-32),WRONG_ANSWER,4389,1513702089,I_love_myself,CONTESTANT,PRETESTS,4,0,1843200
902,C,33429581,C++14 (GCC 6-32),WRONG_ANSWER,4523,1513702223,I_love_myself,CONTESTANT,PRETESTS,4,0,1843200
902,C,33431181,C++14 (GCC 6-32),OK,5207,1513702907,I_love_myself,CONTESTANT,TESTS,45,93,2662400
902,A,33422465,GNU C++11,OK,2116,1513699816,I_love_to_eat,CONTESTANT,TESTS,55,15,2048000
902,B,33427719,GNU C++11,OK,3776,1513701476,I_love_to_eat,CONTESTANT,TESTS,50,15,4403200
902,A,33420262,C++14 (GCC 6-32),OK,1571,1513699271,IamKOALA,CONTESTANT,TESTS,55,15,1945600
902,B,33428509,C++14 (GCC 6-32),OK,4079,1513701779,IamKOALA,CONTESTANT,TESTS,50,31,2457600
902,A,33421223,GNU C++11,WRONG_ANSWER,1798,1513699498,Iamhussam,CONTESTANT,PRETESTS,0,15,2048000
902,A,33422514,GNU C++11,WRONG_ANSWER,2129,1513699829,Iamhussam,CONTESTANT,PRETESTS,4,15,2048000
902,A,33425292,GNU C++11,WRONG_ANSWER,2923,1513700623,Iamhussam,CONTESTANT,PRETESTS,4,15,2048000
902,A,33414101,C++14 (GCC 6-32),WRONG_ANSWER,504,1513698204,Ibrahim_Magdy,CONTESTANT,PRETESTS,2,15,1945600
902,A,33415212,C++14 (GCC 6-32),WRONG_ANSWER,678,1513698378,Ibrahim_Magdy,CONTESTANT,PRETESTS,2,15,1843200
902,A,33418370,C++14 (GCC 6-32),WRONG_ANSWER,1179,1513698879,Ibrahim_Magdy,CONTESTANT,PRETESTS,1,15,1945600
902,A,33421209,C++14 (GCC 6-32),OK,1796,1513699496,Ibrahim_Magdy,CONTESTANT,TESTS,55,15,1945600
902,B,33430589,C++14 (GCC 6-32),OK,4942,1513702642,Ibrahim_Magdy,CONTESTANT,TESTS,50,46,2355200
902,A,33412679,C++14 (GCC 6-32),WRONG_ANSWER,186,1513697886,IceKnight1093,CONTESTANT,PRETESTS,2,15,1843200
902,A,33414087,C++14 (GCC 6-32),WRONG_ANSWER,502,1513698202,IceKnight1093,CONTESTANT,TESTS,48,15,1945600
902,B,33420190,C++14 (GCC 6-32),OK,1556,1513699256,IceKnight1093,CONTESTANT,TESTS,50,31,2867200
902,C,33424852,C++14 (GCC 6-32),WRONG_ANSWER,2785,1513700486,IceKnight1093,CONTESTANT,PRETESTS,3,15,1945600
902,C,33426502,C++14 (GCC 6-32),WRONG_ANSWER,3323,1513701023,IceKnight1093,CONTESTANT,PRETESTS,3,15,1945600
902,C,33427145,C++14 (GCC 6-32),OK,3561,1513701261,IceKnight1093,CONTESTANT,TESTS,45,140,3788800
902,A,33415630,C++14 (GCC 6-32),RUNTIME_ERROR,737,1513698437,Icgapux,CONTESTANT,PRETESTS,3,15,1843200
902,A,33416367,GNU C++11,OK,845,1513698545,Icgapux,CONTESTANT,TESTS,55,15,2048000
902,B,33421622,GNU C++11,OK,1895,1513699595,Icgapux,CONTESTANT,TESTS,50,31,2560000
902,A,33420302,C++14 (GCC 6-32),WRONG_ANSWER,1578,1513699278,IfElze,CONTESTANT,PRETESTS,2,15,1843200
902,A,33421018,C++14 (GCC 6-32),WRONG_ANSWER,1750,1513699450,IfElze,CONTESTANT,PRETESTS,2,15,1843200
902,A,33422642,C++14 (GCC 6-32),OK,2165,1513699865,IfElze,CONTESTANT,TESTS,55,15,1945600
902,A,33412762,GNU C++11,WRONG_ANSWER,223,1513697934,IhateProgramming,CONTESTANT,PRETESTS,4,15,2048000
902,A,33413096,GNU C++11,OK,319,1513698029,IhateProgramming,CONTESTANT,TESTS,55,15,2048000
902,B,33415645,GNU C++11,OK,740,1513698440,IhateProgramming,CONTESTANT,TESTS,50,31,2560000
902,C,33425749,GNU C++11,WRONG_ANSWER,3062,1513700772,IhateProgramming,CONTESTANT,PRETESTS,1,0,3686400
902,D,33429889,GNU C++11,WRONG_ANSWER,4636,1513702346,IhateProgramming,CONTESTANT,PRETESTS,0,15,2048000
902,C,33419305,C++14 (GCC 6-32),WRONG_ANSWER,1369,1513699069,ImNotStupid,CONTESTANT,PRETESTS,1,15,9113600
902,A,33419503,C++14 (GCC 6-32),WRONG_ANSWER,1409,1513699109,ImNotStupid,CONTESTANT,PRETESTS,1,0,1843200
902,A,33419726,C++14 (GCC 6-32),COMPILATION_ERROR,1453,1513699153,ImNotStupid,CONTESTANT,PRETESTS,0,0,0
902,A,33419815,C++14 (GCC 6-32),COMPILATION_ERROR,1472,1513699172,ImNotStupid,CONTESTANT,PRETESTS,0,0,0
902,A,33419922,C++14 (GCC 6-32),WRONG_ANSWER,1495,1513699195,ImNotStupid,CONTESTANT,PRETESTS,5,15,1945600
902,C,33420071,C++14 (GCC 6-32),WRONG_ANSWER,1529,1513699229,ImNotStupid,CONTESTANT,PRETESTS,1,15,9113600
902,C,33420591,C++14 (GCC 6-32),COMPILATION_ERROR,1646,1513699346,ImNotStupid,CONTESTANT,PRETESTS,0,0,0
902,C,33420797,C++14 (GCC 6-32),RUNTIME_ERROR,1698,1513699398,ImNotStupid,CONTESTANT,TESTS,13,109,2662400
902,B,33422693,C++14 (GCC 6-32),WRONG_ANSWER,2180,1513699880,ImNotStupid,CONTESTANT,PRETESTS,0,15,2457600
902,A,33422949,C++14 (GCC 6-32),OK,2247,1513699947,ImNotStupid,CONTESTANT,TESTS,55,15,1945600
902,B,33424744,C++14 (GCC 6-32),OK,2757,1513700457,ImNotStupid,CONTESTANT,TESTS,50,31,2560000
902,A,33415993,C++14 (GCC 6-32),OK,791,1513698491,Im_Coder,CONTESTANT,TESTS,55,15,1945600
902,B,33427836,C++14 (GCC 6-32),OK,3814,1513701514,Im_Coder,CONTESTANT,TESTS,50,31,6041600
902,A,33425412,FPC,WRONG_ANSWER,2955,1513700665,ImanKz,CONTESTANT,PRETESTS,2,0,1638400
902,A,33426470,Delphi,WRONG_ANSWER,3300,1513701011,ImanKz,CONTESTANT,PRETESTS,2,15,2560000
902,A,33429122,Delphi,WRONG_ANSWER,4316,1513702026,ImanKz,CONTESTANT,PRETESTS,2,15,2560000
902,A,33414499,C++14 (GCC 6-32),WRONG_ANSWER,555,1513698266,ImanMousaei,CONTESTANT,PRETESTS,2,0,1945600
902,A,33425342,C++14 (GCC 6-32),OK,2933,1513700643,ImanMousaei,CONTESTANT,TESTS,55,15,1945600
902,B,33428357,C++14 (GCC 6-32),OK,4003,1513701713,ImanMousaei,CONTESTANT,TESTS,50,46,2560000
902,C,33433690,C++14 (GCC 6-32),WRONG_ANSWER,6409,1513704120,ImanMousaei,CONTESTANT,PRETESTS,1,0,2252800
902,A,33413155,C++14 (GCC 6-32),OK,340,1513698040,ImaniAm,CONTESTANT,TESTS,55,30,1945600
902,B,33416608,C++14 (GCC 6-32),OK,884,1513698584,ImaniAm,CONTESTANT,TESTS,50,218,2457600
902,C,33421686,C++14 (GCC 6-32),OK,1901,1513699612,ImaniAm,CONTESTANT,TESTS,45,92,2252800
902,A,33413495,GNU C++11,WRONG_ANSWER,393,1513698103,Imenkey,CONTESTANT,PRETESTS,3,15,2048000
902,B,33416296,GNU C++11,OK,825,1513698536,Imenkey,CONTESTANT,TESTS,50,46,2457600
902,A,33417324,GNU C++11,OK,991,1513698701,Imenkey,CONTESTANT,TESTS,55,15,2048000
902,C,33424917,GNU C++11,OK,2792,1513700503,Imenkey,CONTESTANT,TESTS,45,312,4096000
902,A,33415736,C++14 (GCC 6-32),OK,754,1513698454,Imtiaz_Riton,CONTESTANT,TESTS,55,15,6860800
902,A,33415672,GNU C++,WRONG_ANSWER,733,1513698443,InFiNaNt,CONTESTANT,PRETESTS,2,0,2048000
902,A,33417646,GNU C++,OK,1048,1513698759,InFiNaNt,CONTESTANT,TESTS,55,15,2048000
902,B,33425514,GNU C++,WRONG_ANSWER,2996,1513700696,InFiNaNt,CONTESTANT,PRETESTS,2,0,2867200
902,B,33427942,GNU C++,WRONG_ANSWER,3855,1513701555,InFiNaNt,CONTESTANT,PRETESTS,0,15,2867200
902,B,33428129,GNU C++,WRONG_ANSWER,3929,1513701629,InFiNaNt,CONTESTANT,PRETESTS,0,15,2867200
902,B,33430664,GNU C++,OK,4978,1513702678,InFiNaNt,CONTESTANT,TESTS,50,46,3379200
902,C,33434984,GNU C++,WRONG_ANSWER,6998,1513704698,InFiNaNt,CONTESTANT,PRETESTS,1,0,5734400
902,C,33435317,GNU C++,WRONG_ANSWER,7109,1513704809,InFiNaNt,CONTESTANT,PRETESTS,1,0,5734400
902,A,33413525,C++14 (GCC 6-32),WRONG_ANSWER,408,1513698108,InFiNiTeemo,CONTESTANT,PRETESTS,0,0,2662400
902,A,33414282,C++14 (GCC 6-32),OK,530,1513698230,InFiNiTeemo,CONTESTANT,TESTS,55,15,2662400
902,B,33419350,C++14 (GCC 6-32),OK,1374,1513699074,InFiNiTeemo,CONTESTANT,TESTS,50,46,2560000
902,C,33425983,C++14 (GCC 6-32),OK,3146,1513700846,InFiNiTeemo,CONTESTANT,TESTS,45,155,3481600
902,A,33413932,Java 8,OK,466,1513698176,In_The_Name_Of_Love,CONTESTANT,TESTS,55,139,20684800
902,B,33433529,Java 8,OK,6335,1513704046,In_The_Name_Of_Love,CONTESTANT,TESTS,50,436,20787200
902,A,33414769,GNU C,COMPILATION_ERROR,607,1513698307,Indevem,CONTESTANT,PRETESTS,0,0,0
902,A,33414929,C++14 (GCC 6-32),OK,634,1513698334,Indevem,CONTESTANT,TESTS,55,15,1945600
902,B,33421836,C++14 (GCC 6-32),OK,1949,1513699649,Indevem,CONTESTANT,TESTS,50,15,2662400
902,C,33430617,C++14 (GCC 6-32),WRONG_ANSWER,4956,1513702656,Indevem,CONTESTANT,PRETESTS,3,15,1843200
902,C,33431461,C++14 (GCC 6-32),MEMORY_LIMIT_EXCEEDED,5342,1513703042,Indevem,CONTESTANT,PRETESTS,3,249,268390400
902,C,33431710,C++14 (GCC 6-32),WRONG_ANSWER,5465,1513703165,Indevem,CONTESTANT,PRETESTS,3,15,1843200
902,C,33432732,C++14 (GCC 6-32),OK,5977,1513703677,Indevem,CONTESTANT,TESTS,45,77,5222400
902,A,33423012,C++14 (GCC 6-32),WRONG_ANSWER,2262,1513699962,IndrOjit_bu,CONTESTANT,PRETESTS,0,0,1945600
902,A,33423393,C++14 (GCC 6-32),WRONG_ANSWER,2377,1513700077,IndrOjit_bu,CONTESTANT,PRETESTS,1,0,1945600
902,A,33423713,C++14 (GCC 6-32),WRONG_ANSWER,2466,1513700166,IndrOjit_bu,CONTESTANT,PRETESTS,2,15,1843200
902,A,33424797,C++14 (GCC 6-32),WRONG_ANSWER,2772,1513700472,IndrOjit_bu,CONTESTANT,PRETESTS,2,15,1945600
902,A,33431186,C++14 (GCC 6-32),WRONG_ANSWER,5210,1513702910,IndrOjit_bu,CONTESTANT,PRETESTS,2,15,1945600
902,A,33431306,C++14 (GCC 6-32),WRONG_ANSWER,5264,1513702964,IndrOjit_bu,CONTESTANT,PRETESTS,1,15,1843200
902,A,33431691,C++14 (GCC 6-32),WRONG_ANSWER,5455,1513703155,IndrOjit_bu,CONTESTANT,PRETESTS,1,15,1843200
902,A,33432358,C++14 (GCC 6-32),WRONG_ANSWER,5790,1513703490,IndrOjit_bu,CONTESTANT,PRETESTS,1,0,1945600
902,A,33432844,C++14 (GCC 6-32),WRONG_ANSWER,6036,1513703736,IndrOjit_bu,CONTESTANT,TESTS,53,15,1945600
902,A,33424243,GNU C++,OK,2607,1513700307,IndraniChiravuri,CONTESTANT,TESTS,55,15,1843200
902,A,33414172,C++14 (GCC 6-32),WRONG_ANSWER,515,1513698215,Infinite_Stars,CONTESTANT,PRETESTS,4,15,1945600
902,A,33415512,C++14 (GCC 6-32),WRONG_ANSWER,723,1513698423,Infinite_Stars,CONTESTANT,PRETESTS,4,15,1945600
902,A,33416562,C++14 (GCC 6-32),WRONG_ANSWER,878,1513698578,Infinite_Stars,CONTESTANT,PRETESTS,4,15,1945600
902,A,33420104,C++14 (GCC 6-32),WRONG_ANSWER,1535,1513699235,Infinite_Stars,CONTESTANT,PRETESTS,4,15,1843200
902,A,33421178,C++14 (GCC 6-32),WRONG_ANSWER,1787,1513699487,Infinite_Stars,CONTESTANT,PRETESTS,4,15,1945600
902,A,33429069,C++14 (GCC 6-32),TIME_LIMIT_EXCEEDED,4306,1513702006,Infinite_Stars,CONTESTANT,PRETESTS,2,1000,2048000
902,A,33429475,C++14 (GCC 6-32),OK,4473,1513702173,Infinite_Stars,CONTESTANT,TESTS,55,15,3072000
902,B,33431890,C++14 (GCC 6-32),OK,5564,1513703264,Infinite_Stars,CONTESTANT,TESTS,50,15,4300800
902,A,33418310,GNU C++11,WRONG_ANSWER,1169,1513698869,Infinite_Tanvir,CONTESTANT,PRETESTS,2,15,2048000
902,A,33430503,GNU C++11,WRONG_ANSWER,4904,1513702604,Infinite_Tanvir,CONTESTANT,PRETESTS,3,15,2048000
902,A,33415507,GNU C++11,OK,723,1513698423,Infornography,CONTESTANT,TESTS,55,15,2048000
902,B,33422872,GNU C++11,WRONG_ANSWER,2227,1513699927,Infornography,CONTESTANT,PRETESTS,2,0,2048000
902,B,33426229,GNU C++11,OK,3231,1513700931,Infornography,CONTESTANT,TESTS,50,46,2662400
902,C,33430789,C++14 (GCC 6-32),WRONG_ANSWER,5022,1513702733,Inkheart,CONTESTANT,PRETESTS,1,0,1843200
902,A,33433081,C++14 (GCC 6-32),WRONG_ANSWER,6140,1513703850,Inkheart,CONTESTANT,PRETESTS,4,0,1945600
902,A,33433924,C++14 (GCC 6-32),WRONG_ANSWER,6524,1513704234,Inkheart,CONTESTANT,PRETESTS,4,31,1945600
902,A,33434306,C++14 (GCC 6-32),WRONG_ANSWER,6706,1513704417,Inkheart,CONTESTANT,PRETESTS,4,15,1843200
902,A,33418784,GNU C++11,WRONG_ANSWER,1259,1513698959,InshaAllah,CONTESTANT,PRETESTS,2,15,2048000
902,A,33423785,GNU C++11,WRONG_ANSWER,2489,1513700189,InshaAllah,CONTESTANT,PRETESTS,2,15,2048000
902,A,33425847,GNU C++11,WRONG_ANSWER,3104,1513700804,InshaAllah,CONTESTANT,PRETESTS,2,15,2048000
902,A,33428070,GNU C++11,WRONG_ANSWER,3902,1513701602,InshaAllah,CONTESTANT,PRETESTS,2,0,2048000
902,A,33430912,GNU C++11,WRONG_ANSWER,5076,1513702776,InshaAllah,CONTESTANT,PRETESTS,2,15,2048000
902,A,33431268,GNU C++11,WRONG_ANSWER,5247,1513702947,InshaAllah,CONTESTANT,PRETESTS,2,0,2048000
902,A,33413358,C++14 (GCC 6-32),OK,377,1513698077,Intelll,CONTESTANT,TESTS,55,15,1945600
902,B,33417805,C++14 (GCC 6-32),OK,1085,1513698785,Intelll,CONTESTANT,TESTS,50,249,2457600
902,C,33424769,C++14 (GCC 6-32),WRONG_ANSWER,2764,1513700464,Intelll,CONTESTANT,PRETESTS,1,15,1843200
902,C,33427860,C++14 (GCC 6-32),WRONG_ANSWER,3823,1513701523,Intelll,CONTESTANT,PRETESTS,0,0,1843200
902,C,33428200,C++14 (GCC 6-32),WRONG_ANSWER,3957,1513701657,Intelll,CONTESTANT,PRETESTS,1,15,1843200
902,C,33429323,C++14 (GCC 6-32),WRONG_ANSWER,4405,1513702105,Intelll,CONTESTANT,PRETESTS,4,15,1843200
902,C,33431561,C++14 (GCC 6-32),WRONG_ANSWER,5389,1513703089,Intelll,CONTESTANT,PRETESTS,4,15,1945600
902,C,33432330,C++14 (GCC 6-32),OK,5777,1513703477,Intelll,CONTESTANT,TESTS,45,171,5529600
902,A,33414702,C++14 (GCC 6-32),OK,596,1513698296,Inugami_Kitsune,CONTESTANT,TESTS,55,30,1945600
902,B,33418424,C++14 (GCC 6-32),OK,1189,1513698889,Inugami_Kitsune,CONTESTANT,TESTS,50,46,2867200
902,C,33424082,C++14 (GCC 6-32),WRONG_ANSWER,2566,1513700266,Inugami_Kitsune,CONTESTANT,PRETESTS,1,15,10444800
902,C,33424542,C++14 (GCC 6-32),WRONG_ANSWER,2699,1513700399,Inugami_Kitsune,CONTESTANT,PRETESTS,3,15,10444800
902,C,33426091,C++14 (GCC 6-32),SKIPPED,3187,1513700887,Inugami_Kitsune,CONTESTANT,PRETESTS,13,78,14438400
902,C,33430500,C++14 (GCC 6-32),OK,4903,1513702603,Inugami_Kitsune,CONTESTANT,TESTS,45,78,14438400
902,A,33422087,Java 8,WRONG_ANSWER,2009,1513699709,InviewCompany,CONTESTANT,PRETESTS,2,140,20992000
902,A,33428370,Java 8,WRONG_ANSWER,4016,1513701716,InviewCompany,CONTESTANT,PRETESTS,2,140,20992000
902,A,33432046,Java 8,WRONG_ANSWER,5636,1513703336,InviewCompany,CONTESTANT,PRETESTS,1,139,20992000
902,A,33432431,Java 8,WRONG_ANSWER,5832,1513703532,InviewCompany,CONTESTANT,PRETESTS,2,124,20992000
902,A,33421354,GNU C++,WRONG_ANSWER,1832,1513699532,Iris1024,CONTESTANT,PRETESTS,2,15,2048000
902,A,33424401,GNU C++,WRONG_ANSWER,2655,1513700355,Iris1024,CONTESTANT,PRETESTS,2,15,2048000
902,A,33414236,Java 8,WRONG_ANSWER,524,1513698224,IsIt0.5Rated,CONTESTANT,PRETESTS,3,155,20992000
902,A,33416341,Java 8,OK,842,1513698542,IsIt0.5Rated,CONTESTANT,TESTS,55,155,21094400
902,B,33422453,Java 8,OK,2113,1513699813,IsIt0.5Rated,CONTESTANT,TESTS,50,202,21196800
902,C,33428988,Java 8,WRONG_ANSWER,4275,1513701975,IsIt0.5Rated,CONTESTANT,PRETESTS,1,124,20992000
902,C,33429691,Java 8,WRONG_ANSWER,4565,1513702265,IsIt0.5Rated,CONTESTANT,PRETESTS,3,124,20992000
902,C,33429854,Java 8,WRONG_ANSWER,4633,1513702333,IsIt0.5Rated,CONTESTANT,PRETESTS,3,139,20992000
902,C,33430602,Java 8,WRONG_ANSWER,4948,1513702648,IsIt0.5Rated,CONTESTANT,PRETESTS,1,124,20992000
902,C,33430813,Java 8,WRONG_ANSWER,5042,1513702742,IsIt0.5Rated,CONTESTANT,PRETESTS,5,140,20992000
902,C,33431172,Java 8,OK,5204,1513702904,IsIt0.5Rated,CONTESTANT,TESTS,45,342,21196800
902,A,33416484,C++14 (GCC 6-32),OK,865,1513698565,IsacLucian,CONTESTANT,TESTS,55,15,1945600
902,B,33426070,C++14 (GCC 6-32),OK,3177,1513700877,IsacLucian,CONTESTANT,TESTS,50,218,2355200
902,A,33412941,C++14 (GCC 6-32),OK,285,1513697995,Iskalibur,CONTESTANT,TESTS,55,15,3379200
902,B,33415599,C++14 (GCC 6-32),OK,733,1513698433,Iskalibur,CONTESTANT,TESTS,50,234,4710400
902,C,33421196,C++14 (GCC 6-32),SKIPPED,1782,1513699492,Iskalibur,CONTESTANT,PRETESTS,13,15,3891200
902,C,33421314,C++14 (GCC 6-32),OK,1811,1513699522,Iskalibur,CONTESTANT,TESTS,45,108,10035200
902,D,33426467,C++14 (GCC 6-32),WRONG_ANSWER,3299,1513701010,Iskalibur,CONTESTANT,PRETESTS,0,15,1843200
902,D,33433438,C++14 (GCC 6-32),COMPILATION_ERROR,6301,1513704011,Iskalibur,CONTESTANT,PRETESTS,0,0,0
902,A,33419621,C++14 (GCC 6-32),WRONG_ANSWER,1435,1513699135,Its39,CONTESTANT,PRETESTS,2,0,1843200
902,A,33421764,C++14 (GCC 6-32),WRONG_ANSWER,1931,1513699631,Its39,CONTESTANT,PRETESTS,4,15,1843200
902,A,33423326,C++14 (GCC 6-32),WRONG_ANSWER,2359,1513700059,Its39,CONTESTANT,PRETESTS,4,15,1843200
902,A,33424528,C++14 (GCC 6-32),WRONG_ANSWER,2695,1513700395,Its39,CONTESTANT,PRETESTS,4,15,1843200
902,A,33426626,C++14 (GCC 6-32),WRONG_ANSWER,3376,1513701076,Its39,CONTESTANT,PRETESTS,4,15,1843200
902,A,33427804,C++14 (GCC 6-32),WRONG_ANSWER,3807,1513701507,Its39,CONTESTANT,PRETESTS,5,15,1843200
902,B,33433709,C++14 (GCC 6-32),WRONG_ANSWER,6429,1513704129,Its39,CONTESTANT,PRETESTS,4,15,3891200
902,A,33419287,Scala,OK,1365,1513699065,IvanDyachenko,CONTESTANT,TESTS,55,530,39526400
902,B,33430922,Scala,OK,5081,1513702781,IvanDyachenko,CONTESTANT,TESTS,50,608,39731200
902,A,33414787,GNU C++11,OK,611,1513698311,IvanaZuzic,CONTESTANT,TESTS,55,15,2048000
902,B,33419944,GNU C++11,WRONG_ANSWER,1499,1513699199,IvanaZuzic,CONTESTANT,PRETESTS,2,15,2355200
902,B,33424031,GNU C++11,OK,2553,1513700253,IvanaZuzic,CONTESTANT,TESTS,50,30,2560000
902,C,33431180,GNU C++11,WRONG_ANSWER,5207,1513702907,IvanaZuzic,CONTESTANT,PRETESTS,3,15,8499200
902,C,33432052,GNU C++11,OK,5638,1513703338,IvanaZuzic,CONTESTANT,TESTS,45,140,20480000
902,A,33435482,GNU C,WRONG_ANSWER,7160,1513704860,Izanagi,CONTESTANT,PRETESTS,0,0,1843200
902,A,33413036,GNU C++11,WRONG_ANSWER,317,1513698017,J.Lili,CONTESTANT,PRETESTS,3,15,2048000
902,A,33413668,GNU C++11,OK,433,1513698133,J.Lili,CONTESTANT,TESTS,55,15,2048000
902,B,33417379,GNU C++11,OK,1012,1513698712,J.Lili,CONTESTANT,TESTS,50,46,2969600
902,C,33422505,GNU C++11,OK,2127,1513699827,J.Lili,CONTESTANT,TESTS,45,312,3072000
902,A,33432710,GNU C,OK,5967,1513703667,J.R.Fahim,CONTESTANT,TESTS,55,15,1843200
902,A,33416096,GNU C++11,WRONG_ANSWER,805,1513698505,J.U.Jisan,CONTESTANT,PRETESTS,2,15,2048000
902,A,33419054,GNU C++11,WRONG_ANSWER,1321,1513699021,J.U.Jisan,CONTESTANT,PRETESTS,2,0,2048000
902,A,33424118,GNU C++11,CHALLENGED,2574,1513700274,J.U.Jisan,CONTESTANT,CHALLENGES,8,15,2048000
902,A,33430204,GNU C++11,WRONG_ANSWER,4781,1513702481,J.U.Jisan,CONTESTANT,PRETESTS,4,15,2048000
902,A,33433337,GNU C++11,OK,6267,1513703967,J.U.Jisan,CONTESTANT,TESTS,55,15,2048000
902,A,33412773,GNU C++11,WRONG_ANSWER,228,1513697938,JSZX11556,CONTESTANT,PRETESTS,1,15,2048000
902,A,33413178,GNU C++11,OK,333,1513698044,JSZX11556,CONTESTANT,TESTS,55,15,2048000
902,B,33416366,GNU C++11,OK,835,1513698545,JSZX11556,CONTESTANT,TESTS,50,30,3993600
902,C,33420991,GNU C++11,OK,1731,1513699442,JSZX11556,CONTESTANT,TESTS,45,124,3686400
902,D,33426318,GNU C++11,WRONG_ANSWER,3248,1513700959,JSZX11556,CONTESTANT,PRETESTS,2,0,2150400
902,D,33431105,GNU C++11,WRONG_ANSWER,5155,1513702866,JSZX11556,CONTESTANT,PRETESTS,1,15,2150400
902,D,33433026,GNU C++11,WRONG_ANSWER,6110,1513703821,JSZX11556,CONTESTANT,PRETESTS,0,15,2150400
902,D,33434564,GNU C++11,WRONG_ANSWER,6817,1513704527,JSZX11556,CONTESTANT,PRETESTS,0,0,2150400
902,A,33423620,MS C++,WRONG_ANSWER,2426,1513700137,JaaFaR-aLFaY,CONTESTANT,PRETESTS,0,0,2048000
902,A,33424457,MS C++,WRONG_ANSWER,2664,1513700374,JaaFaR-aLFaY,CONTESTANT,PRETESTS,0,0,2048000
902,A,33425317,MS C++,WRONG_ANSWER,2922,1513700632,JaaFaR-aLFaY,CONTESTANT,PRETESTS,0,0,2048000
902,A,33428019,MS C++,WRONG_ANSWER,3872,1513701583,JaaFaR-aLFaY,CONTESTANT,PRETESTS,2,15,2048000
902,A,33429158,MS C++,WRONG_ANSWER,4330,1513702041,JaaFaR-aLFaY,CONTESTANT,PRETESTS,2,15,2048000
902,A,33433216,MS C++,OK,6200,1513703911,JaaFaR-aLFaY,CONTESTANT,TESTS,55,15,2048000
902,A,33417955,GNU C++11,WRONG_ANSWER,1109,1513698809,Jaamil,CONTESTANT,PRETESTS,2,15,2048000
902,A,33418972,GNU C++11,WRONG_ANSWER,1301,1513699001,Jaamil,CONTESTANT,PRETESTS,2,15,2048000
902,C,33426539,C++14 (GCC 6-32),OK,3336,1513701036,JackBauer24,CONTESTANT,TESTS,45,171,2662400
902,B,33428951,C++14 (GCC 6-32),OK,4258,1513701958,JackBauer24,CONTESTANT,TESTS,50,46,2150400
902,A,33429687,C++14 (GCC 6-32),OK,4565,1513702265,JackBauer24,CONTESTANT,TESTS,55,15,1945600
902,A,33426701,C++14 (GCC 6-32),WRONG_ANSWER,3401,1513701101,JacobianDet,CONTESTANT,PRETESTS,2,0,1843200
902,A,33427913,C++14 (GCC 6-32),WRONG_ANSWER,3844,1513701544,JacobianDet,CONTESTANT,PRETESTS,2,0,1843200
902,A,33428880,C++14 (GCC 6-32),TIME_LIMIT_EXCEEDED,4232,1513701932,JacobianDet,CONTESTANT,PRETESTS,3,1000,1945600
902,A,33434268,C++14 (GCC 6-32),CHALLENGED,6701,1513704401,JacobianDet,CONTESTANT,CHALLENGES,8,0,1945600
902,A,33415523,GNU C++,WRONG_ANSWER,714,1513698425,Jade,CONTESTANT,PRETESTS,0,0,2048000
902,A,33417218,GNU C++,WRONG_ANSWER,975,1513698685,Jade,CONTESTANT,PRETESTS,5,15,2048000
902,A,33419469,GNU C++,WRONG_ANSWER,1390,1513699100,Jade,CONTESTANT,PRETESTS,5,15,2048000
902,A,33423305,GNU C++,OK,2342,1513700052,Jade,CONTESTANT,TESTS,55,15,2048000
902,A,33413581,GNU C++,OK,418,1513698118,Jaihk662,CONTESTANT,TESTS,55,15,1843200
902,B,33417533,GNU C++,OK,1039,1513698739,Jaihk662,CONTESTANT,TESTS,50,15,4198400
902,C,33425935,GNU C++,WRONG_ANSWER,3130,1513700830,Jaihk662,CONTESTANT,PRETESTS,0,15,3072000
902,C,33426160,GNU C++,OK,3208,1513700908,Jaihk662,CONTESTANT,TESTS,45,109,3481600
902,A,33417511,C++14 (GCC 6-32),WRONG_ANSWER,1033,1513698733,Jamoliddin,CONTESTANT,PRETESTS,2,15,1843200
902,A,33418154,C++14 (GCC 6-32),WRONG_ANSWER,1141,1513698841,Jamoliddin,CONTESTANT,PRETESTS,2,15,1945600
902,A,33421038,C++14 (GCC 6-32),WRONG_ANSWER,1754,1513699454,Jamoliddin,CONTESTANT,PRETESTS,1,15,1843200
902,A,33421596,C++14 (GCC 6-32),WRONG_ANSWER,1891,1513699591,Jamoliddin,CONTESTANT,PRETESTS,2,15,1843200
902,A,33421694,C++14 (GCC 6-32),WRONG_ANSWER,1914,1513699614,Jamoliddin,CONTESTANT,PRETESTS,2,15,1843200
902,A,33423300,C++14 (GCC 6-32),WRONG_ANSWER,2351,1513700051,Jamoliddin,CONTESTANT,PRETESTS,2,15,1945600
902,A,33413772,GNU C++,OK,440,1513698151,Januzaj497,CONTESTANT,TESTS,55,31,2048000
902,B,33420574,GNU C++,OK,1632,1513699342,Januzaj497,CONTESTANT,TESTS,50,46,2662400
902,C,33428371,GNU C++,OK,4007,1513701718,Januzaj497,CONTESTANT,TESTS,45,249,2457600
902,D,33432567,GNU C++,WRONG_ANSWER,5892,1513703603,Januzaj497,CONTESTANT,PRETESTS,3,15,2048000
902,D,33433014,GNU C++,WRONG_ANSWER,6105,1513703816,Januzaj497,CONTESTANT,PRETESTS,4,15,2048000
902,D,33433099,GNU C++,WRONG_ANSWER,6145,1513703856,Januzaj497,CONTESTANT,PRETESTS,1,0,2048000
902,D,33433410,GNU C++,WRONG_ANSWER,6289,1513703999,Januzaj497,CONTESTANT,PRETESTS,5,15,2048000
902,D,33433583,GNU C++,WRONG_ANSWER,6363,1513704073,Januzaj497,CONTESTANT,PRETESTS,3,15,2048000
902,D,33434330,GNU C++,WRONG_ANSWER,6715,1513704425,Januzaj497,CONTESTANT,PRETESTS,1,15,2048000
902,D,33434413,GNU C++,WRONG_ANSWER,6749,1513704459,Januzaj497,CONTESTANT,PRETESTS,1,15,2048000
902,D,33434480,GNU C++,WRONG_ANSWER,6786,1513704496,Januzaj497,CONTESTANT,PRETESTS,3,15,2048000
902,D,33434599,GNU C++,WRONG_ANSWER,6834,1513704544,Januzaj497,CONTESTANT,PRETESTS,5,15,2048000
902,D,33434755,GNU C++,WRONG_ANSWER,6901,1513704612,Januzaj497,CONTESTANT,PRETESTS,3,0,2048000
902,D,33434987,GNU C++,WRONG_ANSWER,6989,1513704699,Januzaj497,CONTESTANT,PRETESTS,1,15,2048000
902,D,33435082,GNU C++,WRONG_ANSWER,7017,1513704728,Januzaj497,CONTESTANT,PRETESTS,1,15,2048000
902,D,33435173,GNU C++,WRONG_ANSWER,7053,1513704764,Januzaj497,CONTESTANT,PRETESTS,2,0,2048000
902,D,33435336,GNU C++,WRONG_ANSWER,7105,1513704815,Januzaj497,CONTESTANT,PRETESTS,2,15,2048000
902,A,33426671,GNU C++11,OK,3389,1513701089,Jasmine23,CONTESTANT,TESTS,55,15,2048000
902,A,33417973,GNU C++11,OK,1111,1513698811,JavierDlg,CONTESTANT,TESTS,55,15,2048000
902,B,33427882,GNU C++11,OK,3832,1513701532,JavierDlg,CONTESTANT,TESTS,50,46,2560000
902,A,33414102,C++14 (GCC 6-32),WRONG_ANSWER,504,1513698204,Jay_Mahakal_Baba,CONTESTANT,PRETESTS,1,15,1843200
902,A,33417594,C++14 (GCC 6-32),WRONG_ANSWER,1050,1513698750,Jay_Mahakal_Baba,CONTESTANT,PRETESTS,3,15,2048000
902,A,33419843,C++14 (GCC 6-32),WRONG_ANSWER,1476,1513699176,Jay_Mahakal_Baba,CONTESTANT,TESTS,47,15,2048000
902,A,33414328,GNU C++,OK,538,1513698238,Jeff_Lee,CONTESTANT,TESTS,55,31,2048000
902,B,33417813,GNU C++,OK,1086,1513698786,Jeff_Lee,CONTESTANT,TESTS,50,15,2457600
902,C,33422640,GNU C++,WRONG_ANSWER,2165,1513699865,Jeff_Lee,CONTESTANT,PRETESTS,1,0,2252800
902,C,33426445,GNU C++,OK,3303,1513701003,Jeff_Lee,CONTESTANT,TESTS,45,109,2252800
902,D,33432272,GNU C++,WRONG_ANSWER,5751,1513703451,Jeff_Lee,CONTESTANT,PRETESTS,2,0,1843200
902,A,33413544,C++14 (GCC 6-32),WRONG_ANSWER,412,1513698112,Jefri_007,CONTESTANT,PRETESTS,2,0,41984000
902,A,33414016,C++14 (GCC 6-32),OK,490,1513698190,Jefri_007,CONTESTANT,TESTS,55,15,41984000
902,B,33421543,C++14 (GCC 6-32),OK,1879,1513699579,Jefri_007,CONTESTANT,TESTS,50,655,56524800
902,A,33412998,C++14 (GCC 6-32),OK,298,1513698008,JiangYu,CONTESTANT,TESTS,55,15,1945600
902,B,33418554,C++14 (GCC 6-32),OK,1203,1513698914,JiangYu,CONTESTANT,TESTS,50,30,2355200
902,C,33423184,C++14 (GCC 6-32),WRONG_ANSWER,2307,1513700017,JiangYu,CONTESTANT,PRETESTS,4,15,3072000
902,C,33423759,C++14 (GCC 6-32),OK,2470,1513700180,JiangYu,CONTESTANT,TESTS,45,93,3072000
902,A,33415634,GNU C++11,WRONG_ANSWER,738,1513698438,Jinx.Jinx.again,CONTESTANT,PRETESTS,4,15,2048000
902,A,33418397,GNU C++11,OK,1184,1513698884,Jinx.Jinx.again,CONTESTANT,TESTS,55,15,2048000
902,B,33423519,GNU C++11,COMPILATION_ERROR,2410,1513700110,Jinx.Jinx.again,CONTESTANT,PRETESTS,0,0,0
902,B,33423709,GNU C++11,OK,2465,1513700165,Jinx.Jinx.again,CONTESTANT,TESTS,50,30,2252800
902,C,33428685,GNU C++11,OK,4154,1513701855,Jinx.Jinx.again,CONTESTANT,TESTS,45,124,5427200
902,A,33413900,GNU C++11,OK,471,1513698171,JoJo,CONTESTANT,TESTS,55,15,2048000
902,B,33418689,GNU C++11,OK,1240,1513698940,JoJo,CONTESTANT,TESTS,50,46,2560000
902,C,33427585,GNU C++11,OK,3724,1513701424,JoJo,CONTESTANT,TESTS,45,265,5324800
902,A,33419136,C++14 (GCC 6-32),WRONG_ANSWER,1328,1513699038,John.Esmat,CONTESTANT,PRETESTS,3,15,1843200
902,A,33420945,C++14 (GCC 6-32),CHALLENGED,1719,1513699430,John.Esmat,CONTESTANT,CHALLENGES,8,15,1945600
902,C,33415980,C++14 (GCC 6-32),WRONG_ANSWER,790,1513698490,John_Weak,CONTESTANT,PRETESTS,1,15,6656000
902,C,33419995,C++14 (GCC 6-32),WRONG_ANSWER,1510,1513699210,John_Weak,CONTESTANT,PRETESTS,9,15,6758400
902,C,33423920,C++14 (GCC 6-32),OK,2525,1513700225,John_Weak,CONTESTANT,TESTS,45,202,10444800
902,B,33426083,C++14 (GCC 6-32),OK,3184,1513700884,John_Weak,CONTESTANT,TESTS,50,15,2150400
902,A,33426860,C++14 (GCC 6-32),OK,3457,1513701157,John_Weak,CONTESTANT,TESTS,55,15,2252800
902,A,33414808,C++14 (GCC 6-32),WRONG_ANSWER,604,1513698315,Joker_98,CONTESTANT,PRETESTS,2,15,1843200
902,A,33417607,C++14 (GCC 6-32),WRONG_ANSWER,1041,1513698752,Joker_98,CONTESTANT,PRETESTS,4,15,1945600
902,A,33418614,C++14 (GCC 6-32),WRONG_ANSWER,1214,1513698925,Joker_98,CONTESTANT,PRETESTS,4,15,1945600
902,A,33421675,C++14 (GCC 6-32),OK,1898,1513699608,Joker_98,CONTESTANT,TESTS,55,15,1945600
902,A,33418790,C++14 (GCC 6-32),CHALLENGED,1259,1513698959,Joker_pablo,CONTESTANT,CHALLENGES,8,15,1945600
902,A,33427863,C++14 (GCC 6-32),WRONG_ANSWER,3824,1513701524,Joker_pablo,CONTESTANT,PRETESTS,2,15,1945600
902,A,33429661,C++14 (GCC 6-32),WRONG_ANSWER,4555,1513702255,Joker_pablo,CONTESTANT,PRETESTS,2,15,1945600
902,A,33429929,C++14 (GCC 6-32),WRONG_ANSWER,4663,1513702363,Joker_pablo,CONTESTANT,PRETESTS,2,15,1843200
902,A,33433909,C++14 (GCC 6-32),OK,6526,1513704226,Joker_pablo,CONTESTANT,TESTS,55,15,1945600
902,A,33415210,PascalABC.NET,OK,678,1513698378,Jonic,CONTESTANT,TESTS,55,46,16896000
902,B,33429830,PascalABC.NET,OK,4627,1513702327,Jonic,CONTESTANT,TESTS,50,514,19968000
902,C,33433719,PascalABC.NET,WRONG_ANSWER,6432,1513704132,Jonic,CONTESTANT,PRETESTS,5,31,18841600
902,A,33421348,GNU C++11,WRONG_ANSWER,1830,1513699530,JoodH,CONTESTANT,PRETESTS,5,15,2048000
902,A,33424019,GNU C++11,WRONG_ANSWER,2551,1513700251,JoodH,CONTESTANT,PRETESTS,2,15,2048000
902,B,33426393,GNU C++11,OK,3288,1513700988,JoodH,CONTESTANT,TESTS,50,15,2150400
902,C,33432548,GNU C++11,WRONG_ANSWER,5894,1513703594,JoodH,CONTESTANT,PRETESTS,4,15,2457600
902,D,33434891,GNU C++11,WRONG_ANSWER,6966,1513704666,JoodH,CONTESTANT,PRETESTS,2,15,2048000
902,A,33435296,GNU C++11,WRONG_ANSWER,7103,1513704803,JoodH,CONTESTANT,PRETESTS,2,15,2048000
902,A,33414516,C++14 (GCC 6-32),WRONG_ANSWER,568,1513698268,Joovo1,CONTESTANT,PRETESTS,2,0,1843200
902,A,33416142,C++14 (GCC 6-32),WRONG_ANSWER,814,1513698514,Joovo1,CONTESTANT,PRETESTS,1,15,1945600
902,A,33418411,C++14 (GCC 6-32),OK,1186,1513698886,Joovo1,CONTESTANT,TESTS,55,15,1945600
902,B,33423162,C++14 (GCC 6-32),OK,2312,1513700012,Joovo1,CONTESTANT,TESTS,50,31,2560000
902,C,33427557,C++14 (GCC 6-32),WRONG_ANSWER,3714,1513701414,Joovo1,CONTESTANT,PRETESTS,2,15,2662400
902,C,33427728,C++14 (GCC 6-32),WRONG_ANSWER,3780,1513701480,Joovo1,CONTESTANT,PRETESTS,2,0,2662400
902,C,33429885,C++14 (GCC 6-32),OK,4646,1513702346,Joovo1,CONTESTANT,TESTS,45,140,2662400
902,A,33412983,GNU C++11,OK,306,1513698006,JorreS,CONTESTANT,TESTS,55,31,2048000
902,B,33419530,GNU C++11,OK,1416,1513699116,JorreS,CONTESTANT,TESTS,50,31,2560000
902,C,33428344,GNU C++11,OK,4007,1513701707,JorreS,CONTESTANT,TESTS,45,280,7270400
902,A,33414706,Java 8,WRONG_ANSWER,597,1513698297,Josein,CONTESTANT,PRETESTS,1,124,20992000
902,A,33415997,Java 8,WRONG_ANSWER,792,1513698492,Josein,CONTESTANT,PRETESTS,2,139,20992000
902,A,33416969,Java 8,WRONG_ANSWER,940,1513698640,Josein,CONTESTANT,PRETESTS,2,155,20992000
902,A,33417763,Java 8,OK,1077,1513698777,Josein,CONTESTANT,TESTS,55,171,21094400
902,B,33423070,Java 8,OK,2281,1513699981,Josein,CONTESTANT,TESTS,50,202,21094400
902,A,33413223,GNU C++11,OK,355,1513698055,Joselsneto,CONTESTANT,TESTS,55,31,2048000
902,B,33423387,C++14 (GCC 6-32),COMPILATION_ERROR,2375,1513700075,Joselsneto,CONTESTANT,PRETESTS,0,0,0
902,B,33423461,C++14 (GCC 6-32),WRONG_ANSWER,2395,1513700095,Joselsneto,CONTESTANT,PRETESTS,4,15,2150400
902,B,33428136,C++14 (GCC 6-32),WRONG_ANSWER,3932,1513701632,Joselsneto,CONTESTANT,PRETESTS,4,15,2150400
902,B,33428557,C++14 (GCC 6-32),OK,4098,1513701798,Joselsneto,CONTESTANT,TESTS,50,31,2560000
902,C,33434345,C++14 (GCC 6-32),WRONG_ANSWER,6736,1513704436,Joselsneto,CONTESTANT,PRETESTS,1,0,1843200
902,C,33434544,C++14 (GCC 6-32),OK,6819,1513704519,Joselsneto,CONTESTANT,TESTS,45,109,5632000
902,A,33414010,C++14 (GCC 6-32),WRONG_ANSWER,489,1513698189,JotaroKujo,CONTESTANT,PRETESTS,2,0,1945600
902,A,33416055,C++14 (GCC 6-32),WRONG_ANSWER,799,1513698499,JotaroKujo,CONTESTANT,PRETESTS,2,15,1945600
902,A,33419863,C++14 (GCC 6-32),OK,1481,1513699181,JotaroKujo,CONTESTANT,TESTS,55,31,1945600
902,B,33424091,C++14 (GCC 6-32),OK,2568,1513700268,JotaroKujo,CONTESTANT,TESTS,50,15,2355200
902,C,33431220,C++14 (GCC 6-32),OK,5226,1513702926,JotaroKujo,CONTESTANT,TESTS,45,93,2662400
902,D,33434506,C++14 (GCC 6-32),WRONG_ANSWER,6807,1513704507,JotaroKujo,CONTESTANT,PRETESTS,2,15,1945600
902,D,33435469,C++14 (GCC 6-32),WRONG_ANSWER,7157,1513704857,JotaroKujo,CONTESTANT,PRETESTS,0,0,1945600
902,A,33412957,C++14 (GCC 6-32),OK,300,1513698000,JovanB,CONTESTANT,TESTS,55,15,1945600
902,B,33421531,C++14 (GCC 6-32),OK,1876,1513699576,JovanB,CONTESTANT,TESTS,50,15,2560000
902,C,33427931,C++14 (GCC 6-32),SKIPPED,3851,1513701551,JovanB,CONTESTANT,PRETESTS,13,15,2662400
902,C,33428248,C++14 (GCC 6-32),OK,3973,1513701673,JovanB,CONTESTANT,TESTS,45,93,9932800
902,A,33415421,GNU C++,WRONG_ANSWER,698,1513698408,Joxa_P,CONTESTANT,PRETESTS,0,0,2048000
902,A,33416183,GNU C++,OK,809,1513698520,Joxa_P,CONTESTANT,TESTS,55,15,2048000
902,B,33421570,GNU C++,OK,1876,1513699587,Joxa_P,CONTESTANT,TESTS,50,31,2560000
902,C,33428945,GNU C++,WRONG_ANSWER,4246,1513701956,Joxa_P,CONTESTANT,PRETESTS,0,15,2867200
902,C,33429164,GNU C++,OK,4333,1513702043,Joxa_P,CONTESTANT,TESTS,45,109,2867200
902,A,33419048,C++14 (GCC 6-32),WRONG_ANSWER,1321,1513699021,JrHamdi,CONTESTANT,PRETESTS,2,0,1843200
902,A,33419791,C++14 (GCC 6-32),WRONG_ANSWER,1466,1513699166,JrHamdi,CONTESTANT,PRETESTS,2,15,1843200
902,A,33425575,C++14 (GCC 6-32),WRONG_ANSWER,3016,1513700716,JrHamdi,CONTESTANT,PRETESTS,3,0,1843200
902,A,33428320,C++14 (GCC 6-32),OK,3999,1513701699,JrHamdi,CONTESTANT,TESTS,55,15,1945600
902,A,33414949,GNU C,COMPILATION_ERROR,627,1513698337,July_xunle,CONTESTANT,PRETESTS,0,0,0
902,A,33415407,GNU C++,WRONG_ANSWER,697,1513698407,July_xunle,CONTESTANT,PRETESTS,1,15,2048000
902,A,33416487,GNU C++,OK,855,1513698566,July_xunle,CONTESTANT,TESTS,55,15,2048000
902,B,33429593,GNU C++,OK,4516,1513702227,July_xunle,CONTESTANT,TESTS,50,77,8396800
902,C,33435187,GNU C++,OK,7056,1513704766,July_xunle,CONTESTANT,TESTS,45,327,2867200
902,A,33416386,C++14 (GCC 6-32),WRONG_ANSWER,838,1513698548,JusTice,CONTESTANT,PRETESTS,2,15,3481600
902,A,33420708,C++14 (GCC 6-32),WRONG_ANSWER,1663,1513699373,JusTice,CONTESTANT,PRETESTS,5,15,3481600
902,A,33422468,C++14 (GCC 6-32),CHALLENGED,2107,1513699818,JusTice,CONTESTANT,CHALLENGES,8,15,3481600
902,B,33429561,C++14 (GCC 6-32),OK,4503,1513702213,JusTice,CONTESTANT,TESTS,50,296,3891200
902,A,33432558,C++14 (GCC 6-32),OK,5889,1513703600,JusTice,CONTESTANT,TESTS,55,15,3481600
902,A,33414602,Java 8,OK,583,1513698283,JustDenis,CONTESTANT,TESTS,55,171,20992000
902,B,33423470,Java 8,WRONG_ANSWER,2397,1513700097,JustDenis,CONTESTANT,PRETESTS,4,155,20992000
902,B,33424774,Java 8,OK,2765,1513700465,JustDenis,CONTESTANT,TESTS,50,982,21094400
902,A,33416178,C++14 (GCC 6-32),WRONG_ANSWER,819,1513698519,Jynx,CONTESTANT,PRETESTS,4,15,1843200
902,A,33419389,C++14 (GCC 6-32),WRONG_ANSWER,1381,1513699081,Jynx,CONTESTANT,PRETESTS,4,15,1843200
902,A,33425578,C++14 (GCC 6-32),WRONG_ANSWER,3016,1513700716,Jynx,CONTESTANT,PRETESTS,4,15,1945600
902,A,33429499,C++14 (GCC 6-32),OK,4486,1513702186,Jynx,CONTESTANT,TESTS,55,15,1945600
902,B,33431471,C++14 (GCC 6-32),OK,5348,1513703048,Jynx,CONTESTANT,TESTS,50,15,2560000
902,C,33434870,C++14 (GCC 6-32),WRONG_ANSWER,6958,1513704658,Jynx,CONTESTANT,PRETESTS,1,15,2662400
902,C,33435689,C++14 (GCC 6-32),WRONG_ANSWER,7199,1513704899,Jynx,CONTESTANT,PRETESTS,1,15,2662400
902,A,33416578,GNU C++11,WRONG_ANSWER,880,1513698580,K-S-M,CONTESTANT,PRETESTS,2,0,2048000
902,A,33418603,GNU C++11,WRONG_ANSWER,1223,1513698923,K-S-M,CONTESTANT,PRETESTS,2,15,2048000
902,A,33423023,GNU C++11,WRONG_ANSWER,2267,1513699967,K-S-M,CONTESTANT,PRETESTS,1,15,2048000
902,A,33417498,GNU C++11,WRONG_ANSWER,1031,1513698731,K.Chaitanya,CONTESTANT,PRETESTS,3,15,2048000
902,A,33431224,GNU C++11,TIME_LIMIT_EXCEEDED,5227,1513702927,K.Chaitanya,CONTESTANT,PRETESTS,2,1000,2048000
902,A,33431465,GNU C++11,TIME_LIMIT_EXCEEDED,5345,1513703045,K.Chaitanya,CONTESTANT,PRETESTS,2,1000,2048000
902,A,33421968,C++14 (GCC 6-32),WRONG_ANSWER,1985,1513699685,K.D.,CONTESTANT,PRETESTS,2,15,1843200
902,A,33432486,C++14 (GCC 6-32),COMPILATION_ERROR,5858,1513703558,K.D.,CONTESTANT,PRETESTS,0,0,0
902,A,33433089,C++14 (GCC 6-32),RUNTIME_ERROR,6152,1513703852,K.D.,CONTESTANT,PRETESTS,2,15,1843200
902,A,33417843,Java 8,WRONG_ANSWER,1092,1513698792,K.Mostafa,CONTESTANT,PRETESTS,2,140,20992000
902,A,33418653,Java 8,WRONG_ANSWER,1234,1513698934,K.Mostafa,CONTESTANT,PRETESTS,0,124,20992000
902,A,33418974,Java 8,WRONG_ANSWER,1301,1513699001,K.Mostafa,CONTESTANT,PRETESTS,2,140,20992000
902,A,33419897,Java 8,WRONG_ANSWER,1489,1513699189,K.Mostafa,CONTESTANT,PRETESTS,2,140,20992000
902,A,33423594,Java 8,OK,2430,1513700130,K.Mostafa,CONTESTANT,TESTS,55,156,20992000
902,B,33432843,Java 8,MEMORY_LIMIT_EXCEEDED,6036,1513703736,K.Mostafa,CONTESTANT,PRETESTS,0,343,268390400
902,B,33433276,Java 8,MEMORY_LIMIT_EXCEEDED,6239,1513703939,K.Mostafa,CONTESTANT,PRETESTS,5,280,268390400
902,A,33420037,C++14 (GCC 6-32),WRONG_ANSWER,1521,1513699221,K1ngsley,CONTESTANT,PRETESTS,3,15,2662400
902,A,33420403,C++14 (GCC 6-32),WRONG_ANSWER,1602,1513699302,K1ngsley,CONTESTANT,PRETESTS,3,15,2662400
902,A,33422075,C++14 (GCC 6-32),WRONG_ANSWER,2007,1513699707,K1ngsley,CONTESTANT,PRETESTS,4,15,2662400
902,A,33423131,C++14 (GCC 6-32),WRONG_ANSWER,2303,1513700003,K1ngsley,CONTESTANT,PRETESTS,0,0,2662400
902,A,33423486,C++14 (GCC 6-32),WRONG_ANSWER,2401,1513700101,K1ngsley,CONTESTANT,PRETESTS,4,15,2662400
902,A,33415863,PyPy 3,WRONG_ANSWER,761,1513698472,K6K1K2,CONTESTANT,PRETESTS,3,93,23040000
902,A,33416593,PyPy 3,WRONG_ANSWER,872,1513698583,K6K1K2,CONTESTANT,PRETESTS,4,93,23142400
902,A,33417828,PyPy 3,WRONG_ANSWER,1079,1513698789,K6K1K2,CONTESTANT,PRETESTS,4,93,23040000
902,A,33420381,PyPy 3,WRONG_ANSWER,1586,1513699297,K6K1K2,CONTESTANT,PRETESTS,3,93,23142400
902,A,33421066,PyPy 3,CHALLENGED,1751,1513699461,K6K1K2,CONTESTANT,CHALLENGES,8,124,23142400
902,A,33418176,C++14 (GCC 6-32),OK,1135,1513698846,KAISER17,CONTESTANT,TESTS,55,15,1945600
902,B,33426687,C++14 (GCC 6-32),OK,3386,1513701096,KAISER17,CONTESTANT,TESTS,50,358,130457600
902,C,33434158,C++14 (GCC 6-32),WRONG_ANSWER,6639,1513704349,KAISER17,CONTESTANT,PRETESTS,1,15,9830400
902,A,33418070,GNU C++,COMPILATION_ERROR,1127,1513698827,KAJAL694,CONTESTANT,PRETESTS,0,0,0
902,A,33418753,GNU C++,WRONG_ANSWER,1253,1513698953,KAJAL694,CONTESTANT,PRETESTS,2,15,2048000
902,A,33422463,GNU C++,WRONG_ANSWER,2116,1513699816,KAJAL694,CONTESTANT,PRETESTS,2,0,2048000
902,A,33423826,GNU C++,WRONG_ANSWER,2497,1513700197,KAJAL694,CONTESTANT,PRETESTS,2,15,2048000
902,A,33424801,GNU C++,WRONG_ANSWER,2773,1513700473,KAJAL694,CONTESTANT,PRETESTS,4,15,2048000
902,A,33425705,GNU C++,WRONG_ANSWER,3059,1513700759,KAJAL694,CONTESTANT,PRETESTS,2,0,2048000
902,A,33427910,GNU C++,COMPILATION_ERROR,3843,1513701543,KAJAL694,CONTESTANT,PRETESTS,0,0,0
902,A,33427996,GNU C++,WRONG_ANSWER,3874,1513701574,KAJAL694,CONTESTANT,PRETESTS,2,15,2048000
902,A,33428904,GNU C++,OK,4237,1513701937,KAJAL694,CONTESTANT,TESTS,55,15,2048000
902,A,33412901,C++14 (GCC 6-32),WRONG_ANSWER,284,1513697984,KARM,CONTESTANT,TESTS,47,15,9932800
902,B,33415735,C++14 (GCC 6-32),OK,754,1513698454,KARM,CONTESTANT,TESTS,50,46,22323200
902,C,33420646,C++14 (GCC 6-32),WRONG_ANSWER,1659,1513699359,KARM,CONTESTANT,PRETESTS,1,15,5939200
902,C,33422876,C++14 (GCC 6-32),OK,2228,1513699928,KARM,CONTESTANT,TESTS,45,140,5939200
902,A,33412739,MS C++,OK,223,1513697923,KErilll,CONTESTANT,TESTS,55,30,2150400
902,B,33417885,MS C++,OK,1098,1513698798,KErilll,CONTESTANT,TESTS,50,31,3891200
902,C,33423633,MS C++,OK,2441,1513700141,KErilll,CONTESTANT,TESTS,45,296,14131200
902,C,33417229,GNU C++11,WRONG_ANSWER,987,1513698687,KNB.,CONTESTANT,PRETESTS,1,0,6860800
902,C,33418777,GNU C++11,OK,1257,1513698957,KNB.,CONTESTANT,TESTS,45,249,8908800
902,A,33420459,GNU C++11,WRONG_ANSWER,1615,1513699315,KNB.,CONTESTANT,PRETESTS,4,15,3686400
902,B,33422178,GNU C++11,OK,2033,1513699733,KNB.,CONTESTANT,TESTS,50,46,2457600
902,A,33422825,GNU C++11,WRONG_ANSWER,2217,1513699917,KNB.,CONTESTANT,TESTS,11,15,2048000
902,A,33414977,Java 8,OK,642,1513698342,KT_13,CONTESTANT,TESTS,55,124,20684800
902,B,33424693,Java 8,OK,2742,1513700442,KT_13,CONTESTANT,TESTS,50,545,20889600
902,C,33429908,Java 8,WRONG_ANSWER,4651,1513702351,KT_13,CONTESTANT,PRETESTS,11,124,20684800
902,C,33430579,Java 8,WRONG_ANSWER,4938,1513702638,KT_13,CONTESTANT,PRETESTS,11,124,20684800
902,C,33433678,Java 8,OK,6415,1513704115,KT_13,CONTESTANT,TESTS,45,280,31027200
902,A,33412915,C++14 (GCC 6-32),OK,278,1513697988,Kaildls,CONTESTANT,TESTS,55,15,1843200
902,B,33415485,C++14 (GCC 6-32),OK,708,1513698419,Kaildls,CONTESTANT,TESTS,50,31,2457600
902,C,33420390,C++14 (GCC 6-32),OK,1599,1513699299,Kaildls,CONTESTANT,TESTS,45,108,4300800
902,D,33427277,C++14 (GCC 6-32),WRONG_ANSWER,3615,1513701315,Kaildls,CONTESTANT,PRETESTS,4,15,1843200
902,D,33428291,C++14 (GCC 6-32),WRONG_ANSWER,3987,1513701687,Kaildls,CONTESTANT,PRETESTS,6,15,1843200
902,A,33414083,GNU C++11,WRONG_ANSWER,501,1513698201,Kakashi_Hatake,CONTESTANT,PRETESTS,3,0,4096000
902,A,33416048,GNU C++11,WRONG_ANSWER,798,1513698498,Kakashi_Hatake,CONTESTANT,TESTS,27,15,4096000
902,B,33420314,GNU C++11,OK,1580,1513699280,Kakashi_Hatake,CONTESTANT,TESTS,50,31,4096000
902,C,33424592,GNU C++11,OK,2712,1513700412,Kakashi_Hatake,CONTESTANT,TESTS,45,264,12083200
902,A,33416327,GNU C++,RUNTIME_ERROR,841,1513698541,Kakatua,CONTESTANT,PRETESTS,0,0,2048000
902,A,33417002,GNU C++,WRONG_ANSWER,944,1513698644,Kakatua,CONTESTANT,PRETESTS,2,0,2048000
902,A,33431455,GNU C++,OK,5338,1513703038,Kakatua,CONTESTANT,TESTS,55,15,2048000
902,A,33412954,C++14 (GCC 6-32),OK,300,1513698000,Kalam,CONTESTANT,TESTS,55,31,5939200
902,B,33414635,C++14 (GCC 6-32),OK,588,1513698288,Kalam,CONTESTANT,TESTS,50,31,22425600
902,C,33420218,C++14 (GCC 6-32),WRONG_ANSWER,1562,1513699262,Kalam,CONTESTANT,PRETESTS,3,15,9932800
902,C,33421117,C++14 (GCC 6-32),WRONG_ANSWER,1773,1513699473,Kalam,CONTESTANT,PRETESTS,3,15,9932800
902,C,33422014,C++14 (GCC 6-32),WRONG_ANSWER,1996,1513699696,Kalam,CONTESTANT,PRETESTS,4,15,10035200
902,C,33424794,C++14 (GCC 6-32),OK,2771,1513700471,Kalam,CONTESTANT,TESTS,45,77,9932800
902,A,33413935,C++14 (GCC 6-32),WRONG_ANSWER,477,1513698177,Kaneki_04,CONTESTANT,PRETESTS,2,15,1843200
902,A,33416306,C++14 (GCC 6-32),OK,838,1513698538,Kaneki_04,CONTESTANT,TESTS,55,15,2048000
902,B,33419866,C++14 (GCC 6-32),OK,1482,1513699182,Kaneki_04,CONTESTANT,TESTS,50,15,2457600
902,C,33426226,C++14 (GCC 6-32),WRONG_ANSWER,3230,1513700930,Kaneki_04,CONTESTANT,PRETESTS,3,15,2252800
902,C,33429685,C++14 (GCC 6-32),WRONG_ANSWER,4565,1513702265,Kaneki_04,CONTESTANT,PRETESTS,5,15,2252800
902,C,33430177,C++14 (GCC 6-32),WRONG_ANSWER,4772,1513702472,Kaneki_04,CONTESTANT,TESTS,37,93,2252800
902,E,33432603,C++14 (GCC 6-32),WRONG_ANSWER,5910,1513703620,Karasawa.T,CONTESTANT,PRETESTS,2,405,22118400
902,E,33434922,C++14 (GCC 6-32),WRONG_ANSWER,6968,1513704678,Karasawa.T,CONTESTANT,PRETESTS,2,420,22220800
902,A,33423102,C++14 (GCC 6-32),WRONG_ANSWER,2290,1513699990,Karavaiev,CONTESTANT,PRETESTS,2,15,1843200
902,A,33429930,C++14 (GCC 6-32),OK,4663,1513702363,Karavaiev,CONTESTANT,TESTS,55,15,2150400
902,A,33416793,C++14 (GCC 6-32),OK,914,1513698614,Karlssn,CONTESTANT,TESTS,55,15,1945600
902,A,33419953,GNU C++11,WRONG_ANSWER,1502,1513699202,Kazhiunea,CONTESTANT,PRETESTS,4,15,2048000
902,A,33416150,C++14 (GCC 6-32),OK,815,1513698515,Keima,CONTESTANT,TESTS,55,15,1945600
902,B,33420971,C++14 (GCC 6-32),WRONG_ANSWER,1738,1513699438,Keima,CONTESTANT,PRETESTS,9,31,2252800
902,B,33423438,C++14 (GCC 6-32),OK,2387,1513700087,Keima,CONTESTANT,TESTS,50,46,2048000
902,D,33432004,C++14 (GCC 6-32),WRONG_ANSWER,5620,1513703320,Keima,CONTESTANT,PRETESTS,0,0,2252800
902,C,33432044,C++14 (GCC 6-32),WRONG_ANSWER,5635,1513703335,Keima,CONTESTANT,PRETESTS,3,15,2252800
902,C,33432378,C++14 (GCC 6-32),OK,5800,1513703500,Keima,CONTESTANT,TESTS,45,156,2252800
902,A,33423606,C++14 (GCC 6-32),WRONG_ANSWER,2422,1513700132,Kejriwal_ayushi,CONTESTANT,PRETESTS,2,15,1945600
902,A,33424411,C++14 (GCC 6-32),WRONG_ANSWER,2649,1513700359,Kejriwal_ayushi,CONTESTANT,PRETESTS,0,0,1843200
902,A,33425692,C++14 (GCC 6-32),WRONG_ANSWER,3043,1513700753,Kejriwal_ayushi,CONTESTANT,PRETESTS,2,15,1843200
902,A,33426980,C++14 (GCC 6-32),WRONG_ANSWER,3485,1513701196,Kejriwal_ayushi,CONTESTANT,PRETESTS,2,15,1945600
902,A,33427756,C++14 (GCC 6-32),WRONG_ANSWER,3779,1513701489,Kejriwal_ayushi,CONTESTANT,PRETESTS,2,15,1945600
902,A,33428520,C++14 (GCC 6-32),WRONG_ANSWER,4074,1513701784,Kejriwal_ayushi,CONTESTANT,PRETESTS,2,15,1843200
902,A,33430328,C++14 (GCC 6-32),WRONG_ANSWER,4822,1513702533,Kejriwal_ayushi,CONTESTANT,PRETESTS,2,0,1945600
902,A,33430764,C++14 (GCC 6-32),WRONG_ANSWER,5011,1513702722,Kejriwal_ayushi,CONTESTANT,PRETESTS,6,15,1945600
902,A,33413610,Python 3,WRONG_ANSWER,422,1513698122,Kelang,CONTESTANT,PRETESTS,0,30,5529600
902,A,33414009,Python 3,OK,489,1513698189,Kelang,CONTESTANT,TESTS,55,62,5529600
902,B,33419046,Python 3,OK,1319,1513699019,Kelang,CONTESTANT,TESTS,50,93,7372800
902,C,33427827,C++14 (GCC 6-32),OK,3812,1513701512,Kelang,CONTESTANT,TESTS,45,139,2252800
902,D,33432798,Python 3,WRONG_ANSWER,6011,1513703711,Kelang,CONTESTANT,PRETESTS,2,46,5632000
902,D,33434142,Python 3,OK,6643,1513704343,Kelang,CONTESTANT,TESTS,150,77,5632000
902,A,33415615,C++14 (GCC 6-32),WRONG_ANSWER,735,1513698435,Kelly,CONTESTANT,PRETESTS,2,0,1843200
902,A,33418249,C++14 (GCC 6-32),WRONG_ANSWER,1159,1513698859,Kelly,CONTESTANT,PRETESTS,3,15,1945600
902,A,33419152,C++14 (GCC 6-32),WRONG_ANSWER,1340,1513699040,Kelly,CONTESTANT,PRETESTS,3,15,1945600
902,A,33420114,C++14 (GCC 6-32),WRONG_ANSWER,1538,1513699238,Kelly,CONTESTANT,PRETESTS,3,15,1945600
902,A,33420313,C++14 (GCC 6-32),WRONG_ANSWER,1580,1513699280,Kelly,CONTESTANT,TESTS,46,15,1945600
902,B,33424696,C++14 (GCC 6-32),MEMORY_LIMIT_EXCEEDED,2742,1513700442,Kelly,CONTESTANT,PRETESTS,0,15,268390400
902,B,33426103,C++14 (GCC 6-32),OK,3190,1513700890,Kelly,CONTESTANT,TESTS,50,280,2457600
902,C,33432738,C++14 (GCC 6-32),WRONG_ANSWER,5980,1513703680,Kelly,CONTESTANT,PRETESTS,3,15,2252800
902,C,33433115,C++14 (GCC 6-32),WRONG_ANSWER,6163,1513703863,Kelly,CONTESTANT,PRETESTS,3,15,2252800
902,C,33434148,C++14 (GCC 6-32),WRONG_ANSWER,6647,1513704347,Kelly,CONTESTANT,PRETESTS,4,15,2252800
902,E,33425800,C++14 (GCC 6-32),OK,3089,1513700789,KerimKochekov,CONTESTANT,TESTS,59,764,46387200
902,C,33430662,C++14 (GCC 6-32),OK,4978,1513702678,KerimKochekov,CONTESTANT,TESTS,45,109,8908800
902,B,33431642,C++14 (GCC 6-32),OK,5435,1513703135,KerimKochekov,CONTESTANT,TESTS,50,31,3788800
902,A,33432089,C++14 (GCC 6-32),OK,5657,1513703357,KerimKochekov,CONTESTANT,TESTS,55,15,1843200
902,A,33412992,C++14 (GCC 6-32),SKIPPED,307,1513698007,Kerpoo,CONTESTANT,PRETESTS,8,15,1945600
902,B,33414679,C++14 (GCC 6-32),OK,592,1513698292,Kerpoo,CONTESTANT,TESTS,50,46,3788800
902,C,33420784,C++14 (GCC 6-32),RUNTIME_ERROR,1695,1513699395,Kerpoo,CONTESTANT,TESTS,13,31,3072000
902,A,33421861,C++14 (GCC 6-32),OK,1956,1513699656,Kerpoo,CONTESTANT,TESTS,55,15,1945600
902,D,33428294,C++14 (GCC 6-32),WRONG_ANSWER,3988,1513701688,Kerpoo,CONTESTANT,PRETESTS,2,15,1843200
902,D,33429502,C++14 (GCC 6-32),WRONG_ANSWER,4487,1513702187,Kerpoo,CONTESTANT,PRETESTS,2,0,1843200
902,D,33431349,C++14 (GCC 6-32),WRONG_ANSWER,5287,1513702987,Kerpoo,CONTESTANT,PRETESTS,4,15,1843200
902,D,33433000,C++14 (GCC 6-32),WRONG_ANSWER,6110,1513703810,Kerpoo,CONTESTANT,PRETESTS,2,15,1945600
902,D,33433072,C++14 (GCC 6-32),WRONG_ANSWER,6145,1513703845,Kerpoo,CONTESTANT,PRETESTS,4,15,1843200
902,D,33433931,C++14 (GCC 6-32),WRONG_ANSWER,6538,1513704238,Kerpoo,CONTESTANT,PRETESTS,4,15,1843200
902,D,33433974,C++14 (GCC 6-32),WRONG_ANSWER,6566,1513704266,Kerpoo,CONTESTANT,PRETESTS,3,15,1945600
902,D,33434167,C++14 (GCC 6-32),WRONG_ANSWER,6654,1513704354,Kerpoo,CONTESTANT,PRETESTS,4,15,1843200
902,D,33434198,C++14 (GCC 6-32),WRONG_ANSWER,6673,1513704373,Kerpoo,CONTESTANT,PRETESTS,3,0,1945600
902,D,33435404,C++14 (GCC 6-32),WRONG_ANSWER,7136,1513704836,Kerpoo,CONTESTANT,PRETESTS,0,15,5939200
902,D,33435589,C++14 (GCC 6-32),WRONG_ANSWER,7181,1513704881,Kerpoo,CONTESTANT,PRETESTS,2,0,5939200
902,A,33414746,C++14 (GCC 6-32),OK,603,1513698303,KeyurJain,CONTESTANT,TESTS,55,15,1945600
902,B,33419137,C++14 (GCC 6-32),OK,1339,1513699039,KeyurJain,CONTESTANT,TESTS,50,46,2662400
902,C,33423422,C++14 (GCC 6-32),WRONG_ANSWER,2384,1513700084,KeyurJain,CONTESTANT,PRETESTS,1,0,2662400
902,C,33426079,C++14 (GCC 6-32),WRONG_ANSWER,3181,1513700881,KeyurJain,CONTESTANT,PRETESTS,1,15,5939200
902,C,33426240,C++14 (GCC 6-32),RUNTIME_ERROR,3237,1513700937,KeyurJain,CONTESTANT,TESTS,13,93,9216000
902,A,33415456,C++14 (GCC 6-32),WRONG_ANSWER,714,1513698414,Khaled-Osama,CONTESTANT,PRETESTS,2,15,1945600
902,A,33418286,C++14 (GCC 6-32),WRONG_ANSWER,1166,1513698866,Khaled-Osama,CONTESTANT,PRETESTS,2,15,1945600
902,A,33423626,C++14 (GCC 6-32),WRONG_ANSWER,2438,1513700138,Khaled-Osama,CONTESTANT,PRETESTS,2,15,1843200
902,A,33426410,C++14 (GCC 6-32),WRONG_ANSWER,3293,1513700993,Khaled-Osama,CONTESTANT,PRETESTS,2,15,1843200
902,A,33431879,C++14 (GCC 6-32),OK,5561,1513703261,Khaled-Osama,CONTESTANT,TESTS,55,15,1945600
902,B,33433306,C++14 (GCC 6-32),OK,6251,1513703951,Khaled-Osama,CONTESTANT,TESTS,50,15,2457600
902,A,33414967,C++14 (GCC 6-32),OK,640,1513698340,KhashayarSH,CONTESTANT,TESTS,55,15,1945600
902,B,33419182,C++14 (GCC 6-32),OK,1347,1513699047,KhashayarSH,CONTESTANT,TESTS,50,31,2662400
902,C,33430290,C++14 (GCC 6-32),WRONG_ANSWER,4813,1513702513,KhashayarSH,CONTESTANT,PRETESTS,1,15,9932800
902,C,33430656,C++14 (GCC 6-32),WRONG_ANSWER,4975,1513702675,KhashayarSH,CONTESTANT,PRETESTS,3,15,9932800
902,C,33430775,C++14 (GCC 6-32),WRONG_ANSWER,5025,1513702725,KhashayarSH,CONTESTANT,PRETESTS,5,15,9932800
902,C,33431160,C++14 (GCC 6-32),WRONG_ANSWER,5196,1513702896,KhashayarSH,CONTESTANT,TESTS,37,77,9932800
902,A,33412728,GNU C++11,WRONG_ANSWER,208,1513697918,KhozmoS,CONTESTANT,PRETESTS,1,15,6041600
902,A,33413480,GNU C++11,COMPILATION_ERROR,389,1513698099,KhozmoS,CONTESTANT,PRETESTS,0,0,0
902,A,33413665,GNU C++11,WRONG_ANSWER,422,1513698132,KhozmoS,CONTESTANT,PRETESTS,1,0,10035200
902,A,33415924,GNU C++11,WRONG_ANSWER,770,1513698481,KhozmoS,CONTESTANT,PRETESTS,3,15,10035200
902,B,33420086,GNU C++11,OK,1521,1513699231,KhozmoS,CONTESTANT,TESTS,50,31,18329600
902,A,33421802,GNU C++11,OK,1929,1513699640,KhozmoS,CONTESTANT,TESTS,55,15,10137600
902,C,33424706,GNU C++11,WRONG_ANSWER,2734,1513700445,KhozmoS,CONTESTANT,PRETESTS,1,15,18124800
902,C,33425332,GNU C++11,WRONG_ANSWER,2926,1513700637,KhozmoS,CONTESTANT,PRETESTS,1,15,18124800
902,C,33426434,GNU C++11,WRONG_ANSWER,3289,1513701000,KhozmoS,CONTESTANT,PRETESTS,3,15,18124800
902,C,33426754,GNU C++11,WRONG_ANSWER,3407,1513701117,KhozmoS,CONTESTANT,PRETESTS,4,15,18124800
902,C,33426874,GNU C++11,WRONG_ANSWER,3451,1513701161,KhozmoS,CONTESTANT,PRETESTS,6,15,18124800
902,C,33427495,GNU C++11,OK,3681,1513701392,KhozmoS,CONTESTANT,TESTS,45,265,20992000
902,E,33435393,GNU C++11,COMPILATION_ERROR,7122,1513704832,KhozmoS,CONTESTANT,PRETESTS,0,0,0
902,E,33435674,GNU C++11,RUNTIME_ERROR,7186,1513704897,KhozmoS,CONTESTANT,PRETESTS,0,15,7782400
902,A,33413579,GNU C++11,CHALLENGED,407,1513698117,Khujamurod97,CONTESTANT,CHALLENGES,8,15,2560000
902,B,33418211,GNU C++11,OK,1141,1513698851,Khujamurod97,CONTESTANT,TESTS,50,30,4608000
902,C,33425884,GNU C++11,OK,3103,1513700813,Khujamurod97,CONTESTANT,TESTS,45,233,3379200
902,D,33434819,GNU C++11,WRONG_ANSWER,6930,1513704641,Khujamurod97,CONTESTANT,PRETESTS,2,15,2048000
902,A,33412804,C++14 (GCC 6-32),OK,243,1513697954,KiKoS,CONTESTANT,TESTS,55,15,1945600
902,B,33415078,C++14 (GCC 6-32),OK,647,1513698358,KiKoS,CONTESTANT,TESTS,50,249,2560000
902,C,33420883,C++14 (GCC 6-32),RUNTIME_ERROR,1705,1513699416,KiKoS,CONTESTANT,PRETESTS,8,15,1843200
902,C,33421599,C++14 (GCC 6-32),OK,1881,1513699591,KiKoS,CONTESTANT,TESTS,45,124,5836800
902,A,33413197,C++14 (GCC 6-32),WRONG_ANSWER,348,1513698048,KiRiL_ZaYaC,CONTESTANT,PRETESTS,2,15,1843200
902,A,33414781,C++14 (GCC 6-32),OK,610,1513698310,KiRiL_ZaYaC,CONTESTANT,TESTS,55,15,1945600
902,B,33426469,C++14 (GCC 6-32),WRONG_ANSWER,3311,1513701011,KiRiL_ZaYaC,CONTESTANT,PRETESTS,2,0,2048000
902,B,33428087,C++14 (GCC 6-32),TIME_LIMIT_EXCEEDED,3910,1513701610,KiRiL_ZaYaC,CONTESTANT,TESTS,17,1000,2355200
902,A,33412636,C++14 (GCC 6-32),COMPILATION_ERROR,134,1513697834,Kideri,CONTESTANT,PRETESTS,0,0,0
902,A,33412649,C++14 (GCC 6-32),OK,157,1513697857,Kideri,CONTESTANT,TESTS,55,15,5939200
902,B,33413454,C++14 (GCC 6-32),OK,395,1513698095,Kideri,CONTESTANT,TESTS,50,31,19353600
902,C,33417337,C++14 (GCC 6-32),WRONG_ANSWER,1004,1513698704,Kideri,CONTESTANT,PRETESTS,1,15,5939200
902,C,33417502,C++14 (GCC 6-32),OK,1032,1513698732,Kideri,CONTESTANT,TESTS,45,78,8499200
902,D,33419126,C++14 (GCC 6-32),WRONG_ANSWER,1337,1513699037,Kideri,CONTESTANT,PRETESTS,1,15,1843200
902,D,33420263,C++14 (GCC 6-32),WRONG_ANSWER,1571,1513699271,Kideri,CONTESTANT,PRETESTS,2,0,1843200
902,D,33424372,C++14 (GCC 6-32),WRONG_ANSWER,2644,1513700344,Kideri,CONTESTANT,PRETESTS,3,15,1945600
902,D,33425819,C++14 (GCC 6-32),WRONG_ANSWER,3095,1513700795,Kideri,CONTESTANT,PRETESTS,2,0,1945600
902,D,33431581,C++14 (GCC 6-32),WRONG_ANSWER,5400,1513703100,Kideri,CONTESTANT,PRETESTS,2,0,1945600
902,D,33432327,C++14 (GCC 6-32),WRONG_ANSWER,5777,1513703477,Kideri,CONTESTANT,PRETESTS,4,15,1945600
902,D,33432864,C++14 (GCC 6-32),WRONG_ANSWER,6046,1513703746,Kideri,CONTESTANT,PRETESTS,4,15,1945600
902,A,33412962,Python 3,COMPILATION_ERROR,291,1513698001,KieranHorgan,CONTESTANT,PRETESTS,0,0,0
902,A,33413019,C++14 (GCC 6-32),OK,302,1513698012,KieranHorgan,CONTESTANT,TESTS,55,15,1945600
902,B,33417535,C++14 (GCC 6-32),OK,1028,1513698739,KieranHorgan,CONTESTANT,TESTS,50,280,2764800
902,C,33426672,C++14 (GCC 6-32),OK,3390,1513701090,KieranHorgan,CONTESTANT,TESTS,45,140,19660800
902,A,33418030,C++14 (GCC 6-32),WRONG_ANSWER,1122,1513698822,Kilany01100010,CONTESTANT,PRETESTS,2,15,1945600
902,A,33424967,C++14 (GCC 6-32),WRONG_ANSWER,2820,1513700520,Kilany01100010,CONTESTANT,PRETESTS,0,0,1843200
902,A,33425309,C++14 (GCC 6-32),WRONG_ANSWER,2929,1513700629,Kilany01100010,CONTESTANT,PRETESTS,0,0,1843200
902,A,33425459,C++14 (GCC 6-32),WRONG_ANSWER,2979,1513700679,Kilany01100010,CONTESTANT,PRETESTS,0,0,1843200
902,A,33425909,C++14 (GCC 6-32),WRONG_ANSWER,3122,1513700822,Kilany01100010,CONTESTANT,PRETESTS,0,0,1843200
902,A,33427190,C++14 (GCC 6-32),WRONG_ANSWER,3582,1513701282,Kilany01100010,CONTESTANT,PRETESTS,0,0,1945600
902,A,33427295,C++14 (GCC 6-32),WRONG_ANSWER,3622,1513701322,Kilany01100010,CONTESTANT,PRETESTS,2,15,1945600
902,A,33433373,C++14 (GCC 6-32),WRONG_ANSWER,6280,1513703981,Kilany01100010,CONTESTANT,PRETESTS,2,15,1843200
902,A,33415732,GNU C,WRONG_ANSWER,754,1513698454,Killer00,CONTESTANT,PRETESTS,2,15,1843200
902,A,33418642,GNU C,WRONG_ANSWER,1230,1513698930,Killer00,CONTESTANT,PRETESTS,0,0,1843200
902,A,33421239,GNU C,CHALLENGED,1802,1513699502,Killer00,CONTESTANT,CHALLENGES,8,15,1843200
902,A,33417491,C++14 (GCC 6-32),WRONG_ANSWER,1030,1513698730,Killer_Mind,CONTESTANT,PRETESTS,2,15,1945600
902,A,33420312,C++14 (GCC 6-32),WRONG_ANSWER,1579,1513699279,Killer_Mind,CONTESTANT,PRETESTS,1,15,1843200
902,A,33423044,C++14 (GCC 6-32),SKIPPED,2274,1513699974,Killer_Mind,CONTESTANT,PRETESTS,8,0,1945600
902,A,33424440,C++14 (GCC 6-32),WRONG_ANSWER,2668,1513700368,Killer_Mind,CONTESTANT,TESTS,16,30,1945600
902,B,33435378,C++14 (GCC 6-32),OK,7128,1513704828,Killer_Mind,CONTESTANT,TESTS,50,30,2560000
902,A,33413354,C++14 (GCC 6-32),WRONG_ANSWER,377,1513698077,KirillShin,CONTESTANT,TESTS,47,15,1945600
902,B,33419491,C++14 (GCC 6-32),OK,1406,1513699106,KirillShin,CONTESTANT,TESTS,50,15,2560000
902,C,33425836,C++14 (GCC 6-32),WRONG_ANSWER,3100,1513700800,KirillShin,CONTESTANT,PRETESTS,4,15,2252800
902,C,33426984,C++14 (GCC 6-32),OK,3498,1513701198,KirillShin,CONTESTANT,TESTS,45,93,4915200
902,A,33415381,C++14 (GCC 6-32),OK,704,1513698404,Kirin_29,CONTESTANT,TESTS,55,15,1945600
902,B,33425716,C++14 (GCC 6-32),OK,3062,1513700762,Kirin_29,CONTESTANT,TESTS,50,202,2457600
902,A,33413778,MS C#,OK,451,1513698151,Kirundel,CONTESTANT,TESTS,55,62,11776000
902,B,33416854,MS C#,OK,923,1513698623,Kirundel,CONTESTANT,TESTS,50,62,14028800
902,C,33420448,MS C#,OK,1613,1513699313,Kirundel,CONTESTANT,TESTS,45,140,28569600
902,D,33428963,MS C#,WRONG_ANSWER,4264,1513701964,Kirundel,CONTESTANT,PRETESTS,2,46,11673600
902,D,33430090,MS C#,WRONG_ANSWER,4740,1513702440,Kirundel,CONTESTANT,PRETESTS,2,46,11673600
902,D,33433875,MS C#,WRONG_ANSWER,6510,1513704210,Kirundel,CONTESTANT,PRETESTS,1,62,11673600
902,D,33434384,MS C#,WRONG_ANSWER,6750,1513704450,Kirundel,CONTESTANT,PRETESTS,2,31,11673600
902,D,33434455,MS C#,WRONG_ANSWER,6782,1513704482,Kirundel,CONTESTANT,PRETESTS,0,31,11673600
902,D,33434722,MS C#,WRONG_ANSWER,6895,1513704595,Kirundel,CONTESTANT,PRETESTS,0,31,11673600
902,D,33434991,MS C#,WRONG_ANSWER,7000,1513704700,Kirundel,CONTESTANT,PRETESTS,2,46,11673600
902,D,33435283,MS C#,WRONG_ANSWER,7098,1513704798,Kirundel,CONTESTANT,PRETESTS,2,62,11673600
902,D,33435436,MS C#,WRONG_ANSWER,7148,1513704848,Kirundel,CONTESTANT,PRETESTS,2,46,11673600
902,A,33426774,C++14 (GCC 6-32),CHALLENGED,3424,1513701124,Kitaec-_-,CONTESTANT,CHALLENGES,8,15,1843200
902,A,33412748,GNU C++11,WRONG_ANSWER,227,1513697927,KlRIESHKA,CONTESTANT,PRETESTS,2,15,22118400
902,A,33413561,GNU C++11,WRONG_ANSWER,415,1513698115,KlRIESHKA,CONTESTANT,PRETESTS,3,15,22118400
902,A,33414224,GNU C++11,WRONG_ANSWER,522,1513698222,KlRIESHKA,CONTESTANT,PRETESTS,3,15,38195200
902,A,33414951,GNU C++11,OK,638,1513698338,KlRIESHKA,CONTESTANT,TESTS,55,15,38195200
902,B,33418601,GNU C++11,OK,1223,1513698923,KlRIESHKA,CONTESTANT,TESTS,50,46,6144000
902,C,33425050,GNU C++11,OK,2845,1513700545,KlRIESHKA,CONTESTANT,TESTS,45,343,5632000
902,A,33413757,C++14 (GCC 6-32),TIME_LIMIT_EXCEEDED,438,1513698148,Klesomik,CONTESTANT,PRETESTS,2,1000,2048000
902,A,33414534,C++14 (GCC 6-32),OK,562,1513698272,Klesomik,CONTESTANT,TESTS,55,15,2048000
902,B,33420605,C++14 (GCC 6-32),OK,1640,1513699350,Klesomik,CONTESTANT,TESTS,50,30,2457600
902,C,33426098,C++14 (GCC 6-32),WRONG_ANSWER,3177,1513700888,Klesomik,CONTESTANT,PRETESTS,1,15,1843200
902,C,33426599,C++14 (GCC 6-32),WRONG_ANSWER,3350,1513701061,Klesomik,CONTESTANT,PRETESTS,1,15,1843200
902,C,33426727,C++14 (GCC 6-32),OK,3398,1513701109,Klesomik,CONTESTANT,TESTS,45,93,5222400
902,A,33413803,C++14 (GCC 6-32),WRONG_ANSWER,456,1513698156,KlzX,CONTESTANT,PRETESTS,0,15,1945600
902,A,33417137,C++14 (GCC 6-32),WRONG_ANSWER,970,1513698670,KlzX,CONTESTANT,PRETESTS,4,15,1945600
902,A,33419131,C++14 (GCC 6-32),WRONG_ANSWER,1338,1513699038,KlzX,CONTESTANT,PRETESTS,4,0,1843200
902,A,33420148,C++14 (GCC 6-32),WRONG_ANSWER,1545,1513699245,KlzX,CONTESTANT,TESTS,16,15,1945600
902,B,33422625,C++14 (GCC 6-32),OK,2161,1513699861,KlzX,CONTESTANT,TESTS,50,31,2560000
902,C,33427612,C++14 (GCC 6-32),WRONG_ANSWER,3734,1513701434,KlzX,CONTESTANT,PRETESTS,3,15,1843200
902,C,33429580,C++14 (GCC 6-32),WRONG_ANSWER,4522,1513702222,KlzX,CONTESTANT,PRETESTS,6,15,2048000
902,C,33430700,C++14 (GCC 6-32),WRONG_ANSWER,4996,1513702696,KlzX,CONTESTANT,TESTS,37,78,7577600
902,A,33413451,GNU C++11,CHALLENGED,394,1513698094,Knight_of_Thirteen,CONTESTANT,CHALLENGES,8,15,2048000
902,B,33416426,GNU C++11,OK,854,1513698554,Knight_of_Thirteen,CONTESTANT,TESTS,50,46,2560000
902,C,33422017,GNU C++11,OK,1998,1513699698,Knight_of_Thirteen,CONTESTANT,TESTS,45,327,2457600
902,D,33427382,GNU C++11,WRONG_ANSWER,3651,1513701351,Knight_of_Thirteen,CONTESTANT,PRETESTS,6,15,2048000
902,D,33430430,GNU C++11,OK,4871,1513702571,Knight_of_Thirteen,CONTESTANT,TESTS,150,31,2048000
902,A,33416645,GNU C++11,WRONG_ANSWER,890,1513698590,KobetheGOAT,CONTESTANT,PRETESTS,4,15,2048000
902,A,33418685,GNU C++11,OK,1239,1513698939,KobetheGOAT,CONTESTANT,TESTS,55,15,2048000
902,B,33423043,GNU C++11,OK,2274,1513699974,KobetheGOAT,CONTESTANT,TESTS,50,46,2560000
902,A,33412698,C++14 (GCC 6-32),CHALLENGED,193,1513697903,Kognition,CONTESTANT,CHALLENGES,8,15,1945600
902,B,33415558,C++14 (GCC 6-32),OK,718,1513698429,Kognition,CONTESTANT,TESTS,50,15,2560000
902,C,33422591,C++14 (GCC 6-32),OK,2141,1513699852,Kognition,CONTESTANT,TESTS,45,124,8908800
902,D,33426799,C++14 (GCC 6-32),WRONG_ANSWER,3425,1513701135,Kognition,CONTESTANT,PRETESTS,2,15,1945600
902,A,33428777,C++14 (GCC 6-32),OK,4183,1513701893,Kognition,CONTESTANT,TESTS,55,15,1945600
902,A,33415389,Python 3,OK,705,1513698405,Koi_ga_umareru,CONTESTANT,TESTS,55,62,5529600
902,B,33422631,C++14 (GCC 6-32),OK,2163,1513699863,Koi_ga_umareru,CONTESTANT,TESTS,50,31,2457600
902,C,33430132,C++14 (GCC 6-32),WRONG_ANSWER,4755,1513702455,Koi_ga_umareru,CONTESTANT,PRETESTS,1,15,2662400
902,C,33430200,C++14 (GCC 6-32),RUNTIME_ERROR,4779,1513702479,Koi_ga_umareru,CONTESTANT,PRETESTS,2,15,2662400
902,C,33430513,C++14 (GCC 6-32),RUNTIME_ERROR,4907,1513702607,Koi_ga_umareru,CONTESTANT,PRETESTS,2,0,1945600
902,C,33430936,C++14 (GCC 6-32),WRONG_ANSWER,5084,1513702784,Koi_ga_umareru,CONTESTANT,PRETESTS,4,15,1945600
902,C,33433175,Python 3,OK,6194,1513703894,Koi_ga_umareru,CONTESTANT,TESTS,45,686,18227200
902,A,33418079,C++14 (GCC 6-32),OK,1128,1513698828,Komanda,CONTESTANT,TESTS,55,15,1945600
902,B,33430044,C++14 (GCC 6-32),OK,4715,1513702415,Komanda,CONTESTANT,TESTS,50,280,2457600
902,A,33418179,MS C++,WRONG_ANSWER,1147,1513698847,Kosmonavt,CONTESTANT,PRETESTS,4,15,2048000
902,A,33419464,MS C++,WRONG_ANSWER,1400,1513699100,Kosmonavt,CONTESTANT,PRETESTS,4,15,2048000
902,A,33424652,MS C++,WRONG_ANSWER,2730,1513700430,Kosmonavt,CONTESTANT,PRETESTS,4,15,2048000
902,A,33424977,MS C++,WRONG_ANSWER,2822,1513700522,Kosmonavt,CONTESTANT,PRETESTS,2,0,2048000
902,A,33426530,MS C++,CHALLENGED,3333,1513701033,Kosmonavt,CONTESTANT,CHALLENGES,8,15,2048000
902,B,33431232,MS C++,MEMORY_LIMIT_EXCEEDED,5231,1513702931,Kosmonavt,CONTESTANT,PRETESTS,5,248,268390400
902,B,33432181,MS C++,OK,5703,1513703403,Kosmonavt,CONTESTANT,TESTS,50,31,2457600
902,A,33413006,C++14 (GCC 6-32),OK,300,1513698010,Kosteks,CONTESTANT,TESTS,55,15,1945600
902,B,33416667,C++14 (GCC 6-32),OK,882,1513698593,Kosteks,CONTESTANT,TESTS,50,30,2560000
902,C,33422443,C++14 (GCC 6-32),OK,2100,1513699810,Kosteks,CONTESTANT,TESTS,45,93,5222400
902,A,33413342,C++14 (GCC 6-32),WRONG_ANSWER,375,1513698075,Krimpai,CONTESTANT,PRETESTS,2,15,1843200
902,A,33413998,C++14 (GCC 6-32),COMPILATION_ERROR,488,1513698188,Krimpai,CONTESTANT,PRETESTS,0,0,0
902,A,33414231,C++14 (GCC 6-32),WRONG_ANSWER,524,1513698224,Krimpai,CONTESTANT,PRETESTS,2,15,1945600
902,A,33417625,C++14 (GCC 6-32),OK,1055,1513698755,Krimpai,CONTESTANT,TESTS,55,15,1945600
902,B,33423238,C++14 (GCC 6-32),OK,2339,1513700039,Krimpai,CONTESTANT,TESTS,50,15,2764800
902,A,33413013,Java 8,OK,311,1513698011,Kroma,CONTESTANT,TESTS,55,124,20684800
902,B,33416698,Java 8,OK,898,1513698598,Kroma,CONTESTANT,TESTS,50,140,20889600
902,C,33421582,Java 8,OK,1888,1513699588,Kroma,CONTESTANT,TESTS,45,873,21299200
902,D,33425449,Java 8,OK,2975,1513700675,Kroma,CONTESTANT,TESTS,150,156,20992000
902,A,33421591,C++14 (GCC 6-32),WRONG_ANSWER,1890,1513699590,KronoFaze,CONTESTANT,PRETESTS,2,15,1945600
902,A,33422783,C++14 (GCC 6-32),OK,2205,1513699905,KronoFaze,CONTESTANT,TESTS,55,15,1945600
902,A,33415694,C++14 (GCC 6-32),WRONG_ANSWER,747,1513698447,Kruti_20,CONTESTANT,PRETESTS,4,0,1945600
902,A,33418919,C++14 (GCC 6-32),WRONG_ANSWER,1278,1513698989,Kruti_20,CONTESTANT,PRETESTS,4,0,1843200
902,A,33421817,C++14 (GCC 6-32),WRONG_ANSWER,1934,1513699644,Kruti_20,CONTESTANT,PRETESTS,2,15,1945600
902,A,33414192,FPC,WRONG_ANSWER,507,1513698218,KryXtal,CONTESTANT,PRETESTS,3,0,1638400
902,A,33416555,FPC,OK,866,1513698577,KryXtal,CONTESTANT,TESTS,55,15,1638400
902,B,33422647,FPC,WRONG_ANSWER,2157,1513699867,KryXtal,CONTESTANT,PRETESTS,1,15,1843200
902,B,33423617,FPC,OK,2424,1513700135,KryXtal,CONTESTANT,TESTS,50,15,2662400
902,A,33412774,GNU C++11,OK,229,1513697939,KudoCo,CONTESTANT,TESTS,55,31,2048000
902,B,33414535,GNU C++11,OK,562,1513698272,KudoCo,CONTESTANT,TESTS,50,15,2662400
902,C,33423746,GNU C++11,WRONG_ANSWER,2463,1513700174,KudoCo,CONTESTANT,PRETESTS,6,15,2867200
902,C,33427100,GNU C++11,WRONG_ANSWER,3533,1513701243,KudoCo,CONTESTANT,PRETESTS,6,15,2867200
902,C,33429584,GNU C++11,SKIPPED,4514,1513702224,KudoCo,CONTESTANT,PRETESTS,13,46,21299200
902,C,33429812,GNU C++11,OK,4610,1513702321,KudoCo,CONTESTANT,TESTS,45,140,22835200
902,A,33417842,C++14 (GCC 6-32),WRONG_ANSWER,1092,1513698792,Kunal.h,CONTESTANT,TESTS,8,15,1843200
902,B,33432493,C++14 (GCC 6-32),OK,5861,1513703561,Kunal.h,CONTESTANT,TESTS,50,31,2457600
902,A,33415745,C++14 (GCC 6-32),TIME_LIMIT_EXCEEDED,756,1513698456,Kush.code,CONTESTANT,PRETESTS,7,1000,1843200
902,A,33416682,C++14 (GCC 6-32),WRONG_ANSWER,895,1513698595,Kush.code,CONTESTANT,TESTS,47,15,1945600
902,B,33421593,C++14 (GCC 6-32),OK,1890,1513699590,Kush.code,CONTESTANT,TESTS,50,31,2457600
902,C,33427216,C++14 (GCC 6-32),OK,3589,1513701289,Kush.code,CONTESTANT,TESTS,45,156,3891200
902,D,33435189,C++14 (GCC 6-32),WRONG_ANSWER,7067,1513704767,Kush.code,CONTESTANT,PRETESTS,0,0,1843200
902,D,33435609,C++14 (GCC 6-32),COMPILATION_ERROR,7185,1513704885,Kush.code,CONTESTANT,PRETESTS,0,0,0
902,A,33413987,GNU C++,OK,486,1513698186,Kuzia,CONTESTANT,TESTS,55,30,2048000
902,C,33429711,GNU C++,WRONG_ANSWER,4577,1513702277,Kuzia,CONTESTANT,PRETESTS,3,15,2048000
902,C,33430962,GNU C++,WRONG_ANSWER,5100,1513702800,Kuzia,CONTESTANT,PRETESTS,1,15,2048000
902,C,33432015,GNU C++,WRONG_ANSWER,5623,1513703323,Kuzia,CONTESTANT,PRETESTS,4,15,2048000
902,C,33433923,GNU C++,OK,6534,1513704234,Kuzia,CONTESTANT,TESTS,45,312,3072000
902,A,33415917,Java 8,WRONG_ANSWER,769,1513698479,Kya_Karoge_Naam_Jaanke,CONTESTANT,PRETESTS,2,109,20582400
902,A,33419951,Java 8,WRONG_ANSWER,1502,1513699202,Kya_Karoge_Naam_Jaanke,CONTESTANT,PRETESTS,2,109,20582400
902,A,33421907,Java 8,WRONG_ANSWER,1969,1513699669,Kya_Karoge_Naam_Jaanke,CONTESTANT,PRETESTS,2,109,20582400
902,A,33431214,Java 8,WRONG_ANSWER,5223,1513702923,Kya_Karoge_Naam_Jaanke,CONTESTANT,PRETESTS,2,109,20684800
902,A,33435117,Java 8,WRONG_ANSWER,7038,1513704738,Kya_Karoge_Naam_Jaanke,CONTESTANT,PRETESTS,2,109,20582400
902,A,33415390,GNU C++,OK,705,1513698405,Kyuu,CONTESTANT,TESTS,55,30,2048000
902,B,33422891,GNU C++,WRONG_ANSWER,2231,1513699931,Kyuu,CONTESTANT,PRETESTS,5,124,2457600
902,B,33425375,GNU C++,OK,2952,1513700652,Kyuu,CONTESTANT,TESTS,50,311,2560000
902,C,33430129,GNU C++,WRONG_ANSWER,4755,1513702455,Kyuu,CONTESTANT,PRETESTS,1,15,2457600
902,C,33431680,GNU C++,WRONG_ANSWER,5450,1513703150,Kyuu,CONTESTANT,PRETESTS,4,0,2457600
902,C,33433429,GNU C++,OK,6309,1513704009,Kyuu,CONTESTANT,TESTS,45,327,2457600
902,A,33415541,Java 8,WRONG_ANSWER,727,1513698427,L0CHINBEK,CONTESTANT,PRETESTS,1,124,20992000
902,A,33416380,Java 8,WRONG_ANSWER,847,1513698547,L0CHINBEK,CONTESTANT,PRETESTS,2,155,20992000
902,A,33420972,C++14 (GCC 6-32),WRONG_ANSWER,1738,1513699438,L0rdV0ldemort000006,CONTESTANT,TESTS,11,15,3481600
902,B,33426902,C++14 (GCC 6-32),OK,3470,1513701170,L0rdV0ldemort000006,CONTESTANT,TESTS,50,31,33280000
902,C,33433295,C++14 (GCC 6-32),COMPILATION_ERROR,6247,1513703947,L0rdV0ldemort000006,CONTESTANT,PRETESTS,0,0,0
902,C,33433539,C++14 (GCC 6-32),WRONG_ANSWER,6349,1513704049,L0rdV0ldemort000006,CONTESTANT,PRETESTS,1,15,42803200
902,C,33433669,C++14 (GCC 6-32),WRONG_ANSWER,6412,1513704112,L0rdV0ldemort000006,CONTESTANT,PRETESTS,1,15,42803200
902,C,33434531,C++14 (GCC 6-32),WRONG_ANSWER,6816,1513704516,L0rdV0ldemort000006,CONTESTANT,PRETESTS,2,15,42803200
902,A,33415784,GNU C++11,OK,763,1513698463,LLLYX,CONTESTANT,TESTS,55,15,2048000
902,B,33424301,GNU C++11,OK,2626,1513700326,LLLYX,CONTESTANT,TESTS,50,31,2560000
902,C,33430693,GNU C++11,OK,4992,1513702692,LLLYX,CONTESTANT,TESTS,45,109,3686400
902,A,33422850,GNU C++,OK,2222,1513699923,LVAO,CONTESTANT,TESTS,55,15,1843200
902,A,33428900,C++14 (GCC 6-32),WRONG_ANSWER,4236,1513701936,LVL,CONTESTANT,PRETESTS,2,15,1945600
902,B,33419788,GNU C++11,OK,1465,1513699165,Lakh,CONTESTANT,TESTS,50,46,3686400
902,A,33422613,GNU C++11,WRONG_ANSWER,2157,1513699857,Lakh,CONTESTANT,PRETESTS,4,15,2048000
902,A,33426630,GNU C++11,WRONG_ANSWER,3378,1513701078,Lakh,CONTESTANT,PRETESTS,5,15,2048000
902,A,33427401,GNU C++11,WRONG_ANSWER,3658,1513701358,Lakh,CONTESTANT,PRETESTS,3,15,2048000
902,A,33427956,GNU C++11,OK,3858,1513701558,Lakh,CONTESTANT,TESTS,55,15,2048000
902,A,33425180,C++14 (GCC 6-32),WRONG_ANSWER,2886,1513700586,Lalithanjali,CONTESTANT,PRETESTS,2,15,1843200
902,A,33432114,C++14 (GCC 6-32),WRONG_ANSWER,5672,1513703372,Lalithanjali,CONTESTANT,PRETESTS,0,15,1843200
902,A,33432591,C++14 (GCC 6-32),WRONG_ANSWER,5916,1513703616,Lalithanjali,CONTESTANT,PRETESTS,0,0,1843200
902,A,33433571,C++14 (GCC 6-32),WRONG_ANSWER,6366,1513704066,Lalithanjali,CONTESTANT,PRETESTS,0,0,1843200
902,A,33432199,C++14 (GCC 6-32),OK,5711,1513703411,LanaDelAndrey,CONTESTANT,TESTS,55,15,1945600
902,A,33413395,GNU C++11,OK,384,1513698084,Laurentiu,CONTESTANT,TESTS,55,15,2048000
902,B,33418842,GNU C++11,OK,1270,1513698970,Laurentiu,CONTESTANT,TESTS,50,46,2457600
902,C,33432509,GNU C++11,WRONG_ANSWER,5871,1513703571,Laurentiu,CONTESTANT,PRETESTS,6,15,2867200
902,C,33434904,GNU C++11,WRONG_ANSWER,6972,1513704672,Laurentiu,CONTESTANT,PRETESTS,6,15,3686400
902,C,33435324,GNU C++11,WRONG_ANSWER,7111,1513704811,Laurentiu,CONTESTANT,PRETESTS,6,15,3686400
902,A,33419055,MS C#,WRONG_ANSWER,1311,1513699022,Lay-Z,CONTESTANT,PRETESTS,1,30,11673600
902,A,33421555,MS C#,OK,1872,1513699582,Lay-Z,CONTESTANT,TESTS,55,62,11776000
902,A,33416958,C++14 (GCC 6-32),WRONG_ANSWER,938,1513698638,LayZ,CONTESTANT,PRETESTS,5,15,1945600
902,A,33417514,C++14 (GCC 6-32),OK,1034,1513698734,LayZ,CONTESTANT,TESTS,55,15,1945600
902,B,33422718,C++14 (GCC 6-32),OK,2186,1513699886,LayZ,CONTESTANT,TESTS,50,234,5120000
902,C,33432709,C++14 (GCC 6-32),OK,5967,1513703667,LayZ,CONTESTANT,TESTS,45,155,2662400
902,A,33413675,C++14 (GCC 6-32),OK,434,1513698134,LazyMediocre,CONTESTANT,TESTS,55,15,2252800
902,B,33419257,C++14 (GCC 6-32),OK,1350,1513699061,LazyMediocre,CONTESTANT,TESTS,50,31,4300800
902,C,33431078,C++14 (GCC 6-32),WRONG_ANSWER,5155,1513702855,LazyMediocre,CONTESTANT,PRETESTS,4,15,9216000
902,C,33432583,C++14 (GCC 6-32),OK,5913,1513703613,LazyMediocre,CONTESTANT,TESTS,45,124,13312000
902,A,33416106,GNU C++11,OK,807,1513698507,Lazy_noob,CONTESTANT,TESTS,55,15,2252800
902,B,33422664,GNU C++11,OK,2172,1513699872,Lazy_noob,CONTESTANT,TESTS,50,46,5324800
902,A,33413878,C++14 (GCC 6-32),WRONG_ANSWER,456,1513698167,LeGross,CONTESTANT,PRETESTS,3,15,1843200
902,A,33414434,C++14 (GCC 6-32),WRONG_ANSWER,547,1513698257,LeGross,CONTESTANT,PRETESTS,3,0,1945600
902,A,33414770,C++14 (GCC 6-32),WRONG_ANSWER,597,1513698307,LeGross,CONTESTANT,PRETESTS,3,15,1843200
902,A,33418403,C++14 (GCC 6-32),WRONG_ANSWER,1174,1513698885,LeGross,CONTESTANT,PRETESTS,3,15,2662400
902,A,33419911,C++14 (GCC 6-32),OK,1482,1513699193,LeGross,CONTESTANT,TESTS,55,15,2662400
902,B,33425674,C++14 (GCC 6-32),OK,3036,1513700747,LeGross,CONTESTANT,TESTS,50,15,3993600
902,C,33433705,C++14 (GCC 6-32),WRONG_ANSWER,6416,1513704127,LeGross,CONTESTANT,PRETESTS,4,15,2662400
902,C,33435348,C++14 (GCC 6-32),WRONG_ANSWER,7108,1513704819,LeGross,CONTESTANT,PRETESTS,3,0,2662400
902,C,33435488,C++14 (GCC 6-32),OK,7151,1513704861,LeGross,CONTESTANT,TESTS,45,78,5632000
902,A,33413484,Java 8,OK,400,1513698100,Lear,CONTESTANT,TESTS,55,124,21299200
902,B,33418255,Java 8,OK,1161,1513698861,Lear,CONTESTANT,TESTS,50,140,21504000
902,C,33424486,Java 8,OK,2684,1513700384,Lear,CONTESTANT,TESTS,45,218,21401600
902,A,33414518,GNU C++11,WRONG_ANSWER,569,1513698269,Learner99,CONTESTANT,PRETESTS,4,15,2048000
902,A,33415841,GNU C++11,WRONG_ANSWER,769,1513698469,Learner99,CONTESTANT,TESTS,47,15,2048000
902,B,33420860,GNU C++11,OK,1712,1513699412,Learner99,CONTESTANT,TESTS,50,46,2560000
902,C,33426898,GNU C++11,WRONG_ANSWER,3470,1513701170,Learner99,CONTESTANT,PRETESTS,3,15,2048000
902,C,33428799,GNU C++11,WRONG_ANSWER,4199,1513701899,Learner99,CONTESTANT,PRETESTS,1,15,2048000
902,C,33429101,GNU C++11,OK,4319,1513702019,Learner99,CONTESTANT,TESTS,45,327,4096000
902,A,33416976,GNU C++11,OK,940,1513698640,Leemur,CONTESTANT,TESTS,55,15,2048000
902,B,33419548,GNU C++11,OK,1420,1513699120,Leemur,CONTESTANT,TESTS,50,280,2662400
902,C,33425502,GNU C++11,WRONG_ANSWER,2991,1513700691,Leemur,CONTESTANT,PRETESTS,3,15,2867200
902,C,33426529,GNU C++11,WRONG_ANSWER,3333,1513701033,Leemur,CONTESTANT,PRETESTS,3,15,2867200
902,C,33427610,GNU C++11,WRONG_ANSWER,3733,1513701433,Leemur,CONTESTANT,PRETESTS,3,15,2867200
902,C,33431539,GNU C++11,WRONG_ANSWER,5380,1513703080,Leemur,CONTESTANT,TESTS,37,93,4403200
902,A,33414497,C++14 (GCC 6-32),WRONG_ANSWER,555,1513698266,Legendary_Letby,CONTESTANT,PRETESTS,2,15,1945600
902,A,33416490,C++14 (GCC 6-32),WRONG_ANSWER,855,1513698566,Legendary_Letby,CONTESTANT,PRETESTS,4,15,1843200
902,A,33417765,C++14 (GCC 6-32),WRONG_ANSWER,1068,1513698778,Legendary_Letby,CONTESTANT,PRETESTS,4,15,1945600
902,A,33418316,C++14 (GCC 6-32),WRONG_ANSWER,1160,1513698870,Legendary_Letby,CONTESTANT,PRETESTS,4,15,1945600
902,A,33416707,C++14 (GCC 6-32),WRONG_ANSWER,900,1513698600,Legendary_Loser,CONTESTANT,PRETESTS,2,15,1945600
902,A,33418364,C++14 (GCC 6-32),WRONG_ANSWER,1178,1513698878,Legendary_Loser,CONTESTANT,PRETESTS,2,0,1945600
902,A,33420100,C++14 (GCC 6-32),WRONG_ANSWER,1535,1513699235,Legendary_Loser,CONTESTANT,PRETESTS,2,15,1945600
902,A,33420624,GNU C++11,WRONG_ANSWER,1653,1513699353,Lelakhokhiashvili,CONTESTANT,PRETESTS,0,0,2048000
902,A,33421087,GNU C++11,WRONG_ANSWER,1765,1513699465,Lelakhokhiashvili,CONTESTANT,PRETESTS,1,0,2048000
902,A,33422767,GNU C++11,WRONG_ANSWER,2202,1513699902,Lelakhokhiashvili,CONTESTANT,PRETESTS,0,0,2048000
902,A,33423248,GNU C++11,WRONG_ANSWER,2341,1513700041,Lelakhokhiashvili,CONTESTANT,PRETESTS,2,15,2048000
902,A,33425646,GNU C++11,WRONG_ANSWER,3036,1513700736,Lelakhokhiashvili,CONTESTANT,PRETESTS,2,15,2048000
902,A,33412965,Python 2,WRONG_ANSWER,302,1513698002,LeoWhitehead,CONTESTANT,PRETESTS,0,62,4710400
902,A,33413193,Python 2,WRONG_ANSWER,347,1513698047,LeoWhitehead,CONTESTANT,PRETESTS,0,61,4812800
902,A,33413649,Python 2,WRONG_ANSWER,430,1513698130,LeoWhitehead,CONTESTANT,PRETESTS,0,46,4710400
902,A,33414003,C++14 (GCC 6-32),WRONG_ANSWER,488,1513698188,LeoWhitehead,CONTESTANT,PRETESTS,1,15,1843200
902,A,33414011,C++14 (GCC 6-32),WRONG_ANSWER,489,1513698189,Leohh123,CONTESTANT,PRETESTS,4,15,1945600
902,A,33414737,C++14 (GCC 6-32),OK,602,1513698302,Leohh123,CONTESTANT,TESTS,55,15,1945600
902,B,33418656,C++14 (GCC 6-32),OK,1234,1513698934,Leohh123,CONTESTANT,TESTS,50,31,2560000
902,C,33425525,C++14 (GCC 6-32),WRONG_ANSWER,3000,1513700700,Leohh123,CONTESTANT,PRETESTS,4,15,3891200
902,C,33426291,C++14 (GCC 6-32),OK,3251,1513700951,Leohh123,CONTESTANT,TESTS,45,140,3891200
902,A,33422892,Java 8,WRONG_ANSWER,2231,1513699931,Leon-Leon,CONTESTANT,PRETESTS,2,109,20684800
902,A,33425676,Java 8,OK,3047,1513700747,Leon-Leon,CONTESTANT,TESTS,55,124,20684800
902,A,33419557,Rust,WRONG_ANSWER,1423,1513699123,Leonardone,CONTESTANT,PRETESTS,2,15,1433600
902,A,33419914,Rust,OK,1493,1513699193,Leonardone,CONTESTANT,TESTS,55,30,1433600
902,B,33434352,Rust,OK,6740,1513704440,Leonardone,CONTESTANT,TESTS,50,31,2048000
902,A,33415644,C++14 (GCC 6-32),OK,740,1513698440,Leonov,CONTESTANT,TESTS,55,15,1945600
902,B,33422853,C++14 (GCC 6-32),OK,2223,1513699923,Leonov,CONTESTANT,TESTS,50,46,2457600
902,C,33427688,C++14 (GCC 6-32),WRONG_ANSWER,3761,1513701461,Leonov,CONTESTANT,PRETESTS,1,15,2252800
902,C,33427929,C++14 (GCC 6-32),OK,3850,1513701550,Leonov,CONTESTANT,TESTS,45,156,2252800
902,A,33412802,Java 8,OK,253,1513697953,Lerto,CONTESTANT,TESTS,55,124,20684800
902,B,33418993,Java 8,OK,1306,1513699006,Lerto,CONTESTANT,TESTS,50,311,20787200
902,C,33425885,Java 8,WRONG_ANSWER,3114,1513700814,Lerto,CONTESTANT,PRETESTS,4,109,20684800
902,C,33426756,Java 8,WRONG_ANSWER,3418,1513701118,Lerto,CONTESTANT,PRETESTS,5,109,20582400
902,C,33427304,Java 8,WRONG_ANSWER,3629,1513701329,Lerto,CONTESTANT,PRETESTS,5,124,20582400
902,C,33427984,Java 8,OK,3868,1513701568,Lerto,CONTESTANT,TESTS,45,1185,20787200
902,D,33429639,Java 8,WRONG_ANSWER,4548,1513702248,Lerto,CONTESTANT,PRETESTS,0,108,20582400
902,D,33429955,Java 8,WRONG_ANSWER,4677,1513702377,Lerto,CONTESTANT,PRETESTS,2,109,20582400
902,D,33430434,Java 8,WRONG_ANSWER,4874,1513702574,Lerto,CONTESTANT,PRETESTS,1,108,20582400
902,A,33414151,GNU C++,OK,501,1513698211,LetsDoThis,CONTESTANT,TESTS,55,31,2048000
902,B,33419767,GNU C++,RUNTIME_ERROR,1449,1513699160,LetsDoThis,CONTESTANT,PRETESTS,5,15,2150400
902,B,33420073,GNU C++,OK,1519,1513699229,LetsDoThis,CONTESTANT,TESTS,50,61,2560000
902,C,33428981,GNU C++,WRONG_ANSWER,4261,1513701971,LetsDoThis,CONTESTANT,PRETESTS,4,15,2150400
902,C,33429260,GNU C++,WRONG_ANSWER,4371,1513702082,LetsDoThis,CONTESTANT,PRETESTS,4,31,2150400
902,C,33429338,GNU C++,WRONG_ANSWER,4403,1513702113,LetsDoThis,CONTESTANT,PRETESTS,4,15,3276800
902,C,33429914,GNU C++,RUNTIME_ERROR,4645,1513702356,LetsDoThis,CONTESTANT,TESTS,13,124,3276800
902,A,33414594,C++14 (GCC 6-32),CHALLENGED,582,1513698282,Lets_chill_tonight,CONTESTANT,CHALLENGES,8,15,2867200
902,A,33418505,C++14 (GCC 6-32),WRONG_ANSWER,1194,1513698904,Leviosa,CONTESTANT,PRETESTS,2,0,1843200
902,B,33430435,C++14 (GCC 6-32),OK,4864,1513702574,Leviosa,CONTESTANT,TESTS,50,15,11776000
902,A,33420221,C++14 (GCC 6-32),TIME_LIMIT_EXCEEDED,1562,1513699262,Liberty96,CONTESTANT,PRETESTS,0,1000,1843200
902,A,33420801,C++14 (GCC 6-32),RUNTIME_ERROR,1699,1513699399,Liberty96,CONTESTANT,PRETESTS,0,15,1843200
902,A,33423161,C++14 (GCC 6-32),OK,2312,1513700012,Liberty96,CONTESTANT,TESTS,55,31,1945600
902,A,33418730,C++14 (GCC 6-32),OK,1249,1513698949,Light3,CONTESTANT,TESTS,55,15,1945600
902,B,33423185,C++14 (GCC 6-32),OK,2317,1513700017,Light3,CONTESTANT,TESTS,50,31,2457600
902,C,33428340,C++14 (GCC 6-32),OK,4006,1513701706,Light3,CONTESTANT,TESTS,45,93,3891200
902,A,33417154,C++14 (GCC 6-32),WRONG_ANSWER,973,1513698673,Likhon5,CONTESTANT,PRETESTS,2,15,1843200
902,A,33418170,C++14 (GCC 6-32),WRONG_ANSWER,1145,1513698845,Likhon5,CONTESTANT,PRETESTS,2,15,1843200
902,A,33420207,C++14 (GCC 6-32),WRONG_ANSWER,1560,1513699260,Likhon5,CONTESTANT,PRETESTS,2,15,1843200
902,A,33421928,C++14 (GCC 6-32),WRONG_ANSWER,1974,1513699674,Likhon5,CONTESTANT,PRETESTS,2,15,1843200
902,A,33429725,C++14 (GCC 6-32),WRONG_ANSWER,4580,1513702280,Likhon5,CONTESTANT,PRETESTS,2,15,1945600
902,A,33429901,C++14 (GCC 6-32),WRONG_ANSWER,4648,1513702348,Likhon5,CONTESTANT,PRETESTS,2,15,1945600
902,A,33430605,C++14 (GCC 6-32),WRONG_ANSWER,4949,1513702649,Likhon5,CONTESTANT,PRETESTS,2,0,1843200
902,A,33430661,C++14 (GCC 6-32),WRONG_ANSWER,4977,1513702677,Likhon5,CONTESTANT,PRETESTS,2,15,1843200
902,A,33430870,C++14 (GCC 6-32),WRONG_ANSWER,5062,1513702762,Likhon5,CONTESTANT,PRETESTS,2,15,1945600
902,A,33431278,C++14 (GCC 6-32),WRONG_ANSWER,5252,1513702952,Likhon5,CONTESTANT,PRETESTS,2,15,1945600
902,A,33432900,C++14 (GCC 6-32),WRONG_ANSWER,6067,1513703767,Likhon5,CONTESTANT,PRETESTS,2,15,1843200
902,A,33434311,C++14 (GCC 6-32),WRONG_ANSWER,6720,1513704420,Likhon5,CONTESTANT,PRETESTS,2,0,1945600
902,A,33413110,C++14 (GCC 6-32),WRONG_ANSWER,332,1513698032,Linkus,CONTESTANT,TESTS,46,31,1945600
902,B,33416284,C++14 (GCC 6-32),OK,834,1513698534,Linkus,CONTESTANT,TESTS,50,15,2457600
902,C,33422689,C++14 (GCC 6-32),WRONG_ANSWER,2179,1513699880,Linkus,CONTESTANT,PRETESTS,1,15,1843200
902,C,33423879,C++14 (GCC 6-32),OK,2511,1513700211,Linkus,CONTESTANT,TESTS,45,62,3072000
902,A,33415481,GNU C++,WRONG_ANSWER,718,1513698418,Lionel_Nguyen,CONTESTANT,PRETESTS,2,0,2048000
902,A,33416727,GNU C++,WRONG_ANSWER,904,1513698604,Lionel_Nguyen,CONTESTANT,PRETESTS,2,15,2048000
902,A,33419071,GNU C++,WRONG_ANSWER,1325,1513699025,Lionel_Nguyen,CONTESTANT,PRETESTS,2,15,2048000
902,A,33420550,GNU C++,WRONG_ANSWER,1638,1513699338,Lionel_Nguyen,CONTESTANT,PRETESTS,2,0,2048000
902,A,33421236,GNU C++,WRONG_ANSWER,1801,1513699501,Lionel_Nguyen,CONTESTANT,PRETESTS,2,0,2048000
902,A,33421937,GNU C++,OK,1976,1513699676,Lionel_Nguyen,CONTESTANT,TESTS,55,15,2048000
902,B,33428407,GNU C++,OK,4037,1513701737,Lionel_Nguyen,CONTESTANT,TESTS,50,31,2560000
902,C,33434271,GNU C++,OK,6703,1513704403,Lionel_Nguyen,CONTESTANT,TESTS,45,109,2457600
902,A,33412874,Java 8,WRONG_ANSWER,265,1513697975,Lior,CONTESTANT,PRETESTS,2,140,20992000
902,A,33414881,Java 8,WRONG_ANSWER,617,1513698328,Lior,CONTESTANT,PRETESTS,5,124,20992000
902,A,33422836,Java 8,WRONG_ANSWER,2209,1513699920,Lior,CONTESTANT,PRETESTS,5,139,20992000
902,A,33431920,Java 8,WRONG_ANSWER,5577,1513703277,LirikIonov,CONTESTANT,PRETESTS,2,108,20684800
902,A,33432321,Java 8,WRONG_ANSWER,5774,1513703474,LirikIonov,CONTESTANT,PRETESTS,2,109,20684800
902,A,33433084,Java 8,OK,6150,1513703850,LirikIonov,CONTESTANT,TESTS,55,124,20684800
902,A,33416015,GNU C++11,OK,794,1513698494,LittleFall,CONTESTANT,TESTS,55,15,2048000
902,B,33420897,GNU C++11,OK,1718,1513699418,LittleFall,CONTESTANT,TESTS,50,15,2150400
902,C,33425859,GNU C++11,OK,3107,1513700807,LittleFall,CONTESTANT,TESTS,45,140,2867200
902,A,33413086,GNU C++11,OK,327,1513698027,LittleKoala,CONTESTANT,TESTS,55,31,5324800
902,B,33419416,GNU C++11,OK,1390,1513699090,LittleKoala,CONTESTANT,TESTS,50,62,8806400
902,C,33424923,GNU C++11,WRONG_ANSWER,2805,1513700505,LittleKoala,CONTESTANT,PRETESTS,1,15,8499200
902,C,33425076,GNU C++11,WRONG_ANSWER,2855,1513700555,LittleKoala,CONTESTANT,PRETESTS,3,15,8499200
902,C,33429110,GNU C++11,WRONG_ANSWER,4322,1513702022,LittleKoala,CONTESTANT,TESTS,37,327,8499200
902,A,33412981,GNU C++11,WRONG_ANSWER,305,1513698005,LittlePointer,CONTESTANT,PRETESTS,2,15,3686400
902,A,33414100,GNU C++11,WRONG_ANSWER,504,1513698204,LittlePointer,CONTESTANT,TESTS,47,15,3686400
902,B,33418227,GNU C++11,OK,1155,1513698855,LittlePointer,CONTESTANT,TESTS,50,15,5324800
902,C,33425433,GNU C++11,OK,2970,1513700670,LittlePointer,CONTESTANT,TESTS,45,109,5324800
902,D,33434348,GNU C++11,WRONG_ANSWER,6738,1513704438,LittlePointer,CONTESTANT,PRETESTS,2,15,5324800
902,A,33412738,GNU C++,OK,212,1513697922,Liupeiliang,CONTESTANT,TESTS,55,15,2048000
902,B,33414521,GNU C++,OK,559,1513698270,Liupeiliang,CONTESTANT,TESTS,50,30,2150400
902,C,33420269,GNU C++,OK,1562,1513699272,Liupeiliang,CONTESTANT,TESTS,45,109,2457600
902,D,33430663,GNU C++,OK,4968,1513702678,Liupeiliang,CONTESTANT,TESTS,150,30,2252800
902,A,33414501,C++14 (GCC 6-32),OK,556,1513698266,Loafy,CONTESTANT,TESTS,55,15,1945600
902,B,33421563,C++14 (GCC 6-32),OK,1874,1513699584,Loafy,CONTESTANT,TESTS,50,46,3072000
902,C,33427787,C++14 (GCC 6-32),OK,3790,1513701501,Loafy,CONTESTANT,TESTS,45,155,4710400
902,D,33432314,C++14 (GCC 6-32),WRONG_ANSWER,5760,1513703470,Loafy,CONTESTANT,PRETESTS,2,15,1843200
902,D,33432890,C++14 (GCC 6-32),WRONG_ANSWER,6052,1513703762,Loafy,CONTESTANT,PRETESTS,6,15,1843200
902,A,33415345,MS C++,WRONG_ANSWER,697,1513698397,Loesen,CONTESTANT,PRETESTS,4,15,2048000
902,A,33418193,MS C++,OK,1149,1513698849,Loesen,CONTESTANT,TESTS,55,30,2048000
902,B,33424805,MS C++,OK,2774,1513700474,Loesen,CONTESTANT,TESTS,50,31,2457600
902,C,33429151,MS C++,OK,4339,1513702039,Loesen,CONTESTANT,TESTS,45,109,2457600
902,A,33415293,C++14 (GCC 6-32),WRONG_ANSWER,690,1513698390,Loftier,CONTESTANT,PRETESTS,2,15,1945600
902,A,33421136,C++14 (GCC 6-32),CHALLENGED,1778,1513699478,Loftier,CONTESTANT,CHALLENGES,8,15,1843200
902,A,33433566,C++14 (GCC 6-32),OK,6364,1513704064,Loftier,CONTESTANT,TESTS,55,30,2662400
902,A,33418860,C++14 (GCC 6-32),WRONG_ANSWER,1276,1513698976,Log_out,CONTESTANT,PRETESTS,2,15,1843200
902,A,33421251,C++14 (GCC 6-32),WRONG_ANSWER,1805,1513699505,Log_out,CONTESTANT,PRETESTS,2,15,1843200
902,A,33423052,C++14 (GCC 6-32),WRONG_ANSWER,2276,1513699976,Log_out,CONTESTANT,PRETESTS,3,0,1843200
902,A,33425159,C++14 (GCC 6-32),OK,2878,1513700578,Log_out,CONTESTANT,TESTS,55,15,1945600
902,A,33422524,C++14 (GCC 6-32),WRONG_ANSWER,2132,1513699832,Logic_Hunter,CONTESTANT,PRETESTS,5,0,2048000
902,A,33427396,C++14 (GCC 6-32),WRONG_ANSWER,3657,1513701357,Logic_Hunter,CONTESTANT,PRETESTS,4,15,2048000
902,A,33431327,C++14 (GCC 6-32),WRONG_ANSWER,5272,1513702972,Logic_Hunter,CONTESTANT,PRETESTS,4,15,2048000
902,D,33424346,C++14 (GCC 6-32),OK,2626,1513700336,Lomk,CONTESTANT,TESTS,150,31,1945600
902,C,33427005,C++14 (GCC 6-32),WRONG_ANSWER,3495,1513701205,Lomk,CONTESTANT,PRETESTS,0,0,4300800
902,C,33427083,C++14 (GCC 6-32),RUNTIME_ERROR,3528,1513701238,Lomk,CONTESTANT,PRETESTS,12,31,9830400
902,C,33427203,C++14 (GCC 6-32),OK,3577,1513701288,Lomk,CONTESTANT,TESTS,45,93,13926400
902,B,33428653,C++14 (GCC 6-32),OK,4131,1513701842,Lomk,CONTESTANT,TESTS,50,31,4403200
902,A,33429486,C++14 (GCC 6-32),OK,4470,1513702180,Lomk,CONTESTANT,TESTS,55,15,2048000
902,A,33413733,C++14 (GCC 6-32),OK,443,1513698143,LordVoldebug,CONTESTANT,TESTS,55,15,1945600
902,B,33419144,C++14 (GCC 6-32),OK,1339,1513699039,LordVoldebug,CONTESTANT,TESTS,50,30,2662400
902,C,33425882,C++14 (GCC 6-32),OK,3113,1513700813,LordVoldebug,CONTESTANT,TESTS,45,124,8294400
902,D,33435396,PyPy 3,WRONG_ANSWER,7133,1513704833,LordVoldebug,CONTESTANT,PRETESTS,2,109,23040000
902,D,33435525,PyPy 3,RUNTIME_ERROR,7168,1513704868,LordVoldebug,CONTESTANT,PRETESTS,2,78,23040000
902,A,33416417,GNU C++11,OK,852,1513698552,LoseStreak,CONTESTANT,TESTS,55,15,2048000
902,B,33424073,GNU C++11,RUNTIME_ERROR,2564,1513700264,LoseStreak,CONTESTANT,PRETESTS,5,15,2150400
902,B,33424493,GNU C++11,OK,2686,1513700386,LoseStreak,CONTESTANT,TESTS,50,31,2764800
902,C,33429477,GNU C++11,WRONG_ANSWER,4477,1513702177,LoseStreak,CONTESTANT,PRETESTS,6,15,3686400
902,C,33429899,GNU C++11,OK,4648,1513702348,LoseStreak,CONTESTANT,TESTS,45,249,9216000
902,A,33418304,C++14 (GCC 6-32),OK,1157,1513698868,Louis.Yanis.James,CONTESTANT,TESTS,55,30,1945600
902,B,33430784,C++14 (GCC 6-32),OK,5018,1513702729,Louis.Yanis.James,CONTESTANT,TESTS,50,93,2150400
902,C,33434855,C++14 (GCC 6-32),OK,6943,1513704654,Louis.Yanis.James,CONTESTANT,TESTS,45,140,3891200
902,A,33415847,GNU C++11,WRONG_ANSWER,770,1513698470,LuckyAurora,CONTESTANT,PRETESTS,2,15,2867200
902,A,33416680,GNU C++11,WRONG_ANSWER,895,1513698595,LuckyAurora,CONTESTANT,PRETESTS,2,15,2867200
902,A,33418352,GNU C++11,WRONG_ANSWER,1176,1513698876,LuckyAurora,CONTESTANT,PRETESTS,3,15,2867200
902,A,33420772,GNU C++11,WRONG_ANSWER,1692,1513699392,LuckyAurora,CONTESTANT,PRETESTS,3,15,2048000
902,A,33421761,GNU C++11,WRONG_ANSWER,1930,1513699630,LuckyAurora,CONTESTANT,PRETESTS,3,15,2048000
902,A,33423375,GNU C++11,OK,2373,1513700073,LuckyAurora,CONTESTANT,TESTS,55,15,2048000
902,B,33429383,GNU C++11,OK,4431,1513702131,LuckyAurora,CONTESTANT,TESTS,50,31,2867200
902,A,33414621,C++14 (GCC 6-32),OK,585,1513698285,Lucky_Sanae,CONTESTANT,TESTS,55,15,9011200
902,B,33417575,C++14 (GCC 6-32),OK,1045,1513698745,Lucky_Sanae,CONTESTANT,TESTS,50,31,5529600
902,C,33424499,C++14 (GCC 6-32),WRONG_ANSWER,2687,1513700387,Lucky_Sanae,CONTESTANT,PRETESTS,3,15,4300800
902,C,33425924,C++14 (GCC 6-32),WRONG_ANSWER,3128,1513700828,Lucky_Sanae,CONTESTANT,TESTS,37,78,4300800
902,D,33432918,C++14 (GCC 6-32),WRONG_ANSWER,6074,1513703774,Lucky_Sanae,CONTESTANT,PRETESTS,4,15,2252800
902,D,33433117,C++14 (GCC 6-32),WRONG_ANSWER,6165,1513703865,Lucky_Sanae,CONTESTANT,PRETESTS,4,15,2560000
902,D,33435064,C++14 (GCC 6-32),OK,7023,1513704723,Lucky_Sanae,CONTESTANT,TESTS,150,15,2560000
902,A,33414966,C++14 (GCC 6-32),OK,640,1513698340,Lucky__Boy,CONTESTANT,TESTS,55,31,2048000
902,B,33418459,C++14 (GCC 6-32),OK,1195,1513698895,Lucky__Boy,CONTESTANT,TESTS,50,30,2560000
902,C,33428254,C++14 (GCC 6-32),OK,3975,1513701675,Lucky__Boy,CONTESTANT,TESTS,45,93,2252800
902,A,33416281,PascalABC.NET,OK,834,1513698534,Lucky_bit,CONTESTANT,TESTS,55,31,13209600
902,B,33432403,PascalABC.NET,WRONG_ANSWER,5817,1513703517,Lucky_bit,CONTESTANT,PRETESTS,4,31,13209600
902,B,33433778,PascalABC.NET,WRONG_ANSWER,6461,1513704161,Lucky_bit,CONTESTANT,PRETESTS,4,31,13312000
902,B,33435412,PascalABC.NET,WRONG_ANSWER,7139,1513704839,Lucky_bit,CONTESTANT,PRETESTS,0,15,13209600
902,A,33413237,C++14 (GCC 6-32),WRONG_ANSWER,357,1513698057,Luka,CONTESTANT,PRETESTS,3,15,1843200
902,A,33414866,C++14 (GCC 6-32),OK,626,1513698326,Luka,CONTESTANT,TESTS,55,15,1945600
902,B,33424631,C++14 (GCC 6-32),MEMORY_LIMIT_EXCEEDED,2724,1513700424,Luka,CONTESTANT,PRETESTS,5,140,268390400
902,B,33426758,C++14 (GCC 6-32),MEMORY_LIMIT_EXCEEDED,3418,1513701118,Luka,CONTESTANT,PRETESTS,5,155,268390400
902,B,33427177,C++14 (GCC 6-32),MEMORY_LIMIT_EXCEEDED,3578,1513701278,Luka,CONTESTANT,PRETESTS,5,155,268390400
902,B,33431177,C++14 (GCC 6-32),MEMORY_LIMIT_EXCEEDED,5205,1513702905,Luka,CONTESTANT,PRETESTS,5,140,268390400
902,B,33433083,C++14 (GCC 6-32),OK,6150,1513703850,Luka,CONTESTANT,TESTS,50,46,2560000
902,A,33416072,GNU C++11,COMPILATION_ERROR,802,1513698502,Lukom,CONTESTANT,PRETESTS,0,0,0
902,A,33417633,C++14 (GCC 6-32),OK,1056,1513698756,Lukom,CONTESTANT,TESTS,55,15,1945600
902,B,33426257,C++14 (GCC 6-32),OK,3241,1513700941,Lukom,CONTESTANT,TESTS,50,31,2560000
902,A,33413924,C++14 (GCC 6-32),OK,475,1513698175,Luminous_271,CONTESTANT,TESTS,55,30,1945600
902,B,33424497,C++14 (GCC 6-32),OK,2687,1513700387,Luminous_271,CONTESTANT,TESTS,50,46,2764800
902,C,33433193,C++14 (GCC 6-32),OK,6204,1513703904,Luminous_271,CONTESTANT,TESTS,45,202,11878400
902,A,33416210,C++14 (GCC 6-32),WRONG_ANSWER,822,1513698522,LvnG,CONTESTANT,PRETESTS,4,15,1945600
902,A,33417208,C++14 (GCC 6-32),WRONG_ANSWER,983,1513698683,LvnG,CONTESTANT,PRETESTS,4,15,1945600
902,A,33418750,C++14 (GCC 6-32),WRONG_ANSWER,1252,1513698952,LvnG,CONTESTANT,PRETESTS,0,0,1843200
902,A,33421382,C++14 (GCC 6-32),CHALLENGED,1837,1513699537,LvnG,CONTESTANT,CHALLENGES,8,15,1843200
902,A,33426108,C++14 (GCC 6-32),WRONG_ANSWER,3191,1513700891,LvnG,CONTESTANT,CHALLENGES,0,15,1945600
902,A,33427168,C++14 (GCC 6-32),WRONG_ANSWER,3572,1513701272,LvnG,CONTESTANT,PRETESTS,5,15,1945600
902,A,33428908,C++14 (GCC 6-32),WRONG_ANSWER,4239,1513701939,LvnG,CONTESTANT,PRETESTS,5,0,1945600
902,A,33430085,C++14 (GCC 6-32),COMPILATION_ERROR,4737,1513702437,LvnG,CONTESTANT,PRETESTS,0,0,0
902,A,33431037,C++14 (GCC 6-32),WRONG_ANSWER,5135,1513702835,LvnG,CONTESTANT,PRETESTS,0,15,1843200
902,A,33434462,C++14 (GCC 6-32),WRONG_ANSWER,6785,1513704485,LvnG,CONTESTANT,PRETESTS,3,15,1843200
902,A,33434744,C++14 (GCC 6-32),OK,6906,1513704606,LvnG,CONTESTANT,TESTS,55,15,1945600
902,A,33419531,GNU C++11,WRONG_ANSWER,1416,1513699116,LyaLya,CONTESTANT,PRETESTS,2,0,2048000
902,A,33422694,GNU C++11,COMPILATION_ERROR,2180,1513699880,LyaLya,CONTESTANT,PRETESTS,0,0,0
902,A,33422904,GNU C++11,WRONG_ANSWER,2235,1513699935,LyaLya,CONTESTANT,PRETESTS,0,0,2048000
902,A,33412798,GNU C++11,OK,250,1513697950,Lych4o_,CONTESTANT,TESTS,55,15,2457600
902,B,33414739,GNU C++11,OK,603,1513698303,Lych4o_,CONTESTANT,TESTS,50,31,2560000
902,C,33419781,GNU C++11,OK,1463,1513699163,Lych4o_,CONTESTANT,TESTS,45,109,2867200
902,D,33425241,GNU C++11,WRONG_ANSWER,2907,1513700607,Lych4o_,CONTESTANT,PRETESTS,2,15,3276800
902,D,33434038,GNU C++11,WRONG_ANSWER,6600,1513704300,Lych4o_,CONTESTANT,PRETESTS,2,15,3686400
902,D,33434858,GNU C++11,WRONG_ANSWER,6954,1513704654,Lych4o_,CONTESTANT,PRETESTS,2,0,3686400
902,D,33435444,GNU C++11,WRONG_ANSWER,7150,1513704850,Lych4o_,CONTESTANT,PRETESTS,2,15,3686400
902,A,33413049,C++14 (GCC 6-32),WRONG_ANSWER,318,1513698018,Lykos,CONTESTANT,PRETESTS,2,15,1843200
902,A,33414478,C++14 (GCC 6-32),WRONG_ANSWER,563,1513698263,Lykos,CONTESTANT,PRETESTS,2,0,1843200
902,A,33416415,C++14 (GCC 6-32),COMPILATION_ERROR,852,1513698552,Lykos,CONTESTANT,PRETESTS,0,0,0
902,A,33416688,C++14 (GCC 6-32),WRONG_ANSWER,896,1513698596,Lykos,CONTESTANT,PRETESTS,2,15,1945600
902,A,33417381,C++14 (GCC 6-32),WRONG_ANSWER,1013,1513698713,Lykos,CONTESTANT,PRETESTS,2,15,1843200
902,A,33418696,C++14 (GCC 6-32),WRONG_ANSWER,1241,1513698941,Lykos,CONTESTANT,PRETESTS,2,15,1843200
902,A,33422946,C++14 (GCC 6-32),WRONG_ANSWER,2246,1513699946,Lykos,CONTESTANT,PRETESTS,2,0,1843200
902,A,33419181,GNU C++11,WRONG_ANSWER,1347,1513699047,MAMAMAU,CONTESTANT,PRETESTS,3,15,2048000
902,A,33420745,GNU C++11,WRONG_ANSWER,1673,1513699384,MAMAMAU,CONTESTANT,PRETESTS,3,0,2048000
902,A,33421422,GNU C++11,WRONG_ANSWER,1836,1513699546,MAMAMAU,CONTESTANT,PRETESTS,3,15,2048000
902,A,33423367,C++14 (GCC 6-32),WRONG_ANSWER,2360,1513700070,MAMAMAU,CONTESTANT,PRETESTS,3,15,1945600
902,A,33425020,C++14 (GCC 6-32),WRONG_ANSWER,2825,1513700535,MAMAMAU,CONTESTANT,PRETESTS,0,15,1843200
902,A,33425213,C++14 (GCC 6-32),OK,2887,1513700597,MAMAMAU,CONTESTANT,TESTS,55,15,1843200
902,A,33422584,GNU C++11,WRONG_ANSWER,2139,1513699849,MASTERASSASSIN,CONTESTANT,PRETESTS,2,15,2048000
902,A,33424080,GNU C++11,WRONG_ANSWER,2555,1513700266,MASTERASSASSIN,CONTESTANT,PRETESTS,2,15,2048000
902,A,33426014,GNU C++11,WRONG_ANSWER,3145,1513700855,MASTERASSASSIN,CONTESTANT,PRETESTS,2,0,2048000
902,A,33427357,GNU C++11,WRONG_ANSWER,3635,1513701345,MASTERASSASSIN,CONTESTANT,PRETESTS,0,0,2048000
902,A,33427561,GNU C++11,WRONG_ANSWER,3705,1513701416,MASTERASSASSIN,CONTESTANT,PRETESTS,0,15,2048000
902,A,33427730,GNU C++11,WRONG_ANSWER,3771,1513701482,MASTERASSASSIN,CONTESTANT,PRETESTS,0,15,2048000
902,A,33428037,GNU C++11,WRONG_ANSWER,3877,1513701587,MASTERASSASSIN,CONTESTANT,PRETESTS,2,15,2048000
902,A,33428204,GNU C++11,WRONG_ANSWER,3948,1513701658,MASTERASSASSIN,CONTESTANT,PRETESTS,2,15,2048000
902,A,33430820,GNU C++11,WRONG_ANSWER,5034,1513702744,MASTERASSASSIN,CONTESTANT,PRETESTS,0,0,2048000
902,A,33431201,GNU C++11,WRONG_ANSWER,5205,1513702915,MASTERASSASSIN,CONTESTANT,PRETESTS,1,0,2048000
902,A,33431368,GNU C++11,COMPILATION_ERROR,5286,1513702996,MASTERASSASSIN,CONTESTANT,PRETESTS,0,0,0
902,A,33431703,GNU C++11,WRONG_ANSWER,5451,1513703161,MASTERASSASSIN,CONTESTANT,PRETESTS,4,0,2048000
902,A,33421444,C++14 (GCC 6-32),WRONG_ANSWER,1853,1513699553,MBahaBT,CONTESTANT,PRETESTS,4,15,1945600
902,A,33428585,C++14 (GCC 6-32),TIME_LIMIT_EXCEEDED,4109,1513701809,MBahaBT,CONTESTANT,PRETESTS,1,1000,1843200
902,A,33418053,C++14 (GCC 6-32),CHALLENGED,1114,1513698825,MDK_L,CONTESTANT,CHALLENGES,8,15,1843200
902,B,33422470,C++14 (GCC 6-32),OK,2108,1513699818,MDK_L,CONTESTANT,TESTS,50,46,2457600
902,A,33425642,C++14 (GCC 6-32),OK,3024,1513700735,MDK_L,CONTESTANT,TESTS,55,15,1843200
902,C,33430865,C++14 (GCC 6-32),OK,5048,1513702759,MDK_L,CONTESTANT,TESTS,45,155,2355200
902,A,33417422,C++14 (GCC 6-32),OK,1006,1513698717,MEIR_,CONTESTANT,TESTS,55,30,1945600
902,B,33424014,C++14 (GCC 6-32),OK,2539,1513700249,MEIR_,CONTESTANT,TESTS,50,46,4608000
902,C,33432084,C++14 (GCC 6-32),WRONG_ANSWER,5642,1513703353,MEIR_,CONTESTANT,PRETESTS,1,0,13926400
902,C,33432281,C++14 (GCC 6-32),WRONG_ANSWER,5746,1513703456,MEIR_,CONTESTANT,PRETESTS,1,0,13926400
902,C,33432682,C++14 (GCC 6-32),WRONG_ANSWER,5944,1513703655,MEIR_,CONTESTANT,PRETESTS,1,15,13926400
902,C,33432939,C++14 (GCC 6-32),OK,6072,1513703782,MEIR_,CONTESTANT,TESTS,45,155,13926400
902,A,33414111,C++14 (GCC 6-32),OK,495,1513698205,MFoad_Aba,CONTESTANT,TESTS,55,15,1945600
902,B,33418259,C++14 (GCC 6-32),OK,1151,1513698861,MFoad_Aba,CONTESTANT,TESTS,50,30,2764800
902,C,33425184,C++14 (GCC 6-32),OK,2876,1513700586,MFoad_Aba,CONTESTANT,TESTS,45,109,3481600
902,A,33414046,MS C++,WRONG_ANSWER,486,1513698197,MIAOERMIAO,CONTESTANT,PRETESTS,2,15,2048000
902,A,33416988,MS C++,WRONG_ANSWER,932,1513698643,MIAOERMIAO,CONTESTANT,PRETESTS,3,15,2048000
902,A,33417830,MS C++,OK,1079,1513698790,MIAOERMIAO,CONTESTANT,TESTS,55,30,2048000
902,B,33429729,MS C++,TIME_LIMIT_EXCEEDED,4570,1513702281,MIAOERMIAO,CONTESTANT,TESTS,17,1000,2150400
902,A,33417560,C++14 (GCC 6-32),WRONG_ANSWER,1042,1513698742,MJR69,CONTESTANT,PRETESTS,2,15,1843200
902,A,33419752,C++14 (GCC 6-32),OK,1456,1513699156,MJR69,CONTESTANT,TESTS,55,15,2048000
902,B,33426166,C++14 (GCC 6-32),OK,3210,1513700910,MJR69,CONTESTANT,TESTS,50,15,2457600
902,A,33415097,GNU C++11,WRONG_ANSWER,661,1513698361,MKcrazy8,CONTESTANT,PRETESTS,2,15,2048000
902,A,33418183,GNU C++11,WRONG_ANSWER,1147,1513698847,MKcrazy8,CONTESTANT,PRETESTS,2,15,2048000
902,A,33415494,C++14 (GCC 6-32),WRONG_ANSWER,721,1513698421,MOHAMMEDHASHIM,CONTESTANT,PRETESTS,2,15,1843200
902,A,33417127,C++14 (GCC 6-32),WRONG_ANSWER,969,1513698669,MPeros,CONTESTANT,PRETESTS,2,15,1843200
902,A,33417488,C++14 (GCC 6-32),WRONG_ANSWER,1030,1513698730,MPeros,CONTESTANT,PRETESTS,1,0,1843200
902,A,33417934,C++14 (GCC 6-32),WRONG_ANSWER,1106,1513698806,MPeros,CONTESTANT,PRETESTS,2,15,1945600
902,A,33420162,C++14 (GCC 6-32),WRONG_ANSWER,1548,1513699248,MPeros,CONTESTANT,PRETESTS,2,15,1843200
902,A,33421113,C++14 (GCC 6-32),OK,1773,1513699473,MPeros,CONTESTANT,TESTS,55,15,1945600
902,B,33430607,C++14 (GCC 6-32),TIME_LIMIT_EXCEEDED,4950,1513702650,MPeros,CONTESTANT,TESTS,17,1000,2048000
902,A,33412764,C++14 (GCC 6-32),WRONG_ANSWER,234,1513697934,MR_Freeman,CONTESTANT,PRETESTS,2,15,1843200
902,A,33413032,C++14 (GCC 6-32),WRONG_ANSWER,315,1513698015,MR_Freeman,CONTESTANT,PRETESTS,0,0,1843200
902,A,33413174,C++14 (GCC 6-32),OK,342,1513698042,MR_Freeman,CONTESTANT,TESTS,55,15,1945600
902,B,33419232,C++14 (GCC 6-32),OK,1347,1513699057,MR_Freeman,CONTESTANT,TESTS,50,234,2457600
902,C,33428671,C++14 (GCC 6-32),WRONG_ANSWER,4148,1513701848,MR_Freeman,CONTESTANT,PRETESTS,3,15,1843200
902,C,33431775,C++14 (GCC 6-32),WRONG_ANSWER,5502,1513703202,MR_Freeman,CONTESTANT,PRETESTS,3,15,1843200
902,C,33432158,C++14 (GCC 6-32),OK,5693,1513703393,MR_Freeman,CONTESTANT,TESTS,45,108,2252800
902,A,33423395,GNU C++,WRONG_ANSWER,2378,1513700078,MShafquat,CONTESTANT,PRETESTS,4,0,2048000
902,A,33424007,GNU C++,WRONG_ANSWER,2547,1513700247,MShafquat,CONTESTANT,PRETESTS,3,15,2048000
902,A,33424327,GNU C++,WRONG_ANSWER,2631,1513700331,MShafquat,CONTESTANT,PRETESTS,3,0,2048000
902,A,33428955,GNU C++,WRONG_ANSWER,4260,1513701960,MShafquat,CONTESTANT,PRETESTS,1,0,2048000
902,A,33429344,GNU C++,WRONG_ANSWER,4417,1513702117,MShafquat,CONTESTANT,PRETESTS,1,15,2048000
902,A,33429728,GNU C++,OK,4581,1513702281,MShafquat,CONTESTANT,TESTS,55,31,2048000
902,A,33413065,GNU C++11,WRONG_ANSWER,323,1513698023,MSolomon,CONTESTANT,PRETESTS,0,0,2048000
902,A,33413205,GNU C++11,WRONG_ANSWER,350,1513698050,MSolomon,CONTESTANT,PRETESTS,0,15,2048000
902,A,33414869,GNU C++11,WRONG_ANSWER,626,1513698326,MSolomon,CONTESTANT,PRETESTS,1,15,2048000
902,A,33415559,GNU C++11,WRONG_ANSWER,729,1513698429,MSolomon,CONTESTANT,PRETESTS,0,0,2048000
902,A,33417178,GNU C++11,WRONG_ANSWER,977,1513698677,MSolomon,CONTESTANT,PRETESTS,1,15,2048000
902,A,33419085,GNU C++11,OK,1328,1513699028,MSolomon,CONTESTANT,TESTS,55,30,2048000
902,A,33432523,Python 3,RUNTIME_ERROR,5873,1513703583,MSteine,CONTESTANT,PRETESTS,0,46,5529600
902,A,33432856,Python 3,WRONG_ANSWER,6031,1513703741,MSteine,CONTESTANT,PRETESTS,2,61,5529600
902,A,33433640,Python 3,WRONG_ANSWER,6390,1513704101,MSteine,CONTESTANT,PRETESTS,2,46,5529600
902,C,33418021,GNU C++11,OK,1120,1513698820,MStrechen,CONTESTANT,TESTS,45,249,2867200
902,B,33421526,GNU C++11,OK,1874,1513699574,MStrechen,CONTESTANT,TESTS,50,31,2457600
902,A,33422669,GNU C++11,OK,2173,1513699873,MStrechen,CONTESTANT,TESTS,55,15,2048000
902,A,33413248,GNU C++,WRONG_ANSWER,358,1513698058,M_H_H_7,CONTESTANT,PRETESTS,2,15,2048000
902,A,33413629,GNU C++,WRONG_ANSWER,425,1513698125,M_H_H_7,CONTESTANT,PRETESTS,2,0,2048000
902,A,33413927,GNU C++,WRONG_ANSWER,475,1513698175,M_H_H_7,CONTESTANT,PRETESTS,2,15,2048000
902,A,33414631,GNU C++,WRONG_ANSWER,587,1513698287,M_H_H_7,CONTESTANT,PRETESTS,2,15,2048000
902,A,33415152,GNU C++,WRONG_ANSWER,668,1513698368,M_H_H_7,CONTESTANT,PRETESTS,2,15,2048000
902,A,33415758,GNU C++,WRONG_ANSWER,758,1513698458,M_H_H_7,CONTESTANT,PRETESTS,2,0,2048000
902,A,33417451,GNU C++,OK,1023,1513698723,M_H_H_7,CONTESTANT,TESTS,55,15,2048000
902,B,33423449,GNU C++,OK,2391,1513700091,M_H_H_7,CONTESTANT,TESTS,50,327,2764800
902,C,33430452,GNU C++,WRONG_ANSWER,4883,1513702583,M_H_H_7,CONTESTANT,PRETESTS,3,0,2048000
902,C,33431360,GNU C++,OK,5291,1513702991,M_H_H_7,CONTESTANT,TESTS,45,265,2867200
902,A,33421071,C++14 (GCC 6-32),RUNTIME_ERROR,1762,1513699462,MaDiYaR777,CONTESTANT,PRETESTS,2,15,1945600
902,A,33414472,GNU C++11,OK,561,1513698261,MaRos,CONTESTANT,TESTS,55,15,2457600
902,B,33419099,GNU C++11,OK,1332,1513699032,MaRos,CONTESTANT,TESTS,50,46,2867200
902,C,33426367,GNU C++11,WRONG_ANSWER,3276,1513700976,MaRos,CONTESTANT,PRETESTS,3,15,4096000
902,C,33429098,GNU C++11,OK,4317,1513702017,MaRos,CONTESTANT,TESTS,45,327,4096000
902,A,33416731,Java 8,WRONG_ANSWER,904,1513698604,Maanas0411,CONTESTANT,PRETESTS,2,140,20992000
902,A,33415895,C++14 (GCC 6-32),WRONG_ANSWER,777,1513698477,Mac_n_cheese,CONTESTANT,PRETESTS,4,15,1843200
902,A,33421435,C++14 (GCC 6-32),OK,1851,1513699551,Mac_n_cheese,CONTESTANT,TESTS,55,15,1945600
902,A,33419882,Python 3,RUNTIME_ERROR,1486,1513699186,Mad_Andrei,CONTESTANT,PRETESTS,4,46,5529600
902,A,33422203,Python 3,OK,2037,1513699737,Mad_Andrei,CONTESTANT,TESTS,55,62,5632000
902,A,33423570,Python 3,OK,2424,1513700124,Mad_screwdriver,CONTESTANT,TESTS,55,61,5529600
902,A,33422141,C++14 (GCC 6-32),CHALLENGED,2024,1513699724,Mahamed.Salah,CONTESTANT,CHALLENGES,8,15,1945600
902,B,33425362,C++14 (GCC 6-32),OK,2948,1513700648,Mahamed.Salah,CONTESTANT,TESTS,50,31,2560000
902,A,33415685,C++14 (GCC 6-32),OK,745,1513698445,MahdiZeim,CONTESTANT,TESTS,55,31,1945600
902,B,33421616,C++14 (GCC 6-32),TIME_LIMIT_EXCEEDED,1895,1513699595,MahdiZeim,CONTESTANT,TESTS,17,1000,2150400
902,C,33427000,C++14 (GCC 6-32),WRONG_ANSWER,3503,1513701203,MahdiZeim,CONTESTANT,PRETESTS,4,15,2252800
902,C,33427336,C++14 (GCC 6-32),WRONG_ANSWER,3638,1513701338,MahdiZeim,CONTESTANT,PRETESTS,3,15,2252800
902,C,33430188,C++14 (GCC 6-32),WRONG_ANSWER,4776,1513702476,MahdiZeim,CONTESTANT,PRETESTS,4,15,2252800
902,A,33413373,C++14 (GCC 6-32),WRONG_ANSWER,380,1513698080,Mahdi_Hajibeygi,CONTESTANT,PRETESTS,3,15,2048000
902,A,33414709,C++14 (GCC 6-32),OK,597,1513698297,Mahdi_Hajibeygi,CONTESTANT,TESTS,55,30,2150400
902,B,33418168,C++14 (GCC 6-32),OK,1144,1513698844,Mahdi_Hajibeygi,CONTESTANT,TESTS,50,15,2457600
902,C,33424283,C++14 (GCC 6-32),WRONG_ANSWER,2619,1513700319,Mahdi_Hajibeygi,CONTESTANT,PRETESTS,5,15,5632000
902,C,33425588,C++14 (GCC 6-32),WRONG_ANSWER,3019,1513700719,Mahdi_Hajibeygi,CONTESTANT,TESTS,13,171,9728000
902,A,33416402,C++14 (GCC 6-32),OK,850,1513698550,Mahi1704,CONTESTANT,TESTS,55,15,2662400
902,A,33415848,C++14 (GCC 6-32),WRONG_ANSWER,770,1513698470,Mahir83,CONTESTANT,PRETESTS,1,15,1843200
902,A,33417046,C++14 (GCC 6-32),MEMORY_LIMIT_EXCEEDED,953,1513698653,Mahir83,CONTESTANT,PRETESTS,2,92,268390400
902,A,33418548,C++14 (GCC 6-32),WRONG_ANSWER,1213,1513698913,Mahir83,CONTESTANT,PRETESTS,1,15,1945600
902,A,33419020,C++14 (GCC 6-32),MEMORY_LIMIT_EXCEEDED,1313,1513699013,Mahir83,CONTESTANT,PRETESTS,2,93,268390400
902,A,33419566,C++14 (GCC 6-32),WRONG_ANSWER,1425,1513699125,Mahir83,CONTESTANT,TESTS,46,15,1945600
902,B,33421254,C++14 (GCC 6-32),OK,1806,1513699506,Mahir83,CONTESTANT,TESTS,50,15,2560000
902,C,33426308,C++14 (GCC 6-32),OK,3257,1513700957,Mahir83,CONTESTANT,TESTS,45,78,4915200
902,A,33415925,C++14 (GCC 6-32),OK,781,1513698481,Mahmodul00,CONTESTANT,TESTS,55,15,2048000
902,B,33421790,C++14 (GCC 6-32),OK,1937,1513699637,Mahmodul00,CONTESTANT,TESTS,50,233,7577600
902,C,33435395,C++14 (GCC 6-32),WRONG_ANSWER,7133,1513704833,Mahmodul00,CONTESTANT,PRETESTS,0,0,3072000
902,A,33413557,C++14 (GCC 6-32),WRONG_ANSWER,414,1513698114,Mahmoud.Ouka,CONTESTANT,TESTS,11,15,5939200
902,B,33417787,C++14 (GCC 6-32),OK,1082,1513698782,Mahmoud.Ouka,CONTESTANT,TESTS,50,31,3993600
902,C,33430161,C++14 (GCC 6-32),RUNTIME_ERROR,4768,1513702468,Mahmoud.Ouka,CONTESTANT,PRETESTS,12,93,11776000
902,C,33430263,C++14 (GCC 6-32),OK,4804,1513702504,Mahmoud.Ouka,CONTESTANT,TESTS,45,202,23244800
902,A,33416316,C++14 (GCC 6-32),OK,840,1513698540,MahmoudAGawad,CONTESTANT,TESTS,55,15,1945600
902,B,33420908,C++14 (GCC 6-32),OK,1720,1513699420,MahmoudAGawad,CONTESTANT,TESTS,50,31,1945600
902,C,33425686,C++14 (GCC 6-32),WRONG_ANSWER,3051,1513700751,MahmoudAGawad,CONTESTANT,PRETESTS,3,15,1843200
902,C,33426777,C++14 (GCC 6-32),WRONG_ANSWER,3425,1513701125,MahmoudAGawad,CONTESTANT,PRETESTS,3,15,1843200
902,C,33428986,C++14 (GCC 6-32),WRONG_ANSWER,4274,1513701974,MahmoudAGawad,CONTESTANT,PRETESTS,3,15,1843200
902,C,33429250,C++14 (GCC 6-32),OK,4378,1513702078,MahmoudAGawad,CONTESTANT,TESTS,45,93,2252800
902,D,33434307,C++14 (GCC 6-32),WRONG_ANSWER,6717,1513704417,MahmoudAGawad,CONTESTANT,PRETESTS,1,15,1843200
902,A,33413139,C++14 (GCC 6-32),OK,338,1513698038,MahmoudAli,CONTESTANT,TESTS,55,15,1945600
902,B,33416161,C++14 (GCC 6-32),OK,817,1513698517,MahmoudAli,CONTESTANT,TESTS,50,46,2457600
902,C,33422852,C++14 (GCC 6-32),WRONG_ANSWER,2223,1513699923,MahmoudAli,CONTESTANT,PRETESTS,1,0,1945600
902,C,33423828,C++14 (GCC 6-32),WRONG_ANSWER,2498,1513700198,MahmoudAli,CONTESTANT,TESTS,37,140,4300800
902,A,33416102,GNU C++11,OK,796,1513698507,Mahmoud_Fekry,CONTESTANT,TESTS,55,30,2252800
902,A,33413621,GNU C++11,OK,424,1513698124,MakArtKar,CONTESTANT,TESTS,55,15,2048000
902,B,33416186,GNU C++11,OK,820,1513698520,MakArtKar,CONTESTANT,TESTS,50,46,2457600
902,C,33420270,GNU C++11,WRONG_ANSWER,1572,1513699272,MakArtKar,CONTESTANT,PRETESTS,1,15,2048000
902,C,33420458,GNU C++11,OK,1615,1513699315,MakArtKar,CONTESTANT,TESTS,45,327,2457600
902,D,33429733,GNU C++11,OK,4581,1513702281,MakArtKar,CONTESTANT,TESTS,150,15,2355200
902,A,33412678,C++14 (GCC 6-32),OK,186,1513697886,Makcum888,CONTESTANT,TESTS,55,15,1843200
902,B,33416915,C++14 (GCC 6-32),OK,932,1513698632,Makcum888,CONTESTANT,TESTS,50,15,2560000
902,C,33421918,C++14 (GCC 6-32),OK,1971,1513699671,Makcum888,CONTESTANT,TESTS,45,93,2252800
902,A,33416350,GNU C++11,WRONG_ANSWER,843,1513698543,Maksim-ip513,CONTESTANT,PRETESTS,2,15,2048000
902,A,33424861,GNU C++11,WRONG_ANSWER,2788,1513700488,Maksim-ip513,CONTESTANT,PRETESTS,3,0,2048000
902,A,33427792,GNU C++11,WRONG_ANSWER,3802,1513701502,Maksim-ip513,CONTESTANT,PRETESTS,4,15,2048000
902,A,33428821,GNU C++11,WRONG_ANSWER,4209,1513701909,Maksim-ip513,CONTESTANT,PRETESTS,4,15,2048000
902,A,33416256,GNU C++11,OK,818,1513698529,Mality,CONTESTANT,TESTS,55,15,2048000
902,A,33424968,Java 8,RUNTIME_ERROR,2820,1513700520,Mallela,CONTESTANT,PRETESTS,0,109,20684800
902,A,33426719,Java 8,RUNTIME_ERROR,3407,1513701107,Mallela,CONTESTANT,PRETESTS,0,109,20684800
902,A,33422482,GNU C++,WRONG_ANSWER,2122,1513699822,MantasK,CONTESTANT,PRETESTS,2,15,2048000
902,A,33426217,GNU C++,WRONG_ANSWER,3228,1513700928,MantasK,CONTESTANT,PRETESTS,3,15,2048000
902,A,33428117,GNU C++,WRONG_ANSWER,3922,1513701622,MantasK,CONTESTANT,PRETESTS,3,15,2048000
902,A,33428823,GNU C++,WRONG_ANSWER,4209,1513701909,MantasK,CONTESTANT,PRETESTS,3,15,2048000
902,A,33431356,GNU C++,WRONG_ANSWER,5289,1513702989,MantasK,CONTESTANT,PRETESTS,3,15,2048000
902,A,33423432,C++14 (GCC 6-32),OK,2375,1513700086,ManuelLoaiza,CONTESTANT,TESTS,55,15,1945600
902,A,33424292,C++14 (GCC 6-32),WRONG_ANSWER,2622,1513700322,Maqbool_786,CONTESTANT,PRETESTS,4,15,1843200
902,A,33425843,C++14 (GCC 6-32),WRONG_ANSWER,3103,1513700803,Maqbool_786,CONTESTANT,PRETESTS,3,0,1843200
902,A,33426841,C++14 (GCC 6-32),WRONG_ANSWER,3453,1513701153,Maqbool_786,CONTESTANT,PRETESTS,4,15,1843200
902,A,33427665,C++14 (GCC 6-32),RUNTIME_ERROR,3752,1513701452,Maqbool_786,CONTESTANT,PRETESTS,3,15,1843200
902,A,33429756,C++14 (GCC 6-32),RUNTIME_ERROR,4594,1513702294,Maqbool_786,CONTESTANT,PRETESTS,3,0,1843200
902,A,33412823,GNU C,COMPILATION_ERROR,259,1513697959,MaratonaUnifei,CONTESTANT,PRETESTS,0,0,0
902,A,33412974,GNU C++,OK,304,1513698004,MaratonaUnifei,CONTESTANT,TESTS,55,15,2048000
902,B,33415360,GNU C++,OK,700,1513698400,MaratonaUnifei,CONTESTANT,TESTS,50,15,2457600
902,C,33420103,GNU C++,OK,1535,1513699235,MaratonaUnifei,CONTESTANT,TESTS,45,124,5836800
902,A,33413093,C++14 (GCC 6-32),OK,329,1513698029,Marckess,CONTESTANT,TESTS,55,15,1945600
902,B,33416801,C++14 (GCC 6-32),OK,915,1513698615,Marckess,CONTESTANT,TESTS,50,15,2560000
902,C,33421971,C++14 (GCC 6-32),OK,1985,1513699685,Marckess,CONTESTANT,TESTS,45,93,2252800
902,D,33434946,C++14 (GCC 6-32),WRONG_ANSWER,6984,1513704684,Marckess,CONTESTANT,PRETESTS,2,0,1843200
902,D,33435243,C++14 (GCC 6-32),WRONG_ANSWER,7086,1513704786,Marckess,CONTESTANT,PRETESTS,2,15,1945600
902,A,33416968,C++14 (GCC 6-32),OK,940,1513698640,MarcosFelipeBC,CONTESTANT,TESTS,55,15,1945600
902,B,33418798,C++14 (GCC 6-32),OK,1261,1513698961,MarcosFelipeBC,CONTESTANT,TESTS,50,46,2560000
902,C,33428127,C++14 (GCC 6-32),WRONG_ANSWER,3928,1513701628,MarcosFelipeBC,CONTESTANT,PRETESTS,1,15,1843200
902,C,33429045,C++14 (GCC 6-32),WRONG_ANSWER,4296,1513701996,MarcosFelipeBC,CONTESTANT,PRETESTS,3,15,1843200
902,C,33430345,C++14 (GCC 6-32),WRONG_ANSWER,4839,1513702539,MarcosFelipeBC,CONTESTANT,PRETESTS,3,0,1945600
902,A,33415106,C++14 (GCC 6-32),WRONG_ANSWER,662,1513698362,MarcosK,CONTESTANT,PRETESTS,2,15,1945600
902,A,33417151,C++14 (GCC 6-32),WRONG_ANSWER,972,1513698672,MarcosK,CONTESTANT,PRETESTS,3,15,1843200
902,A,33418218,C++14 (GCC 6-32),OK,1153,1513698853,MarcosK,CONTESTANT,TESTS,55,15,1945600
902,B,33421700,C++14 (GCC 6-32),OK,1915,1513699615,MarcosK,CONTESTANT,TESTS,50,31,2457600
902,C,33429376,C++14 (GCC 6-32),OK,4430,1513702130,MarcosK,CONTESTANT,TESTS,45,140,4300800
902,A,33416211,C++14 (GCC 6-32),WRONG_ANSWER,822,1513698522,Mario.Bahaa,CONTESTANT,PRETESTS,2,15,1843200
902,A,33419766,C++14 (GCC 6-32),CHALLENGED,1460,1513699160,Mario.Bahaa,CONTESTANT,CHALLENGES,8,15,1843200
902,A,33424547,C++14 (GCC 6-32),WRONG_ANSWER,2700,1513700400,Mario.Bahaa,CONTESTANT,CHALLENGES,0,15,1945600
902,A,33426130,C++14 (GCC 6-32),CHALLENGED,3198,1513700898,Mario.Bahaa,CONTESTANT,CHALLENGES,8,15,1945600
902,A,33413023,GNU C++11,OK,313,1513698013,MarioBassem,CONTESTANT,TESTS,55,15,2048000
902,B,33420242,GNU C++11,OK,1568,1513699268,MarioBassem,CONTESTANT,TESTS,50,31,2457600
902,C,33425329,GNU C++11,WRONG_ANSWER,2936,1513700636,MarioBassem,CONTESTANT,PRETESTS,1,15,2048000
902,D,33428415,GNU C++11,TIME_LIMIT_EXCEEDED,4040,1513701740,MarioBassem,CONTESTANT,PRETESTS,0,2000,2048000
902,C,33428439,GNU C++11,WRONG_ANSWER,4048,1513701748,MarioBassem,CONTESTANT,PRETESTS,3,0,2048000
902,C,33429869,GNU C++11,WRONG_ANSWER,4641,1513702341,MarioBassem,CONTESTANT,PRETESTS,3,0,2048000
902,C,33432322,GNU C++11,WRONG_ANSWER,5774,1513703474,MarioBassem,CONTESTANT,PRETESTS,6,15,2048000
902,C,33434668,GNU C++11,WRONG_ANSWER,6871,1513704571,MarioBassem,CONTESTANT,PRETESTS,6,15,2048000
902,A,33414765,C++14 (GCC 6-32),OK,595,1513698306,Markhyz,CONTESTANT,TESTS,55,15,1945600
902,B,33419662,C++14 (GCC 6-32),OK,1432,1513699142,Markhyz,CONTESTANT,TESTS,50,15,2355200
902,C,33426412,C++14 (GCC 6-32),OK,3283,1513700993,Markhyz,CONTESTANT,TESTS,45,77,2355200
902,A,33416527,GNU C++,WRONG_ANSWER,872,1513698572,MarufKaraev,CONTESTANT,PRETESTS,2,15,2048000
902,A,33418046,GNU C++,CHALLENGED,1124,1513698824,MarufKaraev,CONTESTANT,CHALLENGES,8,15,2048000
902,B,33421757,GNU C++,OK,1929,1513699629,MarufKaraev,CONTESTANT,TESTS,50,46,102604800
902,C,33426064,GNU C++,OK,3175,1513700875,MarufKaraev,CONTESTANT,TESTS,45,311,142745600
902,A,33427022,GNU C++,OK,3513,1513701213,MarufKaraev,CONTESTANT,TESTS,55,15,2150400
902,D,33434343,GNU C++,WRONG_ANSWER,6734,1513704434,MarufKaraev,CONTESTANT,PRETESTS,0,15,2048000
902,D,33434421,GNU C++,WRONG_ANSWER,6765,1513704465,MarufKaraev,CONTESTANT,PRETESTS,0,15,2048000
902,D,33434500,GNU C++,WRONG_ANSWER,6805,1513704505,MarufKaraev,CONTESTANT,PRETESTS,1,0,2048000
902,A,33417236,GNU C++11,WRONG_ANSWER,977,1513698688,Maruf_75,CONTESTANT,PRETESTS,4,0,2048000
902,B,33420612,GNU C++11,OK,1640,1513699351,Maruf_75,CONTESTANT,TESTS,50,46,2560000
902,A,33422219,GNU C++11,WRONG_ANSWER,2030,1513699741,Maruf_75,CONTESTANT,TESTS,11,15,2048000
902,C,33428794,GNU C++11,WRONG_ANSWER,4188,1513701898,Maruf_75,CONTESTANT,PRETESTS,1,0,3276800
902,C,33429367,GNU C++11,OK,4414,1513702125,Maruf_75,CONTESTANT,TESTS,45,109,3276800
902,A,33413612,GNU C++11,OK,422,1513698122,Masha237,CONTESTANT,TESTS,55,30,2048000
902,B,33419374,C++14 (GCC 6-32),OK,1367,1513699078,Masha237,CONTESTANT,TESTS,50,46,2662400
902,C,33424597,GNU C++11,WRONG_ANSWER,2714,1513700414,Masha237,CONTESTANT,PRETESTS,4,15,2048000
902,C,33425920,GNU C++11,WRONG_ANSWER,3127,1513700827,Masha237,CONTESTANT,PRETESTS,4,15,2048000
902,C,33426396,GNU C++11,OK,3288,1513700988,Masha237,CONTESTANT,TESTS,45,108,2867200
902,A,33414825,C++14 (GCC 6-32),OK,617,1513698317,Masters_Abh,CONTESTANT,TESTS,55,15,1945600
902,B,33423845,C++14 (GCC 6-32),OK,2501,1513700201,Masters_Abh,CONTESTANT,TESTS,50,46,2764800
902,A,33414572,C++14 (GCC 6-32),WRONG_ANSWER,579,1513698279,Masudur_Rahman_Tonmoy,CONTESTANT,PRETESTS,2,15,1843200
902,A,33417388,C++14 (GCC 6-32),WRONG_ANSWER,1013,1513698713,Masudur_Rahman_Tonmoy,CONTESTANT,PRETESTS,2,0,1843200
902,A,33419408,C++14 (GCC 6-32),WRONG_ANSWER,1388,1513699088,Masudur_Rahman_Tonmoy,CONTESTANT,PRETESTS,0,15,1843200
902,A,33419872,C++14 (GCC 6-32),WRONG_ANSWER,1484,1513699184,Masudur_Rahman_Tonmoy,CONTESTANT,PRETESTS,2,15,1945600
902,A,33421891,C++14 (GCC 6-32),WRONG_ANSWER,1963,1513699663,Masudur_Rahman_Tonmoy,CONTESTANT,PRETESTS,2,15,1843200
902,A,33416992,GNU C++11,OK,932,1513698643,MasumBhuiyan,CONTESTANT,TESTS,55,30,2048000
902,B,33423890,GNU C++11,OK,2505,1513700216,MasumBhuiyan,CONTESTANT,TESTS,50,31,2662400
902,C,33435199,GNU C++11,WRONG_ANSWER,7060,1513704770,MasumBhuiyan,CONTESTANT,PRETESTS,0,15,14848000
902,C,33435339,GNU C++11,WRONG_ANSWER,7105,1513704816,MasumBhuiyan,CONTESTANT,PRETESTS,1,0,14848000
902,A,33424477,JavaScript,OK,2681,1513700381,MatadorVirtuoz,CONTESTANT,TESTS,55,30,5939200
902,B,33433782,JavaScript,OK,6462,1513704162,MatadorVirtuoz,CONTESTANT,TESTS,50,46,8396800
902,A,33418419,GNU C++11,WRONG_ANSWER,1188,1513698888,MatheusMonteiro,CONTESTANT,TESTS,20,15,2048000
902,B,33425150,GNU C++11,OK,2876,1513700576,MatheusMonteiro,CONTESTANT,TESTS,50,46,22425600
902,C,33435553,GNU C++11,WRONG_ANSWER,7175,1513704875,MatheusMonteiro,CONTESTANT,PRETESTS,1,15,14131200
902,A,33419383,GNU C++,OK,1380,1513699080,MatheusOP,CONTESTANT,TESTS,55,15,2048000
902,B,33423358,GNU C++,OK,2367,1513700067,MatheusOP,CONTESTANT,TESTS,50,233,2457600
902,C,33432479,GNU C++,OK,5854,1513703554,MatheusOP,CONTESTANT,TESTS,45,109,5120000
902,A,33413826,C++14 (GCC 6-32),WRONG_ANSWER,459,1513698159,Matin.Asp,CONTESTANT,PRETESTS,2,15,1945600
902,A,33417101,C++14 (GCC 6-32),WRONG_ANSWER,963,1513698663,Matin.Asp,CONTESTANT,PRETESTS,2,15,1945600
902,A,33418114,C++14 (GCC 6-32),OK,1135,1513698835,Matin.Asp,CONTESTANT,TESTS,55,15,1945600
902,B,33422057,C++14 (GCC 6-32),OK,2004,1513699704,Matin.Asp,CONTESTANT,TESTS,50,15,2662400
902,C,33426825,C++14 (GCC 6-32),OK,3443,1513701143,Matin.Asp,CONTESTANT,TESTS,45,108,2662400
902,A,33413421,C++14 (GCC 6-32),CHALLENGED,379,1513698090,MavrosOplarxigos,CONTESTANT,CHALLENGES,8,15,1945600
902,B,33420287,C++14 (GCC 6-32),OK,1566,1513699276,MavrosOplarxigos,CONTESTANT,TESTS,50,46,2355200
902,C,33429262,C++14 (GCC 6-32),WRONG_ANSWER,4372,1513702082,MavrosOplarxigos,CONTESTANT,PRETESTS,0,0,1945600
902,C,33430262,C++14 (GCC 6-32),WRONG_ANSWER,4793,1513702503,MavrosOplarxigos,CONTESTANT,PRETESTS,0,15,1843200
902,C,33431512,GNU C++,WRONG_ANSWER,5358,1513703068,MavrosOplarxigos,CONTESTANT,PRETESTS,1,15,2048000
902,A,33431714,GNU C++,OK,5456,1513703167,MavrosOplarxigos,CONTESTANT,TESTS,55,15,2048000
902,C,33432397,GNU C++,WRONG_ANSWER,5804,1513703514,MavrosOplarxigos,CONTESTANT,PRETESTS,1,15,2048000
902,A,33412632,C++14 (GCC 6-32),OK,121,1513697821,Mavzes,CONTESTANT,TESTS,55,15,1945600
902,B,33413790,C++14 (GCC 6-32),OK,453,1513698153,Mavzes,CONTESTANT,TESTS,50,31,2560000
902,C,33422086,C++14 (GCC 6-32),WRONG_ANSWER,2009,1513699709,Mavzes,CONTESTANT,PRETESTS,4,15,1945600
902,C,33423085,C++14 (GCC 6-32),OK,2284,1513699984,Mavzes,CONTESTANT,TESTS,45,108,3891200
902,D,33434100,C++14 (GCC 6-32),WRONG_ANSWER,6624,1513704324,Mavzes,CONTESTANT,PRETESTS,2,15,1843200
902,D,33434157,C++14 (GCC 6-32),WRONG_ANSWER,6649,1513704349,Mavzes,CONTESTANT,PRETESTS,2,15,1843200
902,D,33434186,C++14 (GCC 6-32),RUNTIME_ERROR,6667,1513704367,Mavzes,CONTESTANT,PRETESTS,2,15,1945600
902,D,33434242,C++14 (GCC 6-32),RUNTIME_ERROR,6688,1513704388,Mavzes,CONTESTANT,PRETESTS,2,15,1843200
902,D,33434342,C++14 (GCC 6-32),WRONG_ANSWER,6734,1513704434,Mavzes,CONTESTANT,PRETESTS,2,15,1945600
902,A,33413546,C++14 (GCC 6-32),WRONG_ANSWER,401,1513698112,Max958,CONTESTANT,PRETESTS,2,15,1843200
902,A,33414353,C++14 (GCC 6-32),OK,532,1513698242,Max958,CONTESTANT,TESTS,55,15,1945600
902,C,33423907,C++14 (GCC 6-32),OK,2510,1513700220,Max958,CONTESTANT,TESTS,45,77,2355200
902,B,33428397,C++14 (GCC 6-32),OK,4021,1513701732,Max958,CONTESTANT,TESTS,50,30,4198400
902,A,33412771,GNU C++11,OK,236,1513697936,MaxZubec,CONTESTANT,TESTS,55,31,2048000
902,B,33414802,GNU C++11,OK,614,1513698314,MaxZubec,CONTESTANT,TESTS,50,30,4403200
902,C,33420130,GNU C++11,WRONG_ANSWER,1542,1513699242,MaxZubec,CONTESTANT,PRETESTS,0,15,3686400
902,C,33420276,GNU C++11,WRONG_ANSWER,1573,1513699273,MaxZubec,CONTESTANT,PRETESTS,3,15,3686400
902,C,33423749,GNU C++11,WRONG_ANSWER,2476,1513700176,MaxZubec,CONTESTANT,PRETESTS,3,15,3686400
902,C,33425498,GNU C++11,WRONG_ANSWER,2991,1513700691,MaxZubec,CONTESTANT,PRETESTS,3,15,3686400
902,C,33427572,GNU C++11,OK,3721,1513701421,MaxZubec,CONTESTANT,TESTS,45,233,3686400
902,A,33421107,GNU C++11,OK,1760,1513699471,MaxieMearian,CONTESTANT,TESTS,55,15,2048000
902,A,33418444,C++14 (GCC 6-32),WRONG_ANSWER,1182,1513698893,Mayer_Emad,CONTESTANT,PRETESTS,2,15,1843200
902,A,33419051,C++14 (GCC 6-32),WRONG_ANSWER,1311,1513699021,Mayer_Emad,CONTESTANT,PRETESTS,2,15,1843200
902,A,33421106,C++14 (GCC 6-32),WRONG_ANSWER,1760,1513699470,Mayer_Emad,CONTESTANT,PRETESTS,4,15,1843200
902,A,33426140,C++14 (GCC 6-32),WRONG_ANSWER,3190,1513700901,Mayer_Emad,CONTESTANT,PRETESTS,4,15,2048000
902,A,33428194,C++14 (GCC 6-32),WRONG_ANSWER,3944,1513701654,Mayer_Emad,CONTESTANT,PRETESTS,4,15,2048000
902,A,33431082,C++14 (GCC 6-32),WRONG_ANSWER,5145,1513702856,Mayer_Emad,CONTESTANT,PRETESTS,4,15,2048000
902,A,33413251,GNU C++11,WRONG_ANSWER,348,1513698059,MayorHowell,CONTESTANT,PRETESTS,2,0,2048000
902,A,33414403,GNU C++11,WRONG_ANSWER,541,1513698252,MayorHowell,CONTESTANT,PRETESTS,4,15,2048000
902,A,33417620,GNU C++11,WRONG_ANSWER,1043,1513698754,MayorHowell,CONTESTANT,PRETESTS,2,0,2048000
902,A,33418687,GNU C++11,OK,1229,1513698940,MayorHowell,CONTESTANT,TESTS,55,15,2048000
902,D,33429778,GNU C++11,WRONG_ANSWER,4594,1513702304,MayorHowell,CONTESTANT,PRETESTS,2,15,2048000
902,D,33431084,GNU C++11,OK,5146,1513702856,MayorHowell,CONTESTANT,TESTS,150,31,2048000
902,A,33416673,GNU C++,WRONG_ANSWER,883,1513698594,MazedRupok,CONTESTANT,PRETESTS,4,15,2048000
902,A,33418757,GNU C++,OK,1243,1513698953,MazedRupok,CONTESTANT,TESTS,55,15,2048000
902,B,33425526,GNU C++,OK,2989,1513700700,MazedRupok,CONTESTANT,TESTS,50,31,2560000
902,C,33430974,GNU C++,OK,5097,1513702808,MazedRupok,CONTESTANT,TESTS,45,109,2457600
902,A,33413738,C++14 (GCC 6-32),WRONG_ANSWER,433,1513698144,MccNess,CONTESTANT,PRETESTS,5,15,1945600
902,A,33421001,C++14 (GCC 6-32),WRONG_ANSWER,1735,1513699446,MccNess,CONTESTANT,PRETESTS,5,15,1843200
902,A,33423901,C++14 (GCC 6-32),OK,2509,1513700219,MccNess,CONTESTANT,TESTS,55,15,1945600
902,A,33412865,C++14 (GCC 6-32),WRONG_ANSWER,272,1513697972,Me5a,CONTESTANT,PRETESTS,3,15,1843200
902,A,33413359,C++14 (GCC 6-32),WRONG_ANSWER,378,1513698078,Me5a,CONTESTANT,PRETESTS,3,15,1945600
902,A,33414376,C++14 (GCC 6-32),WRONG_ANSWER,546,1513698246,Me5a,CONTESTANT,PRETESTS,3,15,1843200
902,A,33416737,C++14 (GCC 6-32),WRONG_ANSWER,905,1513698605,Me5a,CONTESTANT,PRETESTS,3,0,1843200
902,A,33418547,C++14 (GCC 6-32),OK,1213,1513698913,Me5a,CONTESTANT,TESTS,55,15,1945600
902,B,33422840,C++14 (GCC 6-32),OK,2221,1513699921,Me5a,CONTESTANT,TESTS,50,30,23347200
902,A,33414978,C++14 (GCC 6-32),WRONG_ANSWER,632,1513698342,MeLlamoArroz,CONTESTANT,PRETESTS,2,15,1843200
902,A,33416148,C++14 (GCC 6-32),WRONG_ANSWER,805,1513698515,MeLlamoArroz,CONTESTANT,PRETESTS,2,15,1843200
902,A,33419062,C++14 (GCC 6-32),WRONG_ANSWER,1313,1513699023,MeLlamoArroz,CONTESTANT,PRETESTS,4,15,1945600
902,A,33421111,C++14 (GCC 6-32),WRONG_ANSWER,1761,1513699472,MeLlamoArroz,CONTESTANT,PRETESTS,4,15,1843200
902,A,33424642,C++14 (GCC 6-32),WRONG_ANSWER,2716,1513700426,MeLlamoArroz,CONTESTANT,PRETESTS,4,15,1945600
902,A,33425006,C++14 (GCC 6-32),WRONG_ANSWER,2821,1513700531,MeLlamoArroz,CONTESTANT,PRETESTS,4,15,1843200
902,A,33414429,Java 8,OK,556,1513698256,Meet.Sinojia,CONTESTANT,TESTS,55,156,20684800
902,B,33423053,Java 8,OK,2276,1513699976,Meet.Sinojia,CONTESTANT,TESTS,50,187,20684800
902,C,33434489,Java 8,WRONG_ANSWER,6799,1513704499,Meet.Sinojia,CONTESTANT,PRETESTS,5,109,20684800
902,C,33435400,Java 8,OK,7133,1513704833,Meet.Sinojia,CONTESTANT,TESTS,45,202,20787200
902,A,33423603,GNU C,TIME_LIMIT_EXCEEDED,2432,1513700132,Megageorgio,CONTESTANT,PRETESTS,7,1000,1843200
902,A,33424395,GNU C,TIME_LIMIT_EXCEEDED,2652,1513700352,Megageorgio,CONTESTANT,PRETESTS,2,1000,1843200
902,A,33426413,GNU C,OK,3293,1513700993,Megageorgio,CONTESTANT,TESTS,55,15,1843200
902,A,33412655,GNU C++11,WRONG_ANSWER,165,1513697865,Megumi_,CONTESTANT,PRETESTS,1,15,2048000
902,A,33412961,GNU C++11,WRONG_ANSWER,301,1513698001,Megumi_,CONTESTANT,PRETESTS,0,0,2048000
902,A,33413158,GNU C++11,OK,341,1513698041,Megumi_,CONTESTANT,TESTS,55,30,2048000
902,B,33415553,GNU C++11,OK,728,1513698428,Megumi_,CONTESTANT,TESTS,50,31,2560000
902,C,33419319,GNU C++11,WRONG_ANSWER,1370,1513699070,Megumi_,CONTESTANT,PRETESTS,4,0,2867200
902,C,33421674,GNU C++11,OK,1908,1513699608,Megumi_,CONTESTANT,TESTS,45,93,2867200
902,D,33426026,GNU C++11,WRONG_ANSWER,3159,1513700859,Megumi_,CONTESTANT,PRETESTS,1,15,2048000
902,D,33426105,GNU C++11,WRONG_ANSWER,3191,1513700891,Megumi_,CONTESTANT,PRETESTS,2,0,2048000
902,A,33422756,C++14 (GCC 6-32),WRONG_ANSWER,2197,1513699897,Mehedi_HM,CONTESTANT,PRETESTS,2,15,1843200
902,A,33425230,C++14 (GCC 6-32),WRONG_ANSWER,2902,1513700602,Mehedi_HM,CONTESTANT,PRETESTS,2,15,1843200
902,A,33427940,C++14 (GCC 6-32),OK,3854,1513701554,Mehedi_HM,CONTESTANT,TESTS,55,15,1945600
902,B,33429976,C++14 (GCC 6-32),SKIPPED,4685,1513702385,Mehedi_HM,CONTESTANT,PRETESTS,10,15,2355200
902,B,33430967,C++14 (GCC 6-32),OK,5101,1513702801,Mehedi_HM,CONTESTANT,TESTS,50,31,2457600
902,A,33413002,C++14 (GCC 6-32),WRONG_ANSWER,309,1513698009,Melekh,CONTESTANT,PRETESTS,2,15,1843200
902,A,33414068,C++14 (GCC 6-32),WRONG_ANSWER,500,1513698200,Melekh,CONTESTANT,TESTS,41,15,1945600
902,B,33420851,C++14 (GCC 6-32),OK,1710,1513699410,Melekh,CONTESTANT,TESTS,50,31,2560000
902,C,33427420,C++14 (GCC 6-32),WRONG_ANSWER,3665,1513701365,Melekh,CONTESTANT,PRETESTS,6,15,3481600
902,C,33427961,C++14 (GCC 6-32),OK,3861,1513701561,Melekh,CONTESTANT,TESTS,45,124,8806400
902,A,33429302,GNU C++,OK,4397,1513702097,MenOfPassion,CONTESTANT,TESTS,55,15,1843200
902,B,33431991,GNU C++,OK,5612,1513703312,MenOfPassion,CONTESTANT,TESTS,50,30,2867200
902,A,33427570,C++14 (GCC 6-32),WRONG_ANSWER,3720,1513701420,Menna-shrif,CONTESTANT,PRETESTS,2,15,1945600
902,A,33433886,C++14 (GCC 6-32),WRONG_ANSWER,6514,1513704214,Menna-shrif,CONTESTANT,PRETESTS,2,15,1945600
902,A,33434253,C++14 (GCC 6-32),WRONG_ANSWER,6694,1513704394,Menna-shrif,CONTESTANT,PRETESTS,2,15,1843200
902,A,33414490,Python 3,COMPILATION_ERROR,554,1513698265,MetaRu,CONTESTANT,PRETESTS,0,0,0
902,A,33414647,GNU C++11,OK,579,1513698290,MetaRu,CONTESTANT,TESTS,55,15,2048000
902,B,33419835,GNU C++11,OK,1464,1513699174,MetaRu,CONTESTANT,TESTS,50,46,2457600
902,C,33425974,GNU C++11,OK,3132,1513700843,MetaRu,CONTESTANT,TESTS,45,218,5836800
902,D,33434226,GNU C++11,WRONG_ANSWER,6682,1513704382,MetaRu,CONTESTANT,PRETESTS,1,15,2048000
902,D,33434876,GNU C++11,WRONG_ANSWER,6960,1513704660,MetaRu,CONTESTANT,PRETESTS,4,15,2048000
902,A,33412909,C++14 (GCC 6-32),CHALLENGED,286,1513697986,Meternal,CONTESTANT,CHALLENGES,8,15,3481600
902,B,33418065,C++14 (GCC 6-32),OK,1126,1513698826,Meternal,CONTESTANT,TESTS,50,234,2560000
902,C,33424389,C++14 (GCC 6-32),OK,2650,1513700350,Meternal,CONTESTANT,TESTS,45,78,3788800
902,A,33427806,C++14 (GCC 6-32),OK,3807,1513701507,Meternal,CONTESTANT,TESTS,55,15,3481600
902,D,33431659,C++14 (GCC 6-32),WRONG_ANSWER,5439,1513703139,Meternal,CONTESTANT,PRETESTS,2,0,2048000
902,A,33422391,C++14 (GCC 6-32),WRONG_ANSWER,2096,1513699796,MiHon,CONTESTANT,PRETESTS,3,15,1843200
902,A,33422726,C++14 (GCC 6-32),OK,2189,1513699889,MiHon,CONTESTANT,TESTS,55,15,1843200
902,B,33428512,C++14 (GCC 6-32),RUNTIME_ERROR,4080,1513701780,MiHon,CONTESTANT,PRETESTS,0,0,22937600
902,B,33429643,C++14 (GCC 6-32),OK,4550,1513702250,MiHon,CONTESTANT,TESTS,50,46,23347200
902,A,33416385,Java 8,WRONG_ANSWER,847,1513698547,MichaelStrain,CONTESTANT,PRETESTS,2,124,20684800
902,A,33421097,Java 8,OK,1768,1513699468,MichaelStrain,CONTESTANT,TESTS,55,155,20684800
902,B,33429254,Java 8,WRONG_ANSWER,4381,1513702081,MichaelStrain,CONTESTANT,PRETESTS,0,77,20582400
902,B,33430407,Java 8,MEMORY_LIMIT_EXCEEDED,4863,1513702563,MichaelStrain,CONTESTANT,PRETESTS,5,264,268390400
902,B,33431237,Java 8,MEMORY_LIMIT_EXCEEDED,5233,1513702933,MichaelStrain,CONTESTANT,PRETESTS,5,265,268390400
902,A,33414955,GNU C++11,OK,628,1513698339,Michy,CONTESTANT,TESTS,55,30,2048000
902,B,33423524,GNU C++11,OK,2401,1513700111,Michy,CONTESTANT,TESTS,50,62,3481600
902,C,33428356,GNU C++11,OK,4002,1513701712,Michy,CONTESTANT,TESTS,45,327,2457600
902,A,33420351,GNU C++11,WRONG_ANSWER,1588,1513699288,Migi251,CONTESTANT,PRETESTS,0,0,2048000
902,A,33421104,GNU C11,COMPILATION_ERROR,1770,1513699470,Migi251,CONTESTANT,PRETESTS,0,0,0
902,A,33421199,GNU C++11,WRONG_ANSWER,1793,1513699493,Migi251,CONTESTANT,PRETESTS,0,0,2048000
902,A,33422132,GNU C++11,WRONG_ANSWER,2022,1513699722,Migi251,CONTESTANT,PRETESTS,1,15,2048000
902,A,33423809,GNU C++11,WRONG_ANSWER,2493,1513700193,Migi251,CONTESTANT,PRETESTS,1,0,2048000
902,A,33424267,GNU C++11,WRONG_ANSWER,2614,1513700314,Migi251,CONTESTANT,PRETESTS,1,15,2457600
902,A,33418893,Java 8,WRONG_ANSWER,1273,1513698983,Mihir_Gajera1,CONTESTANT,PRETESTS,2,109,28979200
902,B,33424149,Java 8,OK,2574,1513700284,Mihir_Gajera1,CONTESTANT,TESTS,50,140,29286400
902,A,33428806,Java 8,OK,4192,1513701902,Mihir_Gajera1,CONTESTANT,TESTS,55,124,28979200
902,C,33435630,Java 8,WRONG_ANSWER,7178,1513704889,Mihir_Gajera1,CONTESTANT,PRETESTS,5,109,28979200
902,A,33413103,C++14 (GCC 6-32),OK,321,1513698032,MikeCoder,CONTESTANT,TESTS,55,15,1945600
902,B,33420029,C++14 (GCC 6-32),OK,1509,1513699219,MikeCoder,CONTESTANT,TESTS,50,202,2457600
902,A,33413029,C++14 (GCC 6-32),WRONG_ANSWER,314,1513698014,MinaToma,CONTESTANT,PRETESTS,2,15,1843200
902,A,33418380,C++14 (GCC 6-32),WRONG_ANSWER,1181,1513698881,MinaToma,CONTESTANT,PRETESTS,4,15,1843200
902,A,33420413,C++14 (GCC 6-32),WRONG_ANSWER,1604,1513699304,MinaToma,CONTESTANT,PRETESTS,4,15,1945600
902,A,33421967,C++14 (GCC 6-32),WRONG_ANSWER,1984,1513699684,MinaToma,CONTESTANT,PRETESTS,4,15,1945600
902,A,33424580,C++14 (GCC 6-32),WRONG_ANSWER,2709,1513700409,MinaToma,CONTESTANT,PRETESTS,4,15,1945600
902,A,33426454,C++14 (GCC 6-32),WRONG_ANSWER,3306,1513701006,MinaToma,CONTESTANT,PRETESTS,0,0,1843200
902,A,33426556,C++14 (GCC 6-32),WRONG_ANSWER,3343,1513701043,MinaToma,CONTESTANT,PRETESTS,4,15,1843200
902,A,33428234,C++14 (GCC 6-32),WRONG_ANSWER,3967,1513701667,MinaToma,CONTESTANT,PRETESTS,4,15,1945600
902,A,33430272,C++14 (GCC 6-32),WRONG_ANSWER,4808,1513702508,MinaToma,CONTESTANT,PRETESTS,2,15,1843200
902,A,33430494,C++14 (GCC 6-32),WRONG_ANSWER,4899,1513702599,MinaToma,CONTESTANT,PRETESTS,0,0,1945600
902,A,33430583,C++14 (GCC 6-32),WRONG_ANSWER,4939,1513702639,MinaToma,CONTESTANT,PRETESTS,2,0,1843200
902,A,33431789,C++14 (GCC 6-32),WRONG_ANSWER,5512,1513703212,MinaToma,CONTESTANT,PRETESTS,2,15,1843200
902,A,33431989,C++14 (GCC 6-32),WRONG_ANSWER,5610,1513703310,MinaToma,CONTESTANT,PRETESTS,4,15,1843200
902,A,33433297,C++14 (GCC 6-32),WRONG_ANSWER,6247,1513703947,MinaToma,CONTESTANT,PRETESTS,3,15,1945600
902,A,33413232,PyPy 2,WRONG_ANSWER,345,1513698056,Mindjolt,CONTESTANT,PRETESTS,2,77,21196800
902,A,33414649,PyPy 2,WRONG_ANSWER,579,1513698290,Mindjolt,CONTESTANT,PRETESTS,2,62,21196800
902,A,33416277,PyPy 2,WRONG_ANSWER,823,1513698533,Mindjolt,CONTESTANT,PRETESTS,1,46,21196800
902,A,33416656,PyPy 2,WRONG_ANSWER,880,1513698591,Mindjolt,CONTESTANT,PRETESTS,3,62,21196800
902,A,33417125,PyPy 2,WRONG_ANSWER,957,1513698668,Mindjolt,CONTESTANT,PRETESTS,3,61,21196800
902,A,33418057,PyPy 2,COMPILATION_ERROR,1115,1513698825,Mindjolt,CONTESTANT,PRETESTS,0,0,0
902,A,33418815,PyPy 2,OK,1254,1513698964,Mindjolt,CONTESTANT,TESTS,55,62,21196800
902,D,33431142,PyPy 2,WRONG_ANSWER,5174,1513702884,Mindjolt,CONTESTANT,PRETESTS,3,46,21196800
902,D,33435031,PyPy 2,WRONG_ANSWER,7015,1513704715,Mindjolt,CONTESTANT,PRETESTS,1,62,21196800
902,A,33417549,GNU C++11,OK,1040,1513698740,MinhPhan,CONTESTANT,TESTS,55,30,2048000
902,B,33428133,GNU C++11,OK,3931,1513701631,MinhPhan,CONTESTANT,TESTS,50,46,2355200
902,A,33413258,FPC,OK,361,1513698061,Minh_love_Hong_Phuc,CONTESTANT,TESTS,55,31,1638400
902,B,33417841,FPC,WRONG_ANSWER,1091,1513698791,Minh_love_Hong_Phuc,CONTESTANT,PRETESTS,9,15,4403200
902,B,33421274,C++14 (GCC 6-32),OK,1812,1513699512,Minh_love_Hong_Phuc,CONTESTANT,TESTS,50,31,12083200
902,C,33431466,FPC,WRONG_ANSWER,5345,1513703045,Minh_love_Hong_Phuc,CONTESTANT,PRETESTS,4,15,2457600
902,C,33431745,FPC,RUNTIME_ERROR,5485,1513703185,Minh_love_Hong_Phuc,CONTESTANT,PRETESTS,0,0,2560000
902,C,33431793,FPC,OK,5514,1513703214,Minh_love_Hong_Phuc,CONTESTANT,TESTS,45,701,2355200
902,A,33423136,GNU C++11,WRONG_ANSWER,2294,1513700005,Minilay8,CONTESTANT,PRETESTS,3,15,2252800
902,A,33425995,GNU C++11,TIME_LIMIT_EXCEEDED,3138,1513700848,Minilay8,CONTESTANT,PRETESTS,2,1000,2252800
902,A,33426718,GNU C++11,WRONG_ANSWER,3396,1513701107,Minilay8,CONTESTANT,PRETESTS,0,0,2252800
902,A,33429569,C++14 (GCC 6-32),WRONG_ANSWER,4505,1513702215,Minimalistic,CONTESTANT,PRETESTS,5,15,1945600
902,A,33431149,C++14 (GCC 6-32),WRONG_ANSWER,5180,1513702891,Minimalistic,CONTESTANT,PRETESTS,4,15,1945600
902,A,33432185,C++14 (GCC 6-32),WRONG_ANSWER,5694,1513703404,Minimalistic,CONTESTANT,PRETESTS,4,15,1843200
902,A,33414114,C++14 (GCC 6-32),OK,495,1513698206,MiohitoKiri5474,CONTESTANT,TESTS,55,15,1945600
902,B,33419918,C++14 (GCC 6-32),OK,1484,1513699194,MiohitoKiri5474,CONTESTANT,TESTS,50,15,2457600
902,A,33416467,GNU C++11,OK,851,1513698562,Mirell,CONTESTANT,TESTS,55,30,2969600
902,B,33419111,GNU C++11,OK,1324,1513699034,Mirell,CONTESTANT,TESTS,50,31,3993600
902,C,33429038,GNU C++11,WRONG_ANSWER,4285,1513701995,Mirell,CONTESTANT,PRETESTS,1,15,11673600
902,C,33430916,GNU C++11,OK,5068,1513702778,Mirell,CONTESTANT,TESTS,45,280,22528000
902,A,33418072,GNU C++11,OK,1127,1513698827,Mirror,CONTESTANT,TESTS,55,15,2048000
902,B,33422564,GNU C++11,OK,2142,1513699842,Mirror,CONTESTANT,TESTS,50,46,2560000
902,C,33428255,GNU C++11,WRONG_ANSWER,3976,1513701676,Mirror,CONTESTANT,PRETESTS,3,15,2867200
902,C,33431773,GNU C++11,WRONG_ANSWER,5500,1513703200,Mirror,CONTESTANT,TESTS,37,327,2867200
902,A,33414711,GNU C++,WRONG_ANSWER,597,1513698297,MisakaTang,CONTESTANT,PRETESTS,2,0,2048000
902,A,33417354,GNU C++,OK,1007,1513698707,MisakaTang,CONTESTANT,TESTS,55,31,2048000
902,B,33430336,GNU C++,WRONG_ANSWER,4835,1513702535,MisakaTang,CONTESTANT,PRETESTS,4,15,2150400
902,B,33430533,GNU C++,OK,4915,1513702615,MisakaTang,CONTESTANT,TESTS,50,15,2150400
902,A,33412647,C++14 (GCC 6-32),WRONG_ANSWER,152,1513697852,MishaPrigara,CONTESTANT,PRETESTS,1,15,1945600
902,A,33412696,C++14 (GCC 6-32),OK,201,1513697901,MishaPrigara,CONTESTANT,TESTS,55,15,1945600
902,B,33415046,C++14 (GCC 6-32),OK,653,1513698353,MishaPrigara,CONTESTANT,TESTS,50,30,2457600
902,C,33421441,C++14 (GCC 6-32),OK,1852,1513699552,MishaPrigara,CONTESTANT,TESTS,45,93,8908800
902,D,33425952,C++14 (GCC 6-32),WRONG_ANSWER,3135,1513700835,MishaPrigara,CONTESTANT,PRETESTS,2,0,1843200
902,D,33426187,C++14 (GCC 6-32),WRONG_ANSWER,3217,1513700917,MishaPrigara,CONTESTANT,PRETESTS,2,15,1945600
902,D,33432347,C++14 (GCC 6-32),WRONG_ANSWER,5787,1513703487,MishaPrigara,CONTESTANT,PRETESTS,2,15,1945600
902,D,33433481,C++14 (GCC 6-32),WRONG_ANSWER,6326,1513704026,MishaPrigara,CONTESTANT,PRETESTS,2,0,1945600
902,D,33433602,C++14 (GCC 6-32),WRONG_ANSWER,6383,1513704083,MishaPrigara,CONTESTANT,PRETESTS,2,15,1945600
902,D,33433978,C++14 (GCC 6-32),WRONG_ANSWER,6567,1513704267,MishaPrigara,CONTESTANT,PRETESTS,1,15,1843200
902,D,33434032,C++14 (GCC 6-32),WRONG_ANSWER,6597,1513704297,MishaPrigara,CONTESTANT,PRETESTS,0,15,1945600
902,D,33434083,C++14 (GCC 6-32),WRONG_ANSWER,6617,1513704317,MishaPrigara,CONTESTANT,PRETESTS,1,15,1945600
902,D,33434160,C++14 (GCC 6-32),WRONG_ANSWER,6651,1513704351,MishaPrigara,CONTESTANT,PRETESTS,2,0,1843200
902,D,33434210,C++14 (GCC 6-32),WRONG_ANSWER,6675,1513704375,MishaPrigara,CONTESTANT,PRETESTS,2,0,1843200
902,A,33420018,C++14 (GCC 6-32),OK,1516,1513699216,Mishugana,CONTESTANT,TESTS,55,15,1945600
902,B,33430835,C++14 (GCC 6-32),OK,5048,1513702748,Mishugana,CONTESTANT,TESTS,50,31,2457600
902,A,33412786,C++14 (GCC 6-32),OK,245,1513697945,Miss_Rentar,CONTESTANT,TESTS,55,30,9932800
902,B,33415351,C++14 (GCC 6-32),OK,698,1513698398,Miss_Rentar,CONTESTANT,TESTS,50,46,2867200
902,C,33426085,C++14 (GCC 6-32),OK,3185,1513700885,Miss_Rentar,CONTESTANT,TESTS,45,187,3481600
902,A,33415011,GNU C++11,OK,648,1513698348,MixIT,CONTESTANT,TESTS,55,30,2048000
902,B,33418389,GNU C++11,OK,1183,1513698883,MixIT,CONTESTANT,TESTS,50,31,2457600
902,C,33421731,GNU C++11,WRONG_ANSWER,1922,1513699622,MixIT,CONTESTANT,PRETESTS,1,15,2252800
902,C,33422536,GNU C++11,WRONG_ANSWER,2136,1513699836,MixIT,CONTESTANT,PRETESTS,5,31,2252800
902,C,33423866,GNU C++11,WRONG_ANSWER,2508,1513700208,MixIT,CONTESTANT,PRETESTS,5,15,2252800
902,C,33424393,GNU C++11,WRONG_ANSWER,2652,1513700352,MixIT,CONTESTANT,PRETESTS,5,15,2252800
902,C,33425194,GNU C++11,WRONG_ANSWER,2890,1513700590,MixIT,CONTESTANT,PRETESTS,5,15,2252800
902,C,33425576,GNU C++11,WRONG_ANSWER,3016,1513700716,MixIT,CONTESTANT,PRETESTS,5,15,2252800
902,C,33427500,GNU C++11,OK,3695,1513701395,MixIT,CONTESTANT,TESTS,45,249,2662400
902,A,33423361,GNU C++11,WRONG_ANSWER,2369,1513700069,Mixr,CONTESTANT,PRETESTS,2,15,2048000
902,A,33416173,C++14 (GCC 6-32),WRONG_ANSWER,818,1513698518,Mltsvh,CONTESTANT,PRETESTS,2,0,1843200
902,A,33426597,C++14 (GCC 6-32),OK,3360,1513701060,Mltsvh,CONTESTANT,TESTS,55,15,1945600
902,A,33416559,GNU C++11,WRONG_ANSWER,867,1513698577,Mmcoder,CONTESTANT,PRETESTS,4,15,2048000
902,A,33418349,C++14 (GCC 6-32),WRONG_ANSWER,1176,1513698876,Mo2men,CONTESTANT,PRETESTS,2,15,1945600
902,A,33419106,C++14 (GCC 6-32),WRONG_ANSWER,1334,1513699034,Mo2men,CONTESTANT,PRETESTS,2,15,1843200
902,A,33424584,C++14 (GCC 6-32),CHALLENGED,2711,1513700411,Mo2men,CONTESTANT,CHALLENGES,8,0,1945600
902,A,33418103,C++14 (GCC 6-32),WRONG_ANSWER,1133,1513698833,MoMoJoJo,CONTESTANT,PRETESTS,3,15,1843200
902,A,33419368,C++14 (GCC 6-32),WRONG_ANSWER,1376,1513699076,MoMoJoJo,CONTESTANT,PRETESTS,3,15,1843200
902,A,33420985,C++14 (GCC 6-32),WRONG_ANSWER,1741,1513699441,MoMoJoJo,CONTESTANT,PRETESTS,3,15,1843200
902,A,33422145,C++14 (GCC 6-32),OK,2026,1513699726,MoMoJoJo,CONTESTANT,TESTS,55,15,1945600
902,B,33426030,C++14 (GCC 6-32),MEMORY_LIMIT_EXCEEDED,3162,1513700862,MoMoJoJo,CONTESTANT,PRETESTS,0,15,268390400
902,B,33426810,C++14 (GCC 6-32),WRONG_ANSWER,3439,1513701139,MoMoJoJo,CONTESTANT,PRETESTS,9,31,2662400
902,B,33429419,C++14 (GCC 6-32),TIME_LIMIT_EXCEEDED,4451,1513702151,MoMoJoJo,CONTESTANT,TESTS,24,1000,2867200
902,C,33435159,C++14 (GCC 6-32),WRONG_ANSWER,7057,1513704757,MoMoJoJo,CONTESTANT,PRETESTS,1,0,1843200
902,A,33417302,GNU C++11,OK,999,1513698699,Moaz.e,CONTESTANT,TESTS,55,15,2048000
902,B,33425389,GNU C++11,OK,2956,1513700656,Moaz.e,CONTESTANT,TESTS,50,46,2560000
902,C,33433248,GNU C++11,WRONG_ANSWER,6227,1513703927,Moaz.e,CONTESTANT,PRETESTS,1,15,4505600
902,C,33434031,GNU C++11,WRONG_ANSWER,6597,1513704297,Moaz.e,CONTESTANT,PRETESTS,3,15,4505600
902,C,33434505,GNU C++11,WRONG_ANSWER,6807,1513704507,Moaz.e,CONTESTANT,PRETESTS,3,15,4505600
902,C,33435425,GNU C++11,WRONG_ANSWER,7143,1513704843,Moaz.e,CONTESTANT,PRETESTS,3,15,4505600
902,A,33413317,GNU C++11,WRONG_ANSWER,370,1513698070,Moemen95,CONTESTANT,PRETESTS,4,0,2048000
902,A,33414800,GNU C++11,OK,614,1513698314,Moemen95,CONTESTANT,TESTS,55,15,2048000
902,B,33418745,GNU C++11,WRONG_ANSWER,1252,1513698952,Moemen95,CONTESTANT,PRETESTS,2,30,2252800
902,B,33422817,GNU C++11,OK,2213,1513699913,Moemen95,CONTESTANT,TESTS,50,234,2560000
902,A,33415520,C++14 (GCC 6-32),WRONG_ANSWER,724,1513698424,Mohaimen.,CONTESTANT,PRETESTS,4,15,1945600
902,A,33421165,C++14 (GCC 6-32),OK,1785,1513699485,Mohaimen.,CONTESTANT,TESTS,55,15,1945600
902,B,33430223,C++14 (GCC 6-32),OK,4791,1513702491,Mohaimen.,CONTESTANT,TESTS,50,31,2764800
902,A,33414145,C++14 (GCC 6-32),OK,511,1513698211,Mohaimin66,CONTESTANT,TESTS,55,15,1945600
902,B,33418825,C++14 (GCC 6-32),OK,1266,1513698966,Mohaimin66,CONTESTANT,TESTS,50,15,2560000
902,C,33431993,C++14 (GCC 6-32),WRONG_ANSWER,5613,1513703313,Mohaimin66,CONTESTANT,PRETESTS,1,15,6656000
902,C,33432058,C++14 (GCC 6-32),WRONG_ANSWER,5640,1513703340,Mohaimin66,CONTESTANT,PRETESTS,1,0,6656000
902,C,33433403,C++14 (GCC 6-32),WRONG_ANSWER,6297,1513703997,Mohaimin66,CONTESTANT,PRETESTS,1,15,6656000
902,A,33414356,C++14 (GCC 6-32),WRONG_ANSWER,543,1513698243,MohamedAlmograby,CONTESTANT,PRETESTS,2,15,1843200
902,A,33415066,C++14 (GCC 6-32),WRONG_ANSWER,656,1513698356,MohamedAlmograby,CONTESTANT,PRETESTS,2,15,1945600
902,A,33417263,C++14 (GCC 6-32),WRONG_ANSWER,992,1513698692,MohamedAlmograby,CONTESTANT,PRETESTS,3,15,1843200
902,A,33419647,C++14 (GCC 6-32),OK,1439,1513699139,MohamedAlmograby,CONTESTANT,TESTS,55,31,1945600
902,B,33426572,C++14 (GCC 6-32),WRONG_ANSWER,3350,1513701050,MohamedAlmograby,CONTESTANT,PRETESTS,9,31,2457600
902,B,33427870,C++14 (GCC 6-32),OK,3828,1513701528,MohamedAlmograby,CONTESTANT,TESTS,50,31,2560000
902,A,33413366,C++14 (GCC 6-32),WRONG_ANSWER,379,1513698079,MohamedHamada_,CONTESTANT,PRETESTS,2,15,1945600
902,A,33414799,C++14 (GCC 6-32),CHALLENGED,613,1513698313,MohamedHamada_,CONTESTANT,CHALLENGES,8,15,1945600
902,B,33425822,GNU C++,OK,3095,1513700795,MohamedHamada_,CONTESTANT,TESTS,50,31,3788800
902,A,33426433,C++14 (GCC 6-32),OK,3300,1513701000,MohamedHamada_,CONTESTANT,TESTS,55,15,1945600
902,C,33432698,C++14 (GCC 6-32),WRONG_ANSWER,5962,1513703662,MohamedHamada_,CONTESTANT,PRETESTS,4,15,1945600
902,C,33434457,C++14 (GCC 6-32),OK,6782,1513704482,MohamedHamada_,CONTESTANT,TESTS,45,93,2252800
902,A,33417727,C++14 (GCC 6-32),WRONG_ANSWER,1071,1513698771,Mohamed_Galal97,CONTESTANT,PRETESTS,2,0,1945600
902,A,33418344,C++14 (GCC 6-32),WRONG_ANSWER,1175,1513698875,Mohamed_Galal97,CONTESTANT,PRETESTS,2,15,1945600
902,A,33419868,C++14 (GCC 6-32),WRONG_ANSWER,1483,1513699183,Mohamed_Galal97,CONTESTANT,PRETESTS,2,31,1945600
902,A,33422062,C++14 (GCC 6-32),WRONG_ANSWER,2005,1513699705,Mohamed_Galal97,CONTESTANT,PRETESTS,2,15,1945600
902,A,33422986,C++14 (GCC 6-32),WRONG_ANSWER,2255,1513699955,Mohamed_Galal97,CONTESTANT,PRETESTS,2,15,1945600
902,A,33424509,C++14 (GCC 6-32),WRONG_ANSWER,2690,1513700390,Mohamed_Galal97,CONTESTANT,PRETESTS,2,15,1945600
902,A,33426981,C++14 (GCC 6-32),WRONG_ANSWER,3497,1513701197,Mohamed_Galal97,CONTESTANT,PRETESTS,2,15,1945600
902,A,33421401,C++14 (GCC 6-32),WRONG_ANSWER,1841,1513699541,Mohamed_Hamdy97,CONTESTANT,PRETESTS,2,0,1843200
902,A,33424673,C++14 (GCC 6-32),WRONG_ANSWER,2737,1513700437,Mohamed_Hamdy97,CONTESTANT,PRETESTS,2,0,1843200
902,A,33425672,C++14 (GCC 6-32),WRONG_ANSWER,3046,1513700746,Mohamed_Hamdy97,CONTESTANT,PRETESTS,2,0,1945600
902,A,33414884,C++14 (GCC 6-32),WRONG_ANSWER,628,1513698328,MohammadRezaBateni,CONTESTANT,PRETESTS,4,0,1945600
902,A,33416836,C++14 (GCC 6-32),OK,921,1513698621,MohammadRezaBateni,CONTESTANT,TESTS,55,15,1945600
902,B,33422313,C++14 (GCC 6-32),OK,2069,1513699769,MohammadRezaBateni,CONTESTANT,TESTS,50,31,2560000
902,C,33430040,C++14 (GCC 6-32),WRONG_ANSWER,4714,1513702414,MohammadRezaBateni,CONTESTANT,PRETESTS,1,0,2150400
902,C,33430759,C++14 (GCC 6-32),RUNTIME_ERROR,5019,1513702719,MohammadRezaBateni,CONTESTANT,PRETESTS,12,15,2150400
902,C,33430926,C++14 (GCC 6-32),OK,5082,1513702782,MohammadRezaBateni,CONTESTANT,TESTS,45,93,25907200
902,A,33414827,C++14 (GCC 6-32),WRONG_ANSWER,617,1513698317,MohammadZuhair,CONTESTANT,PRETESTS,2,15,1945600
902,A,33415252,C++14 (GCC 6-32),WRONG_ANSWER,684,1513698384,MohammadZuhair,CONTESTANT,PRETESTS,3,15,1945600
902,A,33417153,C++14 (GCC 6-32),WRONG_ANSWER,973,1513698673,MohammadZuhair,CONTESTANT,PRETESTS,3,0,1945600
902,A,33419259,C++14 (GCC 6-32),OK,1361,1513699061,MohammadZuhair,CONTESTANT,TESTS,55,30,1945600
902,B,33422128,C++14 (GCC 6-32),RUNTIME_ERROR,2020,1513699720,MohammadZuhair,CONTESTANT,PRETESTS,5,15,2355200
902,B,33422684,C++14 (GCC 6-32),OK,2178,1513699878,MohammadZuhair,CONTESTANT,TESTS,50,31,2457600
902,C,33427660,C++14 (GCC 6-32),WRONG_ANSWER,3751,1513701451,MohammadZuhair,CONTESTANT,PRETESTS,3,15,2252800
902,C,33429836,C++14 (GCC 6-32),OK,4628,1513702328,MohammadZuhair,CONTESTANT,TESTS,45,155,5222400
902,A,33418479,C++14 (GCC 6-32),WRONG_ANSWER,1189,1513698899,Mohammed_Ali,CONTESTANT,PRETESTS,2,15,1843200
902,A,33424286,C++14 (GCC 6-32),WRONG_ANSWER,2610,1513700321,Mohammed_Ali,CONTESTANT,PRETESTS,2,15,1843200
902,A,33425039,C++14 (GCC 6-32),WRONG_ANSWER,2833,1513700543,Mohammed_Ali,CONTESTANT,PRETESTS,2,15,1843200
902,A,33426527,C++14 (GCC 6-32),WRONG_ANSWER,3322,1513701033,Mohammed_Ali,CONTESTANT,PRETESTS,2,15,1843200
902,A,33427852,C++14 (GCC 6-32),WRONG_ANSWER,3821,1513701521,Mohammed_Ali,CONTESTANT,PRETESTS,2,0,1843200
902,A,33416321,C++14 (GCC 6-32),WRONG_ANSWER,840,1513698540,Mohammed_Badawi,CONTESTANT,PRETESTS,4,15,1843200
902,A,33418918,C++14 (GCC 6-32),WRONG_ANSWER,1288,1513698988,Mohammed_Badawi,CONTESTANT,PRETESTS,4,15,1945600
902,A,33419794,C++14 (GCC 6-32),WRONG_ANSWER,1467,1513699167,Mohammed_Badawi,CONTESTANT,PRETESTS,4,15,1945600
902,A,33420325,C++14 (GCC 6-32),OK,1581,1513699281,Mohammed_Badawi,CONTESTANT,TESTS,55,15,1945600
902,A,33419825,C++14 (GCC 6-32),WRONG_ANSWER,1474,1513699174,MohimenolFahim,CONTESTANT,PRETESTS,2,15,1843200
902,A,33421985,C++14 (GCC 6-32),WRONG_ANSWER,1990,1513699690,MohimenolFahim,CONTESTANT,PRETESTS,2,0,1843200
902,A,33424754,C++14 (GCC 6-32),WRONG_ANSWER,2759,1513700459,MohimenolFahim,CONTESTANT,PRETESTS,2,15,1843200
902,A,33429365,C++14 (GCC 6-32),WRONG_ANSWER,4423,1513702123,MohimenolFahim,CONTESTANT,PRETESTS,2,0,1843200
902,A,33429682,C++14 (GCC 6-32),WRONG_ANSWER,4563,1513702263,MohimenolFahim,CONTESTANT,PRETESTS,2,15,1945600
902,A,33431872,C++14 (GCC 6-32),WRONG_ANSWER,5556,1513703256,MohimenolFahim,CONTESTANT,PRETESTS,2,0,1843200
902,A,33432602,C++14 (GCC 6-32),WRONG_ANSWER,5919,1513703619,MohimenolFahim,CONTESTANT,PRETESTS,2,0,2662400
902,A,33434692,C++14 (GCC 6-32),RUNTIME_ERROR,6883,1513704583,Mohsenebp,CONTESTANT,PRETESTS,2,15,3174400
902,A,33435097,C++14 (GCC 6-32),OK,7032,1513704732,Mohsenebp,CONTESTANT,TESTS,55,15,7372800
902,A,33420687,GNU C++,WRONG_ANSWER,1669,1513699369,MongTing,CONTESTANT,PRETESTS,5,15,2048000
902,A,33424511,GNU C++,WRONG_ANSWER,2690,1513700390,MongTing,CONTESTANT,PRETESTS,5,15,2048000
902,A,33425452,GNU C++,WRONG_ANSWER,2977,1513700677,MongTing,CONTESTANT,PRETESTS,5,15,2048000
902,A,33420069,GNU C,WRONG_ANSWER,1528,1513699228,Monika_G,CONTESTANT,PRETESTS,2,15,1843200
902,A,33429527,GNU C,WRONG_ANSWER,4499,1513702199,Monika_G,CONTESTANT,PRETESTS,2,15,1843200
902,A,33430395,GNU C,WRONG_ANSWER,4857,1513702557,Monika_G,CONTESTANT,PRETESTS,2,15,1843200
902,A,33423181,C++14 (GCC 6-32),WRONG_ANSWER,2316,1513700016,MonreeStudio,CONTESTANT,PRETESTS,0,0,1843200
902,A,33423994,C++14 (GCC 6-32),WRONG_ANSWER,2544,1513700244,MonreeStudio,CONTESTANT,PRETESTS,2,15,1843200
902,A,33427067,C++14 (GCC 6-32),RUNTIME_ERROR,3533,1513701233,MonreeStudio,CONTESTANT,PRETESTS,0,0,1945600
902,A,33427178,C++14 (GCC 6-32),WRONG_ANSWER,3578,1513701278,MonreeStudio,CONTESTANT,PRETESTS,2,15,1843200
902,A,33428985,C++14 (GCC 6-32),WRONG_ANSWER,4274,1513701974,MonreeStudio,CONTESTANT,PRETESTS,3,15,1945600
902,A,33413426,GNU C++11,OK,380,1513698090,Monster_ixx,CONTESTANT,TESTS,55,15,2048000
902,B,33418921,GNU C++11,OK,1279,1513698989,Monster_ixx,CONTESTANT,TESTS,50,30,2150400
902,C,33426851,GNU C++11,WRONG_ANSWER,3445,1513701156,Monster_ixx,CONTESTANT,PRETESTS,1,15,3686400
902,C,33427114,GNU C++11,WRONG_ANSWER,3537,1513701247,Monster_ixx,CONTESTANT,PRETESTS,4,15,3686400
902,C,33429767,GNU C++11,WRONG_ANSWER,4589,1513702300,Monster_ixx,CONTESTANT,TESTS,13,93,4096000
902,A,33413618,C++14 (GCC 6-32),OK,424,1513698124,MoodyFares,CONTESTANT,TESTS,55,15,1945600
902,B,33417825,C++14 (GCC 6-32),OK,1087,1513698787,MoodyFares,CONTESTANT,TESTS,50,31,2560000
902,C,33434220,C++14 (GCC 6-32),WRONG_ANSWER,6679,1513704379,MoodyFares,CONTESTANT,PRETESTS,1,15,3891200
902,C,33434743,C++14 (GCC 6-32),WRONG_ANSWER,6906,1513704606,MoodyFares,CONTESTANT,PRETESTS,1,0,3891200
902,C,33435338,C++14 (GCC 6-32),WRONG_ANSWER,7116,1513704816,MoodyFares,CONTESTANT,PRETESTS,1,0,3891200
902,A,33417026,C++14 (GCC 6-32),OK,949,1513698649,MoogleAndChocobo,CONTESTANT,TESTS,55,15,1843200
902,A,33414922,GNU C++11,WRONG_ANSWER,633,1513698333,Moonfair,CONTESTANT,PRETESTS,3,15,2048000
902,A,33415440,GNU C++11,OK,711,1513698411,Moonfair,CONTESTANT,TESTS,55,30,2048000
902,B,33430356,GNU C++11,TIME_LIMIT_EXCEEDED,4842,1513702542,Moonfair,CONTESTANT,TESTS,17,1000,2252800
902,A,33412971,C++14 (GCC 6-32),OK,303,1513698003,MortadaMansour,CONTESTANT,TESTS,55,15,1945600
902,B,33414835,C++14 (GCC 6-32),OK,620,1513698320,MortadaMansour,CONTESTANT,TESTS,50,15,2355200
902,C,33421339,C++14 (GCC 6-32),SKIPPED,1828,1513699528,MortadaMansour,CONTESTANT,PRETESTS,13,15,1945600
902,C,33433285,C++14 (GCC 6-32),OK,6243,1513703943,MortadaMansour,CONTESTANT,TESTS,45,108,2662400
902,D,33434288,C++14 (GCC 6-32),WRONG_ANSWER,6711,1513704411,MortadaMansour,CONTESTANT,PRETESTS,6,15,1843200
902,D,33435562,C++14 (GCC 6-32),WRONG_ANSWER,7177,1513704877,MortadaMansour,CONTESTANT,PRETESTS,1,15,1843200
902,A,33414979,C++14 (GCC 6-32),WRONG_ANSWER,642,1513698342,MorxXSir,CONTESTANT,PRETESTS,2,15,3481600
902,A,33421365,C++14 (GCC 6-32),WRONG_ANSWER,1834,1513699534,MorxXSir,CONTESTANT,PRETESTS,4,15,3481600
902,A,33421103,C++14 (GCC 6-32),WRONG_ANSWER,1770,1513699470,Moturi,CONTESTANT,TESTS,16,15,1945600
902,A,33420543,C++14 (GCC 6-32),WRONG_ANSWER,1636,1513699336,MozarT,CONTESTANT,PRETESTS,2,15,1843200
902,A,33422356,C++14 (GCC 6-32),WRONG_ANSWER,2083,1513699783,MozarT,CONTESTANT,PRETESTS,2,15,1945600
902,A,33425045,C++14 (GCC 6-32),WRONG_ANSWER,2843,1513700543,MozarT,CONTESTANT,PRETESTS,4,15,1945600
902,A,33426005,C++14 (GCC 6-32),WRONG_ANSWER,3152,1513700852,MozarT,CONTESTANT,PRETESTS,4,15,1843200
902,A,33425250,C++14 (GCC 6-32),WRONG_ANSWER,2910,1513700610,Mozelee,CONTESTANT,PRETESTS,5,15,1945600
902,A,33426561,C++14 (GCC 6-32),WRONG_ANSWER,3344,1513701044,Mozelee,CONTESTANT,PRETESTS,5,0,1843200
902,A,33428819,C++14 (GCC 6-32),WRONG_ANSWER,4206,1513701906,Mozelee,CONTESTANT,PRETESTS,2,0,1945600
902,A,33432039,C++14 (GCC 6-32),WRONG_ANSWER,5633,1513703333,Mozelee,CONTESTANT,PRETESTS,1,0,1843200
902,A,33433255,C++14 (GCC 6-32),WRONG_ANSWER,6231,1513703931,Mozelee,CONTESTANT,PRETESTS,1,15,1843200
902,A,33414807,C++14 (GCC 6-32),TIME_LIMIT_EXCEEDED,615,1513698315,Mr.Adnan,CONTESTANT,PRETESTS,2,1000,2048000
902,A,33417006,C++14 (GCC 6-32),WRONG_ANSWER,945,1513698645,Mr.Adnan,CONTESTANT,PRETESTS,4,15,2048000
902,A,33418010,C++14 (GCC 6-32),WRONG_ANSWER,1119,1513698819,Mr.Adnan,CONTESTANT,PRETESTS,4,15,2150400
902,A,33419241,C++14 (GCC 6-32),OK,1359,1513699059,Mr.Adnan,CONTESTANT,TESTS,55,15,2150400
902,B,33423957,C++14 (GCC 6-32),OK,2535,1513700235,Mr.Adnan,CONTESTANT,TESTS,50,31,10547200
902,C,33433053,C++14 (GCC 6-32),WRONG_ANSWER,6135,1513703835,Mr.Adnan,CONTESTANT,PRETESTS,3,15,13107200
902,C,33433956,C++14 (GCC 6-32),WRONG_ANSWER,6555,1513704255,Mr.Adnan,CONTESTANT,PRETESTS,3,0,13107200
902,C,33435310,C++14 (GCC 6-32),WRONG_ANSWER,7107,1513704807,Mr.Adnan,CONTESTANT,PRETESTS,3,15,13107200
902,A,33412900,C++14 (GCC 6-32),WRONG_ANSWER,284,1513697984,Mr.Donaldo,CONTESTANT,PRETESTS,2,0,1945600
902,A,33414274,C++14 (GCC 6-32),OK,529,1513698229,Mr.Donaldo,CONTESTANT,TESTS,55,15,1945600
902,B,33419862,C++14 (GCC 6-32),OK,1481,1513699181,Mr.Donaldo,CONTESTANT,TESTS,50,46,2457600
902,C,33426444,C++14 (GCC 6-32),WRONG_ANSWER,3303,1513701003,Mr.Donaldo,CONTESTANT,PRETESTS,4,15,1843200
902,C,33429787,C++14 (GCC 6-32),OK,4608,1513702308,Mr.Donaldo,CONTESTANT,TESTS,45,155,2355200
902,A,33415912,GNU C++,OK,779,1513698479,Mr.Limmmgou,CONTESTANT,TESTS,55,15,2048000
902,B,33428948,GNU C++,OK,4257,1513701957,Mr.Limmmgou,CONTESTANT,TESTS,50,31,2150400
902,C,33434730,GNU C++,WRONG_ANSWER,6899,1513704599,Mr.Limmmgou,CONTESTANT,PRETESTS,4,15,2457600
902,A,33413642,C++14 (GCC 6-32),WRONG_ANSWER,417,1513698127,Mr.Yao,CONTESTANT,PRETESTS,2,15,14848000
902,A,33414439,C++14 (GCC 6-32),SKIPPED,547,1513698258,Mr.Yao,CONTESTANT,PRETESTS,8,15,14848000
902,B,33421477,C++14 (GCC 6-32),COMPILATION_ERROR,1853,1513699563,Mr.Yao,CONTESTANT,PRETESTS,0,0,0
902,B,33421755,C++14 (GCC 6-32),OK,1917,1513699628,Mr.Yao,CONTESTANT,TESTS,50,31,31232000
902,A,33422474,C++14 (GCC 6-32),OK,2109,1513699820,Mr.Yao,CONTESTANT,TESTS,55,31,14848000
902,C,33432665,C++14 (GCC 6-32),WRONG_ANSWER,5937,1513703648,Mr.Yao,CONTESTANT,PRETESTS,1,0,14848000
902,C,33433953,C++14 (GCC 6-32),WRONG_ANSWER,6542,1513704252,Mr.Yao,CONTESTANT,PRETESTS,1,15,14848000
902,C,33434182,C++14 (GCC 6-32),WRONG_ANSWER,6654,1513704365,Mr.Yao,CONTESTANT,PRETESTS,3,15,14848000
902,C,33434378,C++14 (GCC 6-32),WRONG_ANSWER,6738,1513704448,Mr.Yao,CONTESTANT,PRETESTS,3,15,14848000
902,C,33434605,C++14 (GCC 6-32),WRONG_ANSWER,6837,1513704547,Mr.Yao,CONTESTANT,PRETESTS,3,15,14848000
902,C,33435035,C++14 (GCC 6-32),WRONG_ANSWER,7006,1513704716,Mr.Yao,CONTESTANT,PRETESTS,0,0,14848000
902,C,33435172,C++14 (GCC 6-32),WRONG_ANSWER,7053,1513704764,Mr.Yao,CONTESTANT,PRETESTS,4,15,14848000
902,C,33435415,C++14 (GCC 6-32),WRONG_ANSWER,7130,1513704840,Mr.Yao,CONTESTANT,PRETESTS,5,15,14848000
902,A,33414117,GNU C++,TIME_LIMIT_EXCEEDED,506,1513698206,MrCode,CONTESTANT,TESTS,13,1000,2048000
902,B,33419850,GNU C++,OK,1477,1513699177,MrCode,CONTESTANT,TESTS,50,62,2560000
902,C,33427303,GNU C++,WRONG_ANSWER,3629,1513701329,MrCode,CONTESTANT,PRETESTS,6,15,4505600
902,C,33428673,GNU C++,OK,4149,1513701849,MrCode,CONTESTANT,TESTS,45,109,4505600
902,A,33416193,MS C++,WRONG_ANSWER,821,1513698521,MrWade,CONTESTANT,PRETESTS,2,15,2048000
902,A,33419560,MS C++,WRONG_ANSWER,1424,1513699124,MrWade,CONTESTANT,PRETESTS,3,15,2048000
902,A,33429698,MS C++,OK,4568,1513702268,MrWade,CONTESTANT,TESTS,55,15,2048000
902,A,33414632,C++14 (GCC 6-32),WRONG_ANSWER,587,1513698287,Mr_Algorithm,CONTESTANT,PRETESTS,2,15,2252800
902,A,33416301,C++14 (GCC 6-32),CHALLENGED,837,1513698537,Mr_Algorithm,CONTESTANT,CHALLENGES,8,15,2252800
902,B,33418540,C++14 (GCC 6-32),OK,1212,1513698912,Mr_Algorithm,CONTESTANT,TESTS,50,46,1945600
902,C,33426625,C++14 (GCC 6-32),WRONG_ANSWER,3376,1513701076,Mr_Algorithm,CONTESTANT,PRETESTS,1,0,2662400
902,C,33429004,C++14 (GCC 6-32),WRONG_ANSWER,4281,1513701981,Mr_Algorithm,CONTESTANT,TESTS,37,140,2662400
902,A,33431509,C++14 (GCC 6-32),CHALLENGED,5367,1513703067,Mr_Algorithm,CONTESTANT,CHALLENGES,8,15,2252800
902,A,33416842,C++14 (GCC 6-32),OK,921,1513698621,Mr_Algorithms,CONTESTANT,TESTS,55,15,2048000
902,A,33419514,C++14 (GCC 6-32),OK,1410,1513699110,Mr_Emrul,CONTESTANT,TESTS,55,15,50176000
902,B,33426408,C++14 (GCC 6-32),WRONG_ANSWER,3292,1513700992,Mr_Emrul,CONTESTANT,PRETESTS,5,30,66560000
902,B,33426914,C++14 (GCC 6-32),WRONG_ANSWER,3474,1513701174,Mr_Emrul,CONTESTANT,PRETESTS,0,15,66252800
902,B,33427045,C++14 (GCC 6-32),OK,3523,1513701223,Mr_Emrul,CONTESTANT,TESTS,50,30,66867200
902,A,33419428,GNU C++,WRONG_ANSWER,1393,1513699093,Mr_Illuminati,CONTESTANT,PRETESTS,2,15,2048000
902,A,33420223,GNU C++,WRONG_ANSWER,1562,1513699262,Mr_Illuminati,CONTESTANT,PRETESTS,2,15,2048000
902,A,33422649,GNU C++,SKIPPED,2169,1513699869,Mr_Illuminati,CONTESTANT,PRETESTS,8,15,2048000
902,A,33426323,GNU C++,OK,3261,1513700961,Mr_Illuminati,CONTESTANT,TESTS,55,15,2048000
902,B,33429705,GNU C++,OK,4572,1513702272,Mr_Illuminati,CONTESTANT,TESTS,50,15,2560000
902,C,33434163,GNU C++,WRONG_ANSWER,6652,1513704352,Mr_Illuminati,CONTESTANT,PRETESTS,1,15,2048000
902,C,33434906,GNU C++,WRONG_ANSWER,6972,1513704672,Mr_Illuminati,CONTESTANT,PRETESTS,3,15,2048000
902,A,33413860,C++14 (GCC 6-32),WRONG_ANSWER,464,1513698164,Mr_Maverick,CONTESTANT,PRETESTS,2,15,1945600
902,A,33415527,C++14 (GCC 6-32),WRONG_ANSWER,725,1513698425,Mr_Maverick,CONTESTANT,PRETESTS,2,15,1843200
902,A,33421377,C++14 (GCC 6-32),TIME_LIMIT_EXCEEDED,1836,1513699536,Mr_Maverick,CONTESTANT,PRETESTS,7,1000,1843200
902,B,33424734,C++14 (GCC 6-32),OK,2752,1513700452,Mr_Maverick,CONTESTANT,TESTS,50,46,2662400
902,A,33426475,C++14 (GCC 6-32),OK,3313,1513701013,Mr_Maverick,CONTESTANT,TESTS,55,15,2150400
902,A,33414430,C++14 (GCC 6-32),WRONG_ANSWER,557,1513698257,Mr_Ravil,CONTESTANT,PRETESTS,3,15,1843200
902,A,33414903,C++14 (GCC 6-32),OK,631,1513698331,Mr_Ravil,CONTESTANT,TESTS,55,15,1945600
902,B,33419645,C++14 (GCC 6-32),OK,1439,1513699139,Mr_Ravil,CONTESTANT,TESTS,50,31,2355200
902,C,33427750,C++14 (GCC 6-32),WRONG_ANSWER,3787,1513701487,Mr_Ravil,CONTESTANT,PRETESTS,3,15,1843200
902,C,33431330,C++14 (GCC 6-32),WRONG_ANSWER,5275,1513702975,Mr_Ravil,CONTESTANT,PRETESTS,3,15,1843200
902,C,33434392,C++14 (GCC 6-32),WRONG_ANSWER,6755,1513704455,Mr_Ravil,CONTESTANT,PRETESTS,3,15,1945600
902,A,33414597,GNU C,COMPILATION_ERROR,583,1513698283,Mr_Robot97,CONTESTANT,PRETESTS,0,0,0
902,A,33414713,C++14 (GCC 6-32),WRONG_ANSWER,598,1513698298,Mr_Robot97,CONTESTANT,PRETESTS,2,15,1945600
902,A,33418718,C++14 (GCC 6-32),WRONG_ANSWER,1245,1513698945,Mr_Robot97,CONTESTANT,PRETESTS,4,15,1945600
902,A,33423410,C++14 (GCC 6-32),OK,2382,1513700082,Mr_Robot97,CONTESTANT,TESTS,55,15,1945600
902,A,33418662,GNU C++11,WRONG_ANSWER,1234,1513698935,Mr_Robot_,CONTESTANT,PRETESTS,2,15,2048000
902,A,33423695,GNU C++11,WRONG_ANSWER,2461,1513700161,Mr_Robot_,CONTESTANT,PRETESTS,2,15,2048000
902,A,33413025,C++14 (GCC 6-32),WRONG_ANSWER,314,1513698014,Mr_black,CONTESTANT,PRETESTS,2,0,1843200
902,A,33414129,C++14 (GCC 6-32),OK,508,1513698208,Mr_black,CONTESTANT,TESTS,55,15,1945600
902,B,33419191,C++14 (GCC 6-32),OK,1349,1513699049,Mr_black,CONTESTANT,TESTS,50,31,4300800
902,C,33424470,C++14 (GCC 6-32),WRONG_ANSWER,2680,1513700380,Mr_black,CONTESTANT,PRETESTS,3,0,2252800
902,C,33425916,C++14 (GCC 6-32),OK,3126,1513700826,Mr_black,CONTESTANT,TESTS,45,93,2252800
902,A,33432582,MS C++,RUNTIME_ERROR,5913,1513703613,Mrs.App,CONTESTANT,PRETESTS,0,0,2048000
902,A,33413438,C++14 (GCC 6-32),CHALLENGED,392,1513698092,MsetP,CONTESTANT,CHALLENGES,8,15,2048000
902,B,33417591,C++14 (GCC 6-32),OK,1049,1513698749,MsetP,CONTESTANT,TESTS,50,31,2662400
902,A,33427710,C++14 (GCC 6-32),OK,3772,1513701472,MsetP,CONTESTANT,TESTS,55,15,2048000
902,C,33428262,C++14 (GCC 6-32),WRONG_ANSWER,3979,1513701679,MsetP,CONTESTANT,PRETESTS,1,0,8294400
902,C,33429230,C++14 (GCC 6-32),WRONG_ANSWER,4366,1513702066,MsetP,CONTESTANT,PRETESTS,1,15,8294400
902,C,33431430,C++14 (GCC 6-32),OK,5323,1513703023,MsetP,CONTESTANT,TESTS,45,218,21299200
902,B,33420067,GNU C++11,OK,1527,1513699227,MuNir,CONTESTANT,TESTS,50,46,2457600
902,A,33423250,GNU C++11,WRONG_ANSWER,2341,1513700041,MuNir,CONTESTANT,PRETESTS,2,0,2048000
902,A,33426635,GNU C++11,WRONG_ANSWER,3379,1513701079,MuNir,CONTESTANT,PRETESTS,3,15,2048000
902,A,33426938,GNU C++11,OK,3482,1513701182,MuNir,CONTESTANT,TESTS,55,15,2048000
902,A,33413400,GNU C++11,OK,384,1513698085,MuRoD,CONTESTANT,TESTS,55,15,10137600
902,B,33419655,GNU C++11,OK,1439,1513699139,MuRoD,CONTESTANT,TESTS,50,15,6041600
902,C,33428587,GNU C++11,WRONG_ANSWER,4109,1513701809,MuRoD,CONTESTANT,PRETESTS,1,15,26112000
902,C,33430391,GNU C++11,OK,4855,1513702555,MuRoD,CONTESTANT,TESTS,45,234,26112000
902,A,33415125,C++14 (GCC 6-32),WRONG_ANSWER,665,1513698365,MuhammedMokbelQ_Q,CONTESTANT,PRETESTS,4,15,1945600
902,A,33420009,C++14 (GCC 6-32),OK,1514,1513699214,MuhammedMokbelQ_Q,CONTESTANT,TESTS,55,15,1945600
902,B,33431218,C++14 (GCC 6-32),TIME_LIMIT_EXCEEDED,5225,1513702925,MuhammedMokbelQ_Q,CONTESTANT,TESTS,12,1000,2457600
902,A,33415422,C++14 (GCC 6-32),OK,709,1513698409,Muhimin_Osim,CONTESTANT,TESTS,55,15,1945600
902,B,33423339,C++14 (GCC 6-32),WRONG_ANSWER,2361,1513700061,Muhimin_Osim,CONTESTANT,PRETESTS,9,15,2355200
902,B,33425912,C++14 (GCC 6-32),OK,3124,1513700824,Muhimin_Osim,CONTESTANT,TESTS,50,327,2560000
902,A,33414867,GNU C++,WRONG_ANSWER,626,1513698326,Mujahid,CONTESTANT,PRETESTS,2,0,2048000
902,A,33418503,GNU C++,OK,1204,1513698904,Mujahid,CONTESTANT,TESTS,55,15,2048000
902,B,33426565,GNU C++,WRONG_ANSWER,3348,1513701048,Mujahid,CONTESTANT,PRETESTS,5,15,2560000
902,B,33428338,GNU C++,OK,4005,1513701705,Mujahid,CONTESTANT,TESTS,50,249,2662400
902,C,33435230,GNU C++,WRONG_ANSWER,7081,1513704781,Mujahid,CONTESTANT,PRETESTS,3,15,4505600
902,A,33412807,C++14 (GCC 6-32),WRONG_ANSWER,254,1513697954,Mujh_lui,CONTESTANT,PRETESTS,1,0,1945600
902,A,33418052,C++14 (GCC 6-32),OK,1125,1513698825,Mujh_lui,CONTESTANT,TESTS,55,15,3686400
902,B,33423734,C++14 (GCC 6-32),WRONG_ANSWER,2471,1513700171,Mujh_lui,CONTESTANT,PRETESTS,2,15,4300800
902,B,33424187,C++14 (GCC 6-32),OK,2593,1513700293,Mujh_lui,CONTESTANT,TESTS,50,233,4710400
902,C,33431457,C++14 (GCC 6-32),WRONG_ANSWER,5340,1513703040,Mujh_lui,CONTESTANT,PRETESTS,3,0,2662400
902,C,33431592,C++14 (GCC 6-32),WRONG_ANSWER,5404,1513703104,Mujh_lui,CONTESTANT,PRETESTS,1,15,2662400
902,C,33432597,C++14 (GCC 6-32),WRONG_ANSWER,5917,1513703617,Mujh_lui,CONTESTANT,PRETESTS,1,0,2662400
902,C,33432808,C++14 (GCC 6-32),COMPILATION_ERROR,6017,1513703717,Mujh_lui,CONTESTANT,PRETESTS,0,0,0
902,C,33432862,C++14 (GCC 6-32),WRONG_ANSWER,6045,1513703745,Mujh_lui,CONTESTANT,PRETESTS,3,15,2662400
902,C,33433201,C++14 (GCC 6-32),WRONG_ANSWER,6207,1513703907,Mujh_lui,CONTESTANT,PRETESTS,1,15,2662400
902,C,33433422,C++14 (GCC 6-32),WRONG_ANSWER,6306,1513704006,Mujh_lui,CONTESTANT,PRETESTS,3,0,2662400
902,C,33434062,C++14 (GCC 6-32),WRONG_ANSWER,6609,1513704309,Mujh_lui,CONTESTANT,PRETESTS,1,15,2662400
902,C,33434216,C++14 (GCC 6-32),WRONG_ANSWER,6679,1513704379,Mujh_lui,CONTESTANT,PRETESTS,3,15,2662400
902,C,33434905,C++14 (GCC 6-32),WRONG_ANSWER,6972,1513704672,Mujh_lui,CONTESTANT,PRETESTS,3,15,2662400
902,A,33424760,GNU C,WRONG_ANSWER,2762,1513700462,Murakumo98,CONTESTANT,PRETESTS,2,15,1843200
902,A,33425347,GNU C,WRONG_ANSWER,2944,1513700644,Murakumo98,CONTESTANT,PRETESTS,0,0,1843200
902,A,33427889,GNU C,WRONG_ANSWER,3836,1513701536,Murakumo98,CONTESTANT,PRETESTS,1,0,1843200
902,A,33426820,C++14 (GCC 6-32),OK,3442,1513701142,MusfiqxShohan,CONTESTANT,TESTS,55,15,2048000
902,B,33429952,C++14 (GCC 6-32),OK,4675,1513702375,MusfiqxShohan,CONTESTANT,TESTS,50,15,2457600
902,A,33413909,C++14 (GCC 6-32),OK,473,1513698173,Mustafa.,CONTESTANT,TESTS,55,15,2048000
902,B,33418942,C++14 (GCC 6-32),OK,1294,1513698994,Mustafa.,CONTESTANT,TESTS,50,15,3788800
902,C,33424713,C++14 (GCC 6-32),WRONG_ANSWER,2747,1513700447,Mustafa.,CONTESTANT,PRETESTS,1,15,1843200
902,C,33428079,C++14 (GCC 6-32),OK,3905,1513701605,Mustafa.,CONTESTANT,TESTS,45,78,2969600
902,D,33435178,C++14 (GCC 6-32),WRONG_ANSWER,7065,1513704765,Mustafa.,CONTESTANT,PRETESTS,0,0,1843200
902,D,33435367,C++14 (GCC 6-32),WRONG_ANSWER,7124,1513704824,Mustafa.,CONTESTANT,PRETESTS,2,15,1843200
902,A,33421625,GNU C++11,OK,1897,1513699597,Mustafa97,CONTESTANT,TESTS,55,15,2048000
902,B,33431418,GNU C++11,OK,5318,1513703018,Mustafa97,CONTESTANT,TESTS,50,31,2150400
902,A,33420472,GNU C++11,CHALLENGED,1619,1513699319,Mustafa_Magdy,CONTESTANT,CHALLENGES,8,15,2048000
902,B,33428894,GNU C++11,WRONG_ANSWER,4235,1513701935,Mustafa_Magdy,CONTESTANT,PRETESTS,9,46,2764800
902,B,33429503,GNU C++11,OK,4487,1513702187,Mustafa_Magdy,CONTESTANT,TESTS,50,62,2764800
902,A,33413855,C++14 (GCC 6-32),WRONG_ANSWER,463,1513698163,Muurin,CONTESTANT,PRETESTS,2,15,1945600
902,A,33414339,C++14 (GCC 6-32),WRONG_ANSWER,540,1513698240,Muurin,CONTESTANT,PRETESTS,2,0,1945600
902,A,33417440,C++14 (GCC 6-32),COMPILATION_ERROR,1021,1513698721,Muurin,CONTESTANT,PRETESTS,0,0,0
902,A,33417612,C++14 (GCC 6-32),WRONG_ANSWER,1053,1513698753,Muurin,CONTESTANT,PRETESTS,2,15,1945600
902,A,33417977,C++14 (GCC 6-32),OK,1112,1513698812,Muurin,CONTESTANT,TESTS,55,15,1945600
902,B,33418985,C++14 (GCC 6-32),OK,1304,1513699004,Muurin,CONTESTANT,TESTS,50,15,2560000
902,C,33422600,C++14 (GCC 6-32),WRONG_ANSWER,2153,1513699853,Muurin,CONTESTANT,PRETESTS,1,15,2662400
902,C,33422774,C++14 (GCC 6-32),WRONG_ANSWER,2204,1513699904,Muurin,CONTESTANT,PRETESTS,3,0,2662400
902,C,33423821,C++14 (GCC 6-32),WRONG_ANSWER,2496,1513700196,Muurin,CONTESTANT,PRETESTS,4,15,2662400
902,C,33428024,C++14 (GCC 6-32),WRONG_ANSWER,3885,1513701585,Muurin,CONTESTANT,PRETESTS,4,15,2662400
902,C,33428868,C++14 (GCC 6-32),OK,4226,1513701926,Muurin,CONTESTANT,TESTS,45,93,6041600
902,A,33414476,C++14 (GCC 6-32),OK,562,1513698262,MyTHic,CONTESTANT,TESTS,55,15,1843200
902,B,33426249,C++14 (GCC 6-32),OK,3239,1513700939,MyTHic,CONTESTANT,TESTS,50,30,1945600
902,C,33432409,C++14 (GCC 6-32),WRONG_ANSWER,5809,1513703519,MyTHic,CONTESTANT,PRETESTS,3,15,2252800
902,C,33434010,C++14 (GCC 6-32),WRONG_ANSWER,6574,1513704285,MyTHic,CONTESTANT,TESTS,37,78,2252800
902,A,33423542,C++14 (GCC 6-32),OK,2418,1513700118,Mykytiuk_Ostap,CONTESTANT,TESTS,55,15,1945600
902,B,33428518,C++14 (GCC 6-32),OK,4083,1513701783,Mykytiuk_Ostap,CONTESTANT,TESTS,50,202,2355200
902,C,33433488,C++14 (GCC 6-32),WRONG_ANSWER,6328,1513704028,Mykytiuk_Ostap,CONTESTANT,PRETESTS,4,15,2252800
902,C,33434600,C++14 (GCC 6-32),WRONG_ANSWER,6844,1513704544,Mykytiuk_Ostap,CONTESTANT,PRETESTS,4,15,2252800
902,A,33413230,C++14 (GCC 6-32),CHALLENGED,345,1513698055,Myrthan,CONTESTANT,CHALLENGES,8,15,1945600
902,B,33421449,C++14 (GCC 6-32),OK,1843,1513699554,Myrthan,CONTESTANT,TESTS,50,30,2560000
902,A,33428431,C++14 (GCC 6-32),OK,4036,1513701746,Myrthan,CONTESTANT,TESTS,55,31,1945600
902,C,33431025,C++14 (GCC 6-32),WRONG_ANSWER,5119,1513702829,Myrthan,CONTESTANT,PRETESTS,1,15,1843200
902,C,33431713,C++14 (GCC 6-32),WRONG_ANSWER,5456,1513703167,Myrthan,CONTESTANT,PRETESTS,3,15,1843200
902,C,33432677,C++14 (GCC 6-32),WRONG_ANSWER,5943,1513703654,Myrthan,CONTESTANT,PRETESTS,4,0,1945600
902,C,33433548,C++14 (GCC 6-32),WRONG_ANSWER,6343,1513704054,Myrthan,CONTESTANT,PRETESTS,4,15,1843200
902,A,33414680,C++14 (GCC 6-32),WRONG_ANSWER,593,1513698293,MysteryGuy2,CONTESTANT,PRETESTS,3,15,6656000
902,A,33415579,C++14 (GCC 6-32),OK,731,1513698431,MysteryGuy2,CONTESTANT,TESTS,55,31,6758400
902,B,33417759,C++14 (GCC 6-32),OK,1077,1513698777,MysteryGuy2,CONTESTANT,TESTS,50,31,6553600
902,C,33421921,C++14 (GCC 6-32),WRONG_ANSWER,1972,1513699672,MysteryGuy2,CONTESTANT,PRETESTS,4,15,5120000
902,C,33422573,C++14 (GCC 6-32),WRONG_ANSWER,2146,1513699846,MysteryGuy2,CONTESTANT,PRETESTS,4,15,5120000
902,C,33426576,C++14 (GCC 6-32),WRONG_ANSWER,3351,1513701051,MysteryGuy2,CONTESTANT,PRETESTS,4,15,5120000
902,C,33426806,C++14 (GCC 6-32),WRONG_ANSWER,3437,1513701137,MysteryGuy2,CONTESTANT,PRETESTS,4,15,5120000
902,C,33427790,C++14 (GCC 6-32),WRONG_ANSWER,3802,1513701502,MysteryGuy2,CONTESTANT,PRETESTS,4,15,5120000
902,C,33428694,C++14 (GCC 6-32),OK,4159,1513701859,MysteryGuy2,CONTESTANT,TESTS,45,109,5120000
902,D,33434953,C++14 (GCC 6-32),WRONG_ANSWER,6987,1513704687,MysteryGuy2,CONTESTANT,PRETESTS,0,0,6656000
902,A,33430117,GNU C++,WRONG_ANSWER,4749,1513702449,Mythili,CONTESTANT,PRETESTS,2,0,1843200
902,A,33420249,C++14 (GCC 6-32),WRONG_ANSWER,1569,1513699269,NAWAB32,CONTESTANT,PRETESTS,4,0,1945600
902,A,33421439,C++14 (GCC 6-32),WRONG_ANSWER,1851,1513699551,NAWAB32,CONTESTANT,PRETESTS,4,15,1843200
902,A,33423913,C++14 (GCC 6-32),WRONG_ANSWER,2523,1513700223,NAWAB32,CONTESTANT,PRETESTS,2,15,1843200
902,A,33424832,C++14 (GCC 6-32),WRONG_ANSWER,2780,1513700480,NAWAB32,CONTESTANT,PRETESTS,4,15,1945600
902,A,33429555,C++14 (GCC 6-32),WRONG_ANSWER,4511,1513702211,NAWAB32,CONTESTANT,PRETESTS,4,15,1843200
902,A,33417257,C++14 (GCC 6-32),WRONG_ANSWER,991,1513698691,NAbdulla,CONTESTANT,PRETESTS,4,15,1945600
902,A,33418930,C++14 (GCC 6-32),WRONG_ANSWER,1291,1513698991,NAbdulla,CONTESTANT,PRETESTS,4,15,1945600
902,A,33420418,C++14 (GCC 6-32),WRONG_ANSWER,1606,1513699306,NAbdulla,CONTESTANT,PRETESTS,4,15,1945600
902,A,33422602,C++14 (GCC 6-32),WRONG_ANSWER,2154,1513699854,NAbdulla,CONTESTANT,PRETESTS,4,15,1945600
902,A,33425463,C++14 (GCC 6-32),WRONG_ANSWER,2980,1513700680,NAbdulla,CONTESTANT,PRETESTS,2,15,1945600
902,A,33431428,C++14 (GCC 6-32),WRONG_ANSWER,5321,1513703021,NAbdulla,CONTESTANT,PRETESTS,2,30,1843200
902,A,33432600,C++14 (GCC 6-32),OK,5918,1513703618,NAbdulla,CONTESTANT,TESTS,55,15,2048000
902,B,33435194,C++14 (GCC 6-32),WRONG_ANSWER,7069,1513704769,NAbdulla,CONTESTANT,PRETESTS,2,15,4300800
902,A,33413475,C++14 (GCC 6-32),CHALLENGED,398,1513698098,NBAH,CONTESTANT,CHALLENGES,8,0,1945600
902,B,33415877,C++14 (GCC 6-32),OK,774,1513698474,NBAH,CONTESTANT,TESTS,50,15,3993600
902,C,33420192,C++14 (GCC 6-32),WRONG_ANSWER,1556,1513699256,NBAH,CONTESTANT,PRETESTS,5,31,38092800
902,C,33421098,C++14 (GCC 6-32),WRONG_ANSWER,1768,1513699468,NBAH,CONTESTANT,PRETESTS,4,15,37990400
902,C,33421646,C++14 (GCC 6-32),WRONG_ANSWER,1902,1513699602,NBAH,CONTESTANT,PRETESTS,0,30,37990400
902,C,33421933,C++14 (GCC 6-32),OK,1975,1513699675,NBAH,CONTESTANT,TESTS,45,124,42188800
902,A,33413241,C++14 (GCC 6-32),WRONG_ANSWER,357,1513698057,NCE,CONTESTANT,PRETESTS,2,15,1843200
902,A,33414201,C++14 (GCC 6-32),WRONG_ANSWER,519,1513698219,NCE,CONTESTANT,PRETESTS,2,15,1843200
902,A,33415894,C++14 (GCC 6-32),WRONG_ANSWER,777,1513698477,NCE,CONTESTANT,PRETESTS,1,15,1843200
902,A,33417199,C++14 (GCC 6-32),OK,982,1513698682,NCE,CONTESTANT,TESTS,55,15,1945600
902,B,33422961,C++14 (GCC 6-32),OK,2250,1513699950,NCE,CONTESTANT,TESTS,50,31,2560000
902,C,33430270,C++14 (GCC 6-32),OK,4807,1513702507,NCE,CONTESTANT,TESTS,45,93,3072000
902,A,33412663,C++14 (GCC 6-32),OK,172,1513697872,NEU20133823,CONTESTANT,TESTS,55,15,1843200
902,B,33413695,C++14 (GCC 6-32),OK,438,1513698138,NEU20133823,CONTESTANT,TESTS,50,30,2457600
902,C,33417522,C++14 (GCC 6-32),OK,1036,1513698736,NEU20133823,CONTESTANT,TESTS,45,93,2252800
902,D,33427850,C++14 (GCC 6-32),WRONG_ANSWER,3821,1513701521,NEU20133823,CONTESTANT,PRETESTS,0,15,2150400
902,D,33428372,C++14 (GCC 6-32),WRONG_ANSWER,4019,1513701719,NEU20133823,CONTESTANT,PRETESTS,2,15,2150400
902,D,33432605,C++14 (GCC 6-32),WRONG_ANSWER,5921,1513703621,NEU20133823,CONTESTANT,PRETESTS,0,15,1945600
902,D,33433358,C++14 (GCC 6-32),OK,6275,1513703975,NEU20133823,CONTESTANT,TESTS,150,30,1945600
902,A,33415493,C++14 (GCC 6-32),WRONG_ANSWER,721,1513698421,NEZZ,CONTESTANT,PRETESTS,2,15,1843200
902,A,33420619,C++14 (GCC 6-32),OK,1652,1513699352,NEZZ,CONTESTANT,TESTS,55,15,1945600
902,B,33425982,C++14 (GCC 6-32),OK,3145,1513700845,NEZZ,CONTESTANT,TESTS,50,265,2457600
902,A,33415331,C++14 (GCC 6-32),OK,685,1513698395,NH_Apu,CONTESTANT,TESTS,55,30,5120000
902,B,33419837,C++14 (GCC 6-32),OK,1464,1513699175,NH_Apu,CONTESTANT,TESTS,50,31,2560000
902,C,33425591,C++14 (GCC 6-32),OK,3010,1513700720,NH_Apu,CONTESTANT,TESTS,45,108,4300800
902,A,33417777,GNU C++11,WRONG_ANSWER,1080,1513698780,NIROB_066,CONTESTANT,PRETESTS,2,0,2048000
902,A,33420607,GNU C++11,SKIPPED,1650,1513699350,NIROB_066,CONTESTANT,PRETESTS,8,15,2048000
902,A,33422656,GNU C++11,WRONG_ANSWER,2170,1513699870,NIROB_066,CONTESTANT,PRETESTS,0,0,2048000
902,A,33423019,GNU C++11,OK,2265,1513699965,NIROB_066,CONTESTANT,TESTS,55,15,2048000
902,A,33416993,GNU C++11,WRONG_ANSWER,932,1513698643,NMR,CONTESTANT,PRETESTS,2,15,2048000
902,A,33417704,GNU C++11,WRONG_ANSWER,1057,1513698768,NMR,CONTESTANT,PRETESTS,2,15,2048000
902,A,33422071,GNU C++11,OK,1996,1513699706,NMR,CONTESTANT,TESTS,55,15,2150400
902,B,33427242,GNU C++11,OK,3600,1513701300,NMR,CONTESTANT,TESTS,50,46,2662400
902,A,33421125,C++14 (GCC 6-32),CHALLENGED,1765,1513699475,NSolomon,CONTESTANT,CHALLENGES,8,15,1945600
902,C,33422477,C++14 (GCC 6-32),WRONG_ANSWER,2121,1513699821,NU_Top_University,CONTESTANT,PRETESTS,1,15,9113600
902,C,33423067,C++14 (GCC 6-32),WRONG_ANSWER,2281,1513699981,NU_Top_University,CONTESTANT,PRETESTS,3,0,9113600
902,C,33423536,C++14 (GCC 6-32),WRONG_ANSWER,2416,1513700116,NU_Top_University,CONTESTANT,PRETESTS,1,15,9113600
902,C,33423691,C++14 (GCC 6-32),OK,2459,1513700159,NU_Top_University,CONTESTANT,TESTS,45,140,9113600
902,B,33425022,C++14 (GCC 6-32),WRONG_ANSWER,2836,1513700536,NU_Top_University,CONTESTANT,PRETESTS,2,15,3891200
902,B,33425470,C++14 (GCC 6-32),OK,2982,1513700682,NU_Top_University,CONTESTANT,TESTS,50,31,4300800
902,A,33426123,C++14 (GCC 6-32),OK,3197,1513700897,NU_Top_University,CONTESTANT,TESTS,55,15,3891200
902,A,33413278,C++14 (GCC 6-32),OK,364,1513698064,NaDaAshraf,CONTESTANT,TESTS,55,15,1945600
902,B,33420682,C++14 (GCC 6-32),OK,1668,1513699368,NaDaAshraf,CONTESTANT,TESTS,50,15,2355200
902,A,33418130,GNU C++11,WRONG_ANSWER,1127,1513698838,Naam_Naai,CONTESTANT,PRETESTS,2,15,2048000
902,A,33423690,GNU C++11,OK,2448,1513700159,Naam_Naai,CONTESTANT,TESTS,55,15,2150400
902,B,33429931,GNU C++11,WRONG_ANSWER,4653,1513702363,Naam_Naai,CONTESTANT,PRETESTS,0,30,2252800
902,B,33430381,GNU C++11,OK,4841,1513702551,Naam_Naai,CONTESTANT,TESTS,50,218,2560000
902,A,33415897,GNU C++11,WRONG_ANSWER,767,1513698477,NadaHamed,CONTESTANT,PRETESTS,5,15,2048000
902,A,33417817,GNU C++11,WRONG_ANSWER,1076,1513698786,NadaHamed,CONTESTANT,PRETESTS,5,15,2048000
902,A,33422503,GNU C++11,WRONG_ANSWER,2116,1513699826,NadaHamed,CONTESTANT,PRETESTS,5,15,2048000
902,A,33423595,GNU C++11,WRONG_ANSWER,2420,1513700131,NadaHamed,CONTESTANT,PRETESTS,5,15,2048000
902,A,33424676,GNU C++11,WRONG_ANSWER,2727,1513700437,NadaHamed,CONTESTANT,PRETESTS,1,15,2048000
902,A,33425754,GNU C++11,WRONG_ANSWER,3064,1513700775,NadaHamed,CONTESTANT,PRETESTS,2,15,2048000
902,A,33426757,GNU C++11,WRONG_ANSWER,3407,1513701118,NadaHamed,CONTESTANT,PRETESTS,2,15,2048000
902,A,33427582,GNU C++11,WRONG_ANSWER,3713,1513701424,NadaHamed,CONTESTANT,PRETESTS,4,15,2048000
902,A,33428215,GNU C++,WRONG_ANSWER,3962,1513701662,NagaPavani,CONTESTANT,PRETESTS,2,15,1843200
902,A,33428303,GNU C++,OK,3994,1513701694,NahidReza,CONTESTANT,TESTS,55,15,2150400
902,A,33414511,C++14 (GCC 6-32),WRONG_ANSWER,568,1513698268,Nakatoru,CONTESTANT,PRETESTS,3,15,1843200
902,A,33417914,C++14 (GCC 6-32),COMPILATION_ERROR,1102,1513698802,Nakatoru,CONTESTANT,PRETESTS,0,0,0
902,A,33418258,C++14 (GCC 6-32),WRONG_ANSWER,1161,1513698861,Nakatoru,CONTESTANT,PRETESTS,0,0,1843200
902,A,33424711,C++14 (GCC 6-32),WRONG_ANSWER,2747,1513700447,Nakatoru,CONTESTANT,PRETESTS,3,15,1843200
902,A,33417051,C++14 (GCC 6-32),OK,954,1513698654,NasibSu,CONTESTANT,TESTS,55,15,1945600
902,B,33425409,C++14 (GCC 6-32),OK,2964,1513700664,NasibSu,CONTESTANT,TESTS,50,30,2457600
902,A,33413018,C++14 (GCC 6-32),OK,312,1513698012,Nasik_o_O,CONTESTANT,TESTS,55,15,1945600
902,B,33417639,C++14 (GCC 6-32),OK,1058,1513698758,Nasik_o_O,CONTESTANT,TESTS,50,46,19353600
902,A,33412891,C++14 (GCC 6-32),WRONG_ANSWER,280,1513697980,Nataly_Cod,CONTESTANT,PRETESTS,4,0,1945600
902,A,33413633,C++14 (GCC 6-32),OK,426,1513698126,Nataly_Cod,CONTESTANT,TESTS,55,15,1945600
902,B,33416046,C++14 (GCC 6-32),OK,798,1513698498,Nataly_Cod,CONTESTANT,TESTS,50,15,2560000
902,C,33420958,C++14 (GCC 6-32),OK,1734,1513699434,Nataly_Cod,CONTESTANT,TESTS,45,93,4300800
902,D,33427231,C++14 (GCC 6-32),WRONG_ANSWER,3595,1513701295,Nataly_Cod,CONTESTANT,PRETESTS,2,15,1945600
902,D,33430212,C++14 (GCC 6-32),WRONG_ANSWER,4785,1513702485,Nataly_Cod,CONTESTANT,PRETESTS,3,15,1945600
902,A,33420487,GNU C++,WRONG_ANSWER,1622,1513699322,NawaaB,CONTESTANT,PRETESTS,2,0,2048000
902,A,33424455,GNU C++,OK,2674,1513700374,NawaaB,CONTESTANT,TESTS,55,15,2048000
902,B,33427150,GNU C++,OK,3563,1513701263,NawaaB,CONTESTANT,TESTS,50,31,4300800
902,C,33431494,GNU C++,WRONG_ANSWER,5360,1513703060,NawaaB,CONTESTANT,PRETESTS,4,15,2457600
902,C,33432748,GNU C++,OK,5985,1513703685,NawaaB,CONTESTANT,TESTS,45,249,5427200
902,A,33432248,GNU C,WRONG_ANSWER,5736,1513703436,Nayeem_x009,CONTESTANT,PRETESTS,2,15,1843200
902,A,33420990,C++14 (GCC 6-32),TIME_LIMIT_EXCEEDED,1742,1513699442,NaziOtter,CONTESTANT,PRETESTS,2,1000,1945600
902,A,33421664,C++14 (GCC 6-32),TIME_LIMIT_EXCEEDED,1906,1513699606,NaziOtter,CONTESTANT,PRETESTS,2,1000,1945600
902,A,33421835,C++14 (GCC 6-32),TIME_LIMIT_EXCEEDED,1949,1513699649,NaziOtter,CONTESTANT,PRETESTS,2,1000,1945600
902,A,33422148,C++14 (GCC 6-32),TIME_LIMIT_EXCEEDED,2026,1513699726,NaziOtter,CONTESTANT,PRETESTS,2,1000,1945600
902,A,33422800,C++14 (GCC 6-32),TIME_LIMIT_EXCEEDED,2210,1513699910,NaziOtter,CONTESTANT,PRETESTS,2,1000,1945600
902,A,33420482,GNU C++11,CHALLENGED,1621,1513699321,Nazmul,CONTESTANT,CHALLENGES,8,15,2048000
902,A,33413094,C++14 (GCC 6-32),WRONG_ANSWER,329,1513698029,Nazzu,CONTESTANT,PRETESTS,2,15,1945600
902,A,33415480,C++14 (GCC 6-32),OK,718,1513698418,Nazzu,CONTESTANT,TESTS,55,15,1945600
902,B,33423365,C++14 (GCC 6-32),OK,2370,1513700070,Nazzu,CONTESTANT,TESTS,50,31,2662400
902,A,33414724,GNU C++11,WRONG_ANSWER,601,1513698301,NePbo.exe,CONTESTANT,PRETESTS,2,15,2048000
902,A,33415414,GNU C++11,WRONG_ANSWER,708,1513698408,NePbo.exe,CONTESTANT,PRETESTS,4,15,2048000
902,A,33418563,GNU C++11,OK,1216,1513698916,NePbo.exe,CONTESTANT,TESTS,55,15,2048000
902,B,33430645,GNU C++11,OK,4971,1513702671,NePbo.exe,CONTESTANT,TESTS,50,46,10035200
902,A,33423359,GNU C++11,OK,2358,1513700068,Negar,CONTESTANT,TESTS,55,15,2048000
902,B,33423710,GNU C++11,WRONG_ANSWER,2455,1513700166,Negar,CONTESTANT,PRETESTS,5,31,2560000
902,B,33428028,GNU C++,OK,3885,1513701585,Negar,CONTESTANT,TESTS,50,46,2662400
902,A,33413166,GNU C++,WRONG_ANSWER,341,1513698041,NekoKarp,CONTESTANT,PRETESTS,2,15,2048000
902,A,33414432,GNU C++,OK,557,1513698257,NekoKarp,CONTESTANT,TESTS,55,30,2048000
902,B,33419698,GNU C++,OK,1449,1513699149,NekoKarp,CONTESTANT,TESTS,50,31,2457600
902,C,33423371,GNU C++,WRONG_ANSWER,2372,1513700072,NekoKarp,CONTESTANT,PRETESTS,5,15,2048000
902,C,33424420,GNU C++,WRONG_ANSWER,2661,1513700361,NekoKarp,CONTESTANT,PRETESTS,5,15,2048000
902,C,33427950,GNU C++,WRONG_ANSWER,3857,1513701557,NekoKarp,CONTESTANT,PRETESTS,5,15,2048000
902,C,33428861,GNU C++,WRONG_ANSWER,4224,1513701924,NekoKarp,CONTESTANT,PRETESTS,5,15,2048000
902,C,33432838,GNU C++,WRONG_ANSWER,6033,1513703733,NekoKarp,CONTESTANT,PRETESTS,5,15,2048000
902,C,33433333,GNU C++,WRONG_ANSWER,6266,1513703966,NekoKarp,CONTESTANT,PRETESTS,5,15,2048000
902,C,33433516,GNU C++,WRONG_ANSWER,6341,1513704041,NekoKarp,CONTESTANT,PRETESTS,5,15,2048000
902,A,33416434,C++14 (GCC 6-32),OK,856,1513698556,Nekomanta,CONTESTANT,TESTS,55,15,5939200
902,B,33434336,C++14 (GCC 6-32),RUNTIME_ERROR,6730,1513704430,Nekomanta,CONTESTANT,PRETESTS,2,15,1945600
902,B,33434535,C++14 (GCC 6-32),WRONG_ANSWER,6816,1513704516,Nekomanta,CONTESTANT,PRETESTS,0,0,1945600
902,B,33419507,C++14 (GCC 6-32),OK,1399,1513699109,Nenad421,CONTESTANT,TESTS,50,31,2355200
902,A,33423815,C++14 (GCC 6-32),WRONG_ANSWER,2483,1513700194,Nenad421,CONTESTANT,PRETESTS,2,0,1843200
902,A,33424185,C++14 (GCC 6-32),WRONG_ANSWER,2583,1513700293,Nenad421,CONTESTANT,PRETESTS,2,15,1843200
902,A,33425729,C++14 (GCC 6-32),WRONG_ANSWER,3055,1513700765,Nenad421,CONTESTANT,PRETESTS,4,15,1843200
902,A,33427040,C++14 (GCC 6-32),OK,3509,1513701220,Nenad421,CONTESTANT,TESTS,55,15,1843200
902,C,33434369,C++14 (GCC 6-32),WRONG_ANSWER,6735,1513704445,Nenad421,CONTESTANT,PRETESTS,1,15,1843200
902,C,33435003,C++14 (GCC 6-32),WRONG_ANSWER,6994,1513704704,Nenad421,CONTESTANT,PRETESTS,1,15,1843200
902,A,33414160,C++14 (GCC 6-32),WRONG_ANSWER,503,1513698213,NevMiIVD,CONTESTANT,TESTS,41,15,1945600
902,B,33418461,C++14 (GCC 6-32),OK,1185,1513698895,NevMiIVD,CONTESTANT,TESTS,50,46,2764800
902,C,33429037,C++14 (GCC 6-32),WRONG_ANSWER,4284,1513701995,NevMiIVD,CONTESTANT,PRETESTS,6,15,4300800
902,C,33429828,C++14 (GCC 6-32),WRONG_ANSWER,4615,1513702326,NevMiIVD,CONTESTANT,PRETESTS,6,15,4300800
902,C,33430516,C++14 (GCC 6-32),WRONG_ANSWER,4898,1513702608,NevMiIVD,CONTESTANT,PRETESTS,6,15,4300800
902,C,33430826,C++14 (GCC 6-32),WRONG_ANSWER,5035,1513702746,NevMiIVD,CONTESTANT,PRETESTS,6,15,5939200
902,C,33431911,C++14 (GCC 6-32),OK,5565,1513703275,NevMiIVD,CONTESTANT,TESTS,45,156,5939200
902,A,33414936,C++14 (GCC 6-32),OK,635,1513698335,NeverCodeHungry,CONTESTANT,TESTS,55,15,2252800
902,B,33426796,C++14 (GCC 6-32),OK,3434,1513701134,NeverCodeHungry,CONTESTANT,TESTS,50,265,2457600
902,C,33433798,C++14 (GCC 6-32),OK,6468,1513704168,NeverCodeHungry,CONTESTANT,TESTS,45,140,5222400
902,A,33424228,C++14 (GCC 6-32),WRONG_ANSWER,2593,1513700303,NeverGiveUP1997,CONTESTANT,PRETESTS,3,15,2150400
902,A,33426519,C++14 (GCC 6-32),WRONG_ANSWER,3320,1513701031,NeverGiveUP1997,CONTESTANT,PRETESTS,5,15,2150400
902,A,33427883,C++14 (GCC 6-32),WRONG_ANSWER,3823,1513701533,NeverGiveUP1997,CONTESTANT,PRETESTS,5,15,2150400
902,A,33429953,C++14 (GCC 6-32),OK,4665,1513702375,NeverGiveUP1997,CONTESTANT,TESTS,55,15,2150400
902,A,33416553,C++14 (GCC 6-32),OK,876,1513698576,NewRules,CONTESTANT,TESTS,55,15,1945600
902,B,33426986,C++14 (GCC 6-32),OK,3498,1513701198,NewRules,CONTESTANT,TESTS,50,31,2560000
902,A,33415267,GNU C++,OK,676,1513698387,Neymars,CONTESTANT,TESTS,55,15,1843200
902,B,33418989,GNU C++,OK,1295,1513699006,Neymars,CONTESTANT,TESTS,50,218,2457600
902,C,33426772,GNU C++,OK,3413,1513701124,Neymars,CONTESTANT,TESTS,45,108,3481600
902,A,33414165,GNU C++11,WRONG_ANSWER,514,1513698214,NiCkSs_R,CONTESTANT,PRETESTS,3,15,2048000
902,A,33414557,GNU C++11,OK,577,1513698277,NiCkSs_R,CONTESTANT,TESTS,55,15,2048000
902,B,33421804,GNU C++11,OK,1940,1513699640,NiCkSs_R,CONTESTANT,TESTS,50,514,2867200
902,C,33429590,GNU C++11,OK,4527,1513702227,NiCkSs_R,CONTESTANT,TESTS,45,249,5632000
902,A,33415866,GNU C++11,WRONG_ANSWER,773,1513698473,Nibir_Hossain,CONTESTANT,PRETESTS,3,15,2048000
902,A,33416975,GNU C++11,WRONG_ANSWER,940,1513698640,Nibir_Hossain,CONTESTANT,PRETESTS,3,0,2048000
902,A,33419649,GNU C++11,WRONG_ANSWER,1439,1513699139,Nibir_Hossain,CONTESTANT,PRETESTS,3,15,2048000
902,A,33423538,GNU C++11,WRONG_ANSWER,2417,1513700117,Nibir_Hossain,CONTESTANT,PRETESTS,3,15,2048000
902,A,33425937,GNU C++11,WRONG_ANSWER,3130,1513700830,Nibir_Hossain,CONTESTANT,PRETESTS,4,15,2048000
902,A,33427549,GNU C++11,WRONG_ANSWER,3712,1513701412,Nibir_Hossain,CONTESTANT,PRETESTS,4,15,2048000
902,A,33429218,GNU C++11,WRONG_ANSWER,4364,1513702064,Nibir_Hossain,CONTESTANT,PRETESTS,2,15,2048000
902,A,33433544,GNU C++17 Diagnostics,WRONG_ANSWER,6351,1513704051,Nicad,CONTESTANT,PRETESTS,2,764,98406400
902,A,33433698,GNU C++17 Diagnostics,WRONG_ANSWER,6424,1513704124,Nicad,CONTESTANT,PRETESTS,2,810,98304000
902,A,33412821,C++14 (GCC 6-32),WRONG_ANSWER,257,1513697957,Nickname124,CONTESTANT,PRETESTS,1,15,1945600
902,A,33414054,C++14 (GCC 6-32),OK,497,1513698197,Nickname124,CONTESTANT,TESTS,55,15,1945600
902,B,33418768,C++14 (GCC 6-32),OK,1256,1513698956,Nickname124,CONTESTANT,TESTS,50,15,2662400
902,A,33417089,GNU C++,WRONG_ANSWER,960,1513698660,Nieb_Hasan_077,CONTESTANT,PRETESTS,2,15,1843200
902,A,33421579,GNU C++,OK,1888,1513699588,Nieb_Hasan_077,CONTESTANT,TESTS,55,15,2048000
902,A,33417109,C++14 (GCC 6-32),OK,954,1513698665,NightCats,CONTESTANT,TESTS,55,15,1945600
902,B,33424306,C++14 (GCC 6-32),TIME_LIMIT_EXCEEDED,2616,1513700327,NightCats,CONTESTANT,TESTS,17,1000,2764800
902,C,33430497,C++14 (GCC 6-32),WRONG_ANSWER,4890,1513702601,NightCats,CONTESTANT,PRETESTS,4,15,1945600
902,B,33418220,C++14 (GCC 6-32),WRONG_ANSWER,1153,1513698853,Nightfury18,CONTESTANT,PRETESTS,0,0,1843200
902,B,33418622,C++14 (GCC 6-32),OK,1226,1513698926,Nightfury18,CONTESTANT,TESTS,50,31,2560000
902,A,33423571,C++14 (GCC 6-32),OK,2424,1513700124,Nightfury18,CONTESTANT,TESTS,55,30,1945600
902,C,33429002,C++14 (GCC 6-32),OK,4280,1513701980,Nightfury18,CONTESTANT,TESTS,45,93,2662400
902,A,33419217,Python 3,WRONG_ANSWER,1353,1513699053,Nika05,CONTESTANT,PRETESTS,0,46,5529600
902,A,33420478,GNU C++,WRONG_ANSWER,1620,1513699320,Nikitos113,CONTESTANT,PRETESTS,3,15,162406400
902,A,33421308,GNU C++,WRONG_ANSWER,1821,1513699521,Nikitos113,CONTESTANT,PRETESTS,3,15,162406400
902,A,33421693,GNU C++,WRONG_ANSWER,1914,1513699614,Nikitos113,CONTESTANT,PRETESTS,2,15,162406400
902,A,33422074,GNU C++,WRONG_ANSWER,2007,1513699707,Nikitos113,CONTESTANT,PRETESTS,1,0,162406400
902,A,33422970,GNU C++,WRONG_ANSWER,2251,1513699951,Nikitos113,CONTESTANT,PRETESTS,2,15,2048000
902,A,33423447,GNU C++,WRONG_ANSWER,2390,1513700090,Nikitos113,CONTESTANT,PRETESTS,3,15,2048000
902,A,33424199,GNU C++,WRONG_ANSWER,2595,1513700295,Nikitos113,CONTESTANT,PRETESTS,4,15,2048000
902,A,33424815,GNU C++,WRONG_ANSWER,2776,1513700476,Nikitos113,CONTESTANT,PRETESTS,4,0,2048000
902,A,33423963,C++14 (GCC 6-32),WRONG_ANSWER,2536,1513700236,Niklex,CONTESTANT,PRETESTS,3,15,1843200
902,A,33424726,C++14 (GCC 6-32),WRONG_ANSWER,2749,1513700449,Niklex,CONTESTANT,PRETESTS,3,15,1843200
902,A,33427630,C++14 (GCC 6-32),WRONG_ANSWER,3740,1513701440,Niklex,CONTESTANT,PRETESTS,1,15,1945600
902,A,33420889,GNU C,COMPILATION_ERROR,1717,1513699417,Nikt,CONTESTANT,PRETESTS,0,0,0
902,A,33421090,GNU C,COMPILATION_ERROR,1766,1513699466,Nikt,CONTESTANT,PRETESTS,0,0,0
902,A,33421375,C++14 (GCC 6-32),WRONG_ANSWER,1836,1513699536,Nikt,CONTESTANT,PRETESTS,3,15,1945600
902,A,33423078,C++14 (GCC 6-32),OK,2283,1513699983,Nikt,CONTESTANT,TESTS,55,31,1945600
902,A,33429386,C++14 (GCC 6-32),WRONG_ANSWER,4432,1513702132,NilakshiRocks,CONTESTANT,PRETESTS,0,15,1843200
902,A,33429492,C++14 (GCC 6-32),WRONG_ANSWER,4483,1513702183,NilakshiRocks,CONTESTANT,PRETESTS,2,15,1843200
902,A,33431003,C++14 (GCC 6-32),COMPILATION_ERROR,5119,1513702819,NilakshiRocks,CONTESTANT,PRETESTS,0,0,0
902,A,33431407,C++14 (GCC 6-32),WRONG_ANSWER,5313,1513703013,NilakshiRocks,CONTESTANT,PRETESTS,3,15,1843200
902,A,33432512,C++14 (GCC 6-32),WRONG_ANSWER,5874,1513703574,NilakshiRocks,CONTESTANT,PRETESTS,1,15,1843200
902,A,33433843,C++14 (GCC 6-32),WRONG_ANSWER,6490,1513704190,NilakshiRocks,CONTESTANT,PRETESTS,1,0,1843200
902,A,33434422,C++14 (GCC 6-32),WRONG_ANSWER,6765,1513704465,NilakshiRocks,CONTESTANT,PRETESTS,1,15,1843200
902,A,33434555,C++14 (GCC 6-32),WRONG_ANSWER,6825,1513704525,NilakshiRocks,CONTESTANT,PRETESTS,0,0,1843200
902,A,33435149,C++14 (GCC 6-32),WRONG_ANSWER,7054,1513704754,NilakshiRocks,CONTESTANT,PRETESTS,0,15,1843200
902,A,33415081,GNU C++11,WRONG_ANSWER,658,1513698358,Nima_ghasem,CONTESTANT,PRETESTS,4,0,2048000
902,A,33416669,GNU C++11,OK,893,1513698593,Nima_ghasem,CONTESTANT,TESTS,55,15,2048000
902,A,33413606,GNU C++11,WRONG_ANSWER,411,1513698122,NinevskiyKN,CONTESTANT,PRETESTS,2,15,2048000
902,A,33417848,GNU C++11,WRONG_ANSWER,1082,1513698793,NinevskiyKN,CONTESTANT,PRETESTS,0,0,2048000
902,A,33418447,GNU C++11,WRONG_ANSWER,1182,1513698893,NinevskiyKN,CONTESTANT,PRETESTS,0,0,2048000
902,A,33418865,GNU C++11,WRONG_ANSWER,1267,1513698978,NinevskiyKN,CONTESTANT,PRETESTS,3,15,2048000
902,A,33420175,GNU C++11,OK,1541,1513699251,NinevskiyKN,CONTESTANT,TESTS,55,15,2048000
902,A,33416348,C++14 (GCC 6-32),WRONG_ANSWER,843,1513698543,Ninja08,CONTESTANT,PRETESTS,2,15,1843200
902,A,33421198,C++14 (GCC 6-32),CHALLENGED,1793,1513699493,Ninja08,CONTESTANT,CHALLENGES,8,15,1843200
902,A,33425711,C++14 (GCC 6-32),WRONG_ANSWER,3061,1513700761,Ninja08,CONTESTANT,CHALLENGES,0,15,1945600
902,A,33428183,C++14 (GCC 6-32),OK,3950,1513701650,Ninja08,CONTESTANT,TESTS,55,15,1945600
902,A,33413739,C++14 (GCC 6-32),WRONG_ANSWER,444,1513698144,Nirav_96,CONTESTANT,PRETESTS,2,15,1843200
902,A,33416191,C++14 (GCC 6-32),WRONG_ANSWER,820,1513698520,Nirav_96,CONTESTANT,TESTS,48,15,1945600
902,B,33421073,C++14 (GCC 6-32),OK,1763,1513699463,Nirav_96,CONTESTANT,TESTS,50,233,2560000
902,C,33431922,C++14 (GCC 6-32),WRONG_ANSWER,5578,1513703278,Nirav_96,CONTESTANT,PRETESTS,5,15,1843200
902,C,33432699,C++14 (GCC 6-32),WRONG_ANSWER,5962,1513703662,Nirav_96,CONTESTANT,PRETESTS,3,15,1843200
902,C,33434985,C++14 (GCC 6-32),WRONG_ANSWER,6999,1513704699,Nirav_96,CONTESTANT,PRETESTS,5,15,1945600
902,C,33435479,C++14 (GCC 6-32),WRONG_ANSWER,7160,1513704860,Nirav_96,CONTESTANT,PRETESTS,0,0,1843200
902,A,33416652,C++14 (GCC 6-32),WRONG_ANSWER,891,1513698591,Nissy_v,CONTESTANT,PRETESTS,4,15,1945600
902,A,33424332,C++14 (GCC 6-32),WRONG_ANSWER,2632,1513700332,Nissy_v,CONTESTANT,PRETESTS,4,15,1843200
902,A,33430215,GNU C++,WRONG_ANSWER,4786,1513702486,Nithisha,CONTESTANT,PRETESTS,1,15,1843200
902,A,33418530,C++14 (GCC 6-32),WRONG_ANSWER,1209,1513698909,Nitin1184,CONTESTANT,PRETESTS,3,0,1843200
902,A,33418910,C++14 (GCC 6-32),WRONG_ANSWER,1287,1513698987,Nitin1184,CONTESTANT,PRETESTS,0,0,1843200
902,A,33420410,C++14 (GCC 6-32),WRONG_ANSWER,1603,1513699303,Nitin1184,CONTESTANT,PRETESTS,0,15,1945600
902,A,33420609,C++14 (GCC 6-32),WRONG_ANSWER,1650,1513699350,Nitin1184,CONTESTANT,PRETESTS,0,0,1945600
902,A,33421341,C++14 (GCC 6-32),WRONG_ANSWER,1828,1513699528,Nitin1184,CONTESTANT,PRETESTS,3,0,1843200
902,A,33421588,C++14 (GCC 6-32),WRONG_ANSWER,1889,1513699589,Nitin1184,CONTESTANT,PRETESTS,5,15,1945600
902,A,33422175,C++14 (GCC 6-32),WRONG_ANSWER,2032,1513699732,Nitin1184,CONTESTANT,PRETESTS,5,15,1945600
902,A,33424057,C++14 (GCC 6-32),WRONG_ANSWER,2560,1513700260,Nitin1184,CONTESTANT,PRETESTS,5,15,1945600
902,A,33427849,C++14 (GCC 6-32),CHALLENGED,3821,1513701521,Nitin1184,CONTESTANT,CHALLENGES,8,15,1843200
902,B,33433008,C++14 (GCC 6-32),WRONG_ANSWER,6114,1513703814,Nitin1184,CONTESTANT,PRETESTS,4,0,2150400
902,A,33433215,C++14 (GCC 6-32),WRONG_ANSWER,6210,1513703910,Nitin1184,CONTESTANT,CHALLENGES,0,15,1945600
902,B,33433887,C++14 (GCC 6-32),WRONG_ANSWER,6514,1513704214,Nitin1184,CONTESTANT,PRETESTS,4,15,2150400
902,B,33434662,C++14 (GCC 6-32),WRONG_ANSWER,6869,1513704569,Nitin1184,CONTESTANT,PRETESTS,4,15,2150400
902,A,33413528,GNU C++11,OK,409,1513698109,NiuBer,CONTESTANT,TESTS,55,31,2048000
902,B,33420670,GNU C++11,OK,1665,1513699365,NiuBer,CONTESTANT,TESTS,50,46,2560000
902,C,33427835,GNU C++11,OK,3814,1513701514,NiuBer,CONTESTANT,TESTS,45,358,11673600
902,A,33418497,C++14 (GCC 6-32),WRONG_ANSWER,1202,1513698902,NiverdPereira,CONTESTANT,PRETESTS,2,0,2048000
902,A,33425818,C++14 (GCC 6-32),WRONG_ANSWER,3094,1513700794,NiverdPereira,CONTESTANT,PRETESTS,2,15,2048000
902,A,33426162,C++14 (GCC 6-32),WRONG_ANSWER,3208,1513700908,NiverdPereira,CONTESTANT,PRETESTS,2,0,2048000
902,A,33427427,C++14 (GCC 6-32),WRONG_ANSWER,3667,1513701367,NiverdPereira,CONTESTANT,PRETESTS,2,0,2048000
902,A,33415139,GNU C++11,WRONG_ANSWER,666,1513698366,Nodir_Bobiev,CONTESTANT,PRETESTS,2,0,2048000
902,A,33416482,GNU C++11,WRONG_ANSWER,865,1513698565,Nodir_Bobiev,CONTESTANT,PRETESTS,2,15,2048000
902,A,33417165,GNU C++11,OK,974,1513698674,Nodir_Bobiev,CONTESTANT,TESTS,55,15,2048000
902,B,33425163,GNU C++11,OK,2880,1513700580,Nodir_Bobiev,CONTESTANT,TESTS,50,31,2560000
902,C,33430136,GNU C++11,WRONG_ANSWER,4757,1513702457,Nodir_Bobiev,CONTESTANT,PRETESTS,3,15,2048000
902,C,33435459,GNU C++11,WRONG_ANSWER,7153,1513704853,Nodir_Bobiev,CONTESTANT,PRETESTS,3,15,2048000
902,A,33416389,GNU C++11,WRONG_ANSWER,849,1513698549,Nodirbek_Sattorov,CONTESTANT,PRETESTS,2,0,2252800
902,A,33417709,GNU C++11,OK,1068,1513698768,Nodirbek_Sattorov,CONTESTANT,TESTS,55,15,2252800
902,B,33430929,GNU C++11,WRONG_ANSWER,5082,1513702782,Nodirbek_Sattorov,CONTESTANT,PRETESTS,5,46,3686400
902,B,33433151,GNU C++11,WRONG_ANSWER,6183,1513703883,Nodirbek_Sattorov,CONTESTANT,PRETESTS,5,31,3686400
902,B,33433559,GNU C++11,OK,6361,1513704061,Nodirbek_Sattorov,CONTESTANT,TESTS,50,46,3686400
902,A,33413468,C++14 (GCC 6-32),TIME_LIMIT_EXCEEDED,397,1513698097,NotSoStupid,CONTESTANT,PRETESTS,0,1000,1843200
902,A,33413756,C++14 (GCC 6-32),WRONG_ANSWER,448,1513698148,NotSoStupid,CONTESTANT,PRETESTS,0,0,17920000
902,A,33414217,C++14 (GCC 6-32),SKIPPED,522,1513698222,NotSoStupid,CONTESTANT,PRETESTS,8,0,17920000
902,A,33414529,C++14 (GCC 6-32),OK,572,1513698272,NotSoStupid,CONTESTANT,TESTS,55,15,17920000
902,B,33418704,C++14 (GCC 6-32),OK,1244,1513698944,NotSoStupid,CONTESTANT,TESTS,50,31,30412800
902,C,33423778,C++14 (GCC 6-32),WRONG_ANSWER,2487,1513700187,NotSoStupid,CONTESTANT,PRETESTS,3,15,9932800
902,C,33424202,C++14 (GCC 6-32),WRONG_ANSWER,2596,1513700296,NotSoStupid,CONTESTANT,PRETESTS,3,15,9932800
902,C,33426094,C++14 (GCC 6-32),WRONG_ANSWER,3187,1513700887,NotSoStupid,CONTESTANT,PRETESTS,4,15,9932800
902,C,33427258,C++14 (GCC 6-32),WRONG_ANSWER,3607,1513701307,NotSoStupid,CONTESTANT,PRETESTS,4,15,9932800
902,C,33428495,C++14 (GCC 6-32),WRONG_ANSWER,4073,1513701773,NotSoStupid,CONTESTANT,PRETESTS,1,15,9932800
902,C,33428654,C++14 (GCC 6-32),WRONG_ANSWER,4142,1513701842,NotSoStupid,CONTESTANT,PRETESTS,4,15,9932800
902,C,33429626,C++14 (GCC 6-32),OK,4543,1513702243,NotSoStupid,CONTESTANT,TESTS,45,108,21094400
902,A,33412746,C++14 (GCC 6-32),OK,226,1513697926,Not_Morsy,CONTESTANT,TESTS,55,15,1945600
902,B,33416317,C++14 (GCC 6-32),WRONG_ANSWER,840,1513698540,Not_Morsy,CONTESTANT,PRETESTS,2,15,2048000
902,B,33417650,C++14 (GCC 6-32),OK,1059,1513698759,Not_Morsy,CONTESTANT,TESTS,50,15,2560000
902,C,33422192,C++14 (GCC 6-32),OK,2036,1513699736,Not_Morsy,CONTESTANT,TESTS,45,93,2662400
902,A,33414526,C++14 (GCC 6-32),WRONG_ANSWER,560,1513698271,Notali.haidar,CONTESTANT,PRETESTS,4,15,1843200
902,A,33417184,C++14 (GCC 6-32),MEMORY_LIMIT_EXCEEDED,968,1513698678,Notali.haidar,CONTESTANT,PRETESTS,5,748,268390400
902,A,33419528,C++14 (GCC 6-32),OK,1406,1513699116,Notali.haidar,CONTESTANT,TESTS,55,15,1945600
902,B,33426655,C++14 (GCC 6-32),OK,3373,1513701083,Notali.haidar,CONTESTANT,TESTS,50,31,2662400
902,C,33431782,C++14 (GCC 6-32),WRONG_ANSWER,5494,1513703204,Notali.haidar,CONTESTANT,PRETESTS,4,15,1843200
902,C,33433596,C++14 (GCC 6-32),OK,6369,1513704080,Notali.haidar,CONTESTANT,TESTS,45,155,4915200
902,A,33412845,GNU C++11,OK,266,1513697966,Nour_Hammoush,CONTESTANT,TESTS,55,15,3276800
902,B,33417045,GNU C++11,OK,953,1513698653,Nour_Hammoush,CONTESTANT,TESTS,50,46,8396800
902,C,33432679,GNU C++11,WRONG_ANSWER,5955,1513703655,Nour_Hammoush,CONTESTANT,PRETESTS,1,15,3276800
902,C,33433320,GNU C++11,WRONG_ANSWER,6257,1513703957,Nour_Hammoush,CONTESTANT,PRETESTS,3,15,3276800
902,C,33433618,GNU C++11,WRONG_ANSWER,6390,1513704090,Nour_Hammoush,CONTESTANT,PRETESTS,3,15,3276800
902,A,33412779,C++14 (GCC 6-32),OK,242,1513697942,Nurordinskiy,CONTESTANT,TESTS,55,15,1945600
902,B,33415292,C++14 (GCC 6-32),OK,690,1513698390,Nurordinskiy,CONTESTANT,TESTS,50,46,2560000
902,C,33423231,C++14 (GCC 6-32),OK,2332,1513700032,Nurordinskiy,CONTESTANT,TESTS,45,156,2252800
902,A,33418608,GNU C++11,WRONG_ANSWER,1213,1513698924,Nuwaisir_Rabi,CONTESTANT,PRETESTS,4,15,2457600
902,A,33421161,GNU C++11,WRONG_ANSWER,1774,1513699485,Nuwaisir_Rabi,CONTESTANT,PRETESTS,2,15,2457600
902,A,33421886,GNU C++11,WRONG_ANSWER,1950,1513699661,Nuwaisir_Rabi,CONTESTANT,PRETESTS,2,15,2457600
902,A,33423925,GNU C++11,WRONG_ANSWER,2516,1513700226,Nuwaisir_Rabi,CONTESTANT,PRETESTS,4,15,2457600
902,A,33425178,GNU C++11,WRONG_ANSWER,2874,1513700585,Nuwaisir_Rabi,CONTESTANT,PRETESTS,4,15,2457600
902,A,33426948,GNU C++11,WRONG_ANSWER,3477,1513701187,Nuwaisir_Rabi,CONTESTANT,TESTS,50,15,2457600
902,A,33417893,GNU C++17 Diagnostics,WRONG_ANSWER,1089,1513698799,NyP1609,CONTESTANT,PRETESTS,3,764,98918400
902,A,33420964,GNU C++17 Diagnostics,WRONG_ANSWER,1725,1513699435,NyP1609,CONTESTANT,PRETESTS,3,780,98406400
902,A,33421483,GNU C++17 Diagnostics,WRONG_ANSWER,1854,1513699564,NyP1609,CONTESTANT,PRETESTS,3,764,98201600
902,A,33421977,GNU C++17 Diagnostics,OK,1977,1513699687,NyP1609,CONTESTANT,TESTS,55,826,100044800
902,A,33413281,C++14 (GCC 6-32),CHALLENGED,365,1513698065,O.S.Mozes,CONTESTANT,CHALLENGES,8,15,1843200
902,B,33417593,C++14 (GCC 6-32),RUNTIME_ERROR,1049,1513698749,O.S.Mozes,CONTESTANT,PRETESTS,5,15,2150400
902,B,33417835,C++14 (GCC 6-32),OK,1090,1513698790,O.S.Mozes,CONTESTANT,TESTS,50,15,2560000
902,C,33432103,C++14 (GCC 6-32),WRONG_ANSWER,5663,1513703363,O.S.Mozes,CONTESTANT,PRETESTS,1,0,3072000
902,C,33433205,C++14 (GCC 6-32),WRONG_ANSWER,6208,1513703908,O.S.Mozes,CONTESTANT,PRETESTS,6,15,3072000
902,A,33434178,C++14 (GCC 6-32),OK,6661,1513704361,O.S.Mozes,CONTESTANT,TESTS,55,15,1945600
902,C,33434453,C++14 (GCC 6-32),WRONG_ANSWER,6780,1513704480,O.S.Mozes,CONTESTANT,PRETESTS,8,15,3481600
902,C,33434684,C++14 (GCC 6-32),WRONG_ANSWER,6878,1513704578,O.S.Mozes,CONTESTANT,PRETESTS,6,15,3481600
902,C,33435027,C++14 (GCC 6-32),WRONG_ANSWER,7015,1513704715,O.S.Mozes,CONTESTANT,PRETESTS,8,15,3481600
902,C,33435420,C++14 (GCC 6-32),WRONG_ANSWER,7141,1513704841,O.S.Mozes,CONTESTANT,PRETESTS,8,15,3481600
902,A,33417049,GNU C++,WRONG_ANSWER,953,1513698653,OLIN_ONE,CONTESTANT,PRETESTS,2,15,2048000
902,A,33417911,GNU C++,WRONG_ANSWER,1102,1513698802,OLIN_ONE,CONTESTANT,PRETESTS,2,0,2048000
902,A,33425769,GNU C++,WRONG_ANSWER,3079,1513700779,OLIN_ONE,CONTESTANT,PRETESTS,2,15,2048000
902,A,33412788,C++14 (GCC 6-32),OK,236,1513697946,OMA,CONTESTANT,TESTS,55,15,1945600
902,B,33418869,C++14 (GCC 6-32),OK,1268,1513698978,OMA,CONTESTANT,TESTS,50,46,2662400
902,C,33424421,C++14 (GCC 6-32),WRONG_ANSWER,2651,1513700361,OMA,CONTESTANT,PRETESTS,1,15,5017600
902,C,33425319,C++14 (GCC 6-32),WRONG_ANSWER,2922,1513700632,OMA,CONTESTANT,PRETESTS,1,15,5017600
902,C,33425455,C++14 (GCC 6-32),WRONG_ANSWER,2968,1513700678,OMA,CONTESTANT,PRETESTS,3,15,5017600
902,C,33426093,C++14 (GCC 6-32),WRONG_ANSWER,3176,1513700887,OMA,CONTESTANT,PRETESTS,1,15,5017600
902,C,33426281,C++14 (GCC 6-32),OK,3237,1513700948,OMA,CONTESTANT,TESTS,45,156,8601600
902,D,33432461,C++14 (GCC 6-32),WRONG_ANSWER,5834,1513703544,OMA,CONTESTANT,PRETESTS,1,0,1945600
902,A,33414155,C++14 (GCC 6-32),WRONG_ANSWER,501,1513698212,OO_I_LOVE_YZQ__OO,CONTESTANT,PRETESTS,2,15,2662400
902,A,33414740,C++14 (GCC 6-32),WRONG_ANSWER,593,1513698303,OO_I_LOVE_YZQ__OO,CONTESTANT,PRETESTS,2,15,2662400
902,A,33415454,C++14 (GCC 6-32),OK,703,1513698414,OO_I_LOVE_YZQ__OO,CONTESTANT,TESTS,55,15,2355200
902,B,33423562,C++14 (GCC 6-32),OK,2413,1513700123,OO_I_LOVE_YZQ__OO,CONTESTANT,TESTS,50,249,6041600
902,C,33431985,C++14 (GCC 6-32),WRONG_ANSWER,5598,1513703309,OO_I_LOVE_YZQ__OO,CONTESTANT,TESTS,37,124,15052800
902,D,33435699,C++14 (GCC 6-32),WRONG_ANSWER,7193,1513704903,OO_I_LOVE_YZQ__OO,CONTESTANT,PRETESTS,0,0,1843200
902,A,33413074,C++14 (GCC 6-32),OK,314,1513698024,OPG,CONTESTANT,TESTS,55,15,1945600
902,B,33415404,C++14 (GCC 6-32),OK,696,1513698406,OPG,CONTESTANT,TESTS,50,31,2560000
902,C,33418951,C++14 (GCC 6-32),WRONG_ANSWER,1286,1513698996,OPG,CONTESTANT,PRETESTS,1,15,2252800
902,C,33419278,C++14 (GCC 6-32),WRONG_ANSWER,1353,1513699064,OPG,CONTESTANT,PRETESTS,1,15,2252800
902,C,33421501,C++14 (GCC 6-32),OK,1858,1513699569,OPG,CONTESTANT,TESTS,45,93,5324800
902,D,33425927,C++14 (GCC 6-32),WRONG_ANSWER,3118,1513700829,OPG,CONTESTANT,PRETESTS,2,15,5120000
902,A,33420016,GNU C++11,OK,1516,1513699216,OWtoR,CONTESTANT,TESTS,55,15,2048000
902,A,33417969,C++14 (GCC 6-32),OK,1111,1513698811,O_l_G,CONTESTANT,TESTS,55,30,1945600
902,A,33413113,C++14 (GCC 6-32),OK,333,1513698033,O_o.Donkeyking.o_O,CONTESTANT,TESTS,55,15,3379200
902,B,33415513,C++14 (GCC 6-32),OK,723,1513698423,O_o.Donkeyking.o_O,CONTESTANT,TESTS,50,30,4608000
902,C,33421685,C++14 (GCC 6-32),WRONG_ANSWER,1911,1513699611,O_o.Donkeyking.o_O,CONTESTANT,PRETESTS,3,0,4300800
902,C,33423286,C++14 (GCC 6-32),WRONG_ANSWER,2349,1513700049,O_o.Donkeyking.o_O,CONTESTANT,PRETESTS,3,15,9113600
902,C,33425252,C++14 (GCC 6-32),COMPILATION_ERROR,2910,1513700610,O_o.Donkeyking.o_O,CONTESTANT,PRETESTS,0,0,0
902,C,33425372,C++14 (GCC 6-32),OK,2951,1513700651,O_o.Donkeyking.o_O,CONTESTANT,TESTS,45,93,9113600
902,A,33416639,GNU C++,WRONG_ANSWER,889,1513698589,Object101,CONTESTANT,PRETESTS,3,15,2048000
902,A,33420563,GNU C++,OK,1641,1513699341,Object101,CONTESTANT,TESTS,55,15,2048000
902,B,33433933,GNU C++,WRONG_ANSWER,6539,1513704239,Object101,CONTESTANT,PRETESTS,9,31,2560000
902,A,33416812,C++14 (GCC 6-32),WRONG_ANSWER,916,1513698616,Oclewx,CONTESTANT,PRETESTS,2,15,1843200
902,A,33418692,C++14 (GCC 6-32),WRONG_ANSWER,1241,1513698941,Oclewx,CONTESTANT,PRETESTS,4,15,1843200
902,A,33420180,C++14 (GCC 6-32),WRONG_ANSWER,1552,1513699252,Oclewx,CONTESTANT,PRETESTS,2,15,1843200
902,A,33424596,C++14 (GCC 6-32),WRONG_ANSWER,2714,1513700414,Oclewx,CONTESTANT,TESTS,47,15,1945600
902,B,33427843,C++14 (GCC 6-32),OK,3817,1513701517,Oclewx,CONTESTANT,TESTS,50,31,2560000
902,C,33432175,C++14 (GCC 6-32),OK,5700,1513703400,Oclewx,CONTESTANT,TESTS,45,156,5222400
902,A,33412703,C++14 (GCC 6-32),OK,207,1513697907,Octavian_August,CONTESTANT,TESTS,55,30,1945600
902,B,33414084,C++14 (GCC 6-32),OK,501,1513698201,Octavian_August,CONTESTANT,TESTS,50,202,2457600
902,C,33421902,C++14 (GCC 6-32),WRONG_ANSWER,1968,1513699668,Octavian_August,CONTESTANT,TESTS,37,77,3891200
902,A,33418907,C++14 (GCC 6-32),CHALLENGED,1286,1513698986,OfTheSharingan,CONTESTANT,CHALLENGES,8,15,2048000
902,A,33422442,C++14 (GCC 6-32),WRONG_ANSWER,2110,1513699810,OfTheSharingan,CONTESTANT,CHALLENGES,0,15,2048000
902,A,33424798,C++14 (GCC 6-32),OK,2772,1513700472,OfTheSharingan,CONTESTANT,TESTS,55,15,2048000
902,B,33426370,C++14 (GCC 6-32),OK,3277,1513700977,OfTheSharingan,CONTESTANT,TESTS,50,31,4403200
902,C,33435500,C++14 (GCC 6-32),WRONG_ANSWER,7164,1513704864,OfTheSharingan,CONTESTANT,PRETESTS,1,0,5939200
902,A,33423450,MS C++,WRONG_ANSWER,2391,1513700091,Offler,CONTESTANT,PRETESTS,0,0,2048000
902,A,33428446,MS C++,WRONG_ANSWER,4050,1513701750,Offler,CONTESTANT,PRETESTS,1,15,2048000
902,A,33429732,MS C++,WRONG_ANSWER,4581,1513702281,Offler,CONTESTANT,PRETESTS,5,15,2048000
902,A,33430033,MS C++,WRONG_ANSWER,4711,1513702411,Offler,CONTESTANT,PRETESTS,0,0,2048000
902,A,33430404,MS C++,COMPILATION_ERROR,4862,1513702562,Offler,CONTESTANT,PRETESTS,0,0,0
902,A,33430449,MS C++,WRONG_ANSWER,4881,1513702581,Offler,CONTESTANT,PRETESTS,5,15,2048000
902,A,33430694,MS C++,WRONG_ANSWER,4993,1513702693,Offler,CONTESTANT,PRETESTS,5,15,2048000
902,A,33414821,C++14 (GCC 6-32),WRONG_ANSWER,606,1513698317,OhNightFatherOfNight,CONTESTANT,PRETESTS,2,0,1843200
902,A,33418928,C++14 (GCC 6-32),WRONG_ANSWER,1280,1513698991,OhNightFatherOfNight,CONTESTANT,PRETESTS,4,0,1843200
902,A,33420989,C++14 (GCC 6-32),WRONG_ANSWER,1731,1513699442,OhNightFatherOfNight,CONTESTANT,PRETESTS,4,15,1843200
902,A,33421952,C++14 (GCC 6-32),WRONG_ANSWER,1970,1513699680,OhNightFatherOfNight,CONTESTANT,PRETESTS,4,0,1945600
902,A,33424537,C++14 (GCC 6-32),CHALLENGED,2688,1513700398,OhNightFatherOfNight,CONTESTANT,CHALLENGES,8,15,1945600
902,A,33415885,C++14 (GCC 6-32),WRONG_ANSWER,775,1513698475,OldBoy,CONTESTANT,PRETESTS,2,0,1945600
902,A,33418213,C++14 (GCC 6-32),OK,1152,1513698852,OldBoy,CONTESTANT,TESTS,55,15,1945600
902,B,33433384,C++14 (GCC 6-32),OK,6286,1513703986,OldBoy,CONTESTANT,TESTS,50,218,2457600
902,A,33414402,GNU C++11,OK,552,1513698252,OlegMankevich,CONTESTANT,TESTS,55,30,2048000
902,A,33423934,Python 3,OK,2529,1513700229,Olegich16,CONTESTANT,TESTS,55,62,5632000
902,A,33415643,C++14 (GCC 6-32),OK,740,1513698440,Omar,CONTESTANT,TESTS,55,15,1945600
902,B,33419221,C++14 (GCC 6-32),OK,1355,1513699055,Omar,CONTESTANT,TESTS,50,31,2457600
902,C,33423903,C++14 (GCC 6-32),WRONG_ANSWER,2520,1513700220,Omar,CONTESTANT,PRETESTS,3,15,1945600
902,C,33425600,C++14 (GCC 6-32),WRONG_ANSWER,3023,1513700723,Omar,CONTESTANT,PRETESTS,3,15,1945600
902,C,33427480,C++14 (GCC 6-32),WRONG_ANSWER,3686,1513701386,Omar,CONTESTANT,PRETESTS,3,0,1843200
902,C,33427759,C++14 (GCC 6-32),WRONG_ANSWER,3790,1513701490,Omar,CONTESTANT,PRETESTS,3,15,1843200
902,C,33430388,C++14 (GCC 6-32),WRONG_ANSWER,4853,1513702553,Omar,CONTESTANT,PRETESTS,3,15,1843200
902,C,33431195,C++14 (GCC 6-32),OK,5213,1513702913,Omar,CONTESTANT,TESTS,45,171,8294400
902,A,33415544,C++14 (GCC 6-32),OK,728,1513698428,OmarNaseer,CONTESTANT,TESTS,55,15,1945600
902,B,33430360,C++14 (GCC 6-32),OK,4843,1513702543,OmarNaseer,CONTESTANT,TESTS,50,30,2355200
902,A,33413713,C++14 (GCC 6-32),WRONG_ANSWER,441,1513698141,OmarSaber,CONTESTANT,PRETESTS,2,0,1945600
902,A,33415839,C++14 (GCC 6-32),WRONG_ANSWER,769,1513698469,OmarSaber,CONTESTANT,PRETESTS,2,15,1945600
902,A,33418776,C++14 (GCC 6-32),WRONG_ANSWER,1257,1513698957,OmarSaber,CONTESTANT,PRETESTS,2,15,1945600
902,A,33419147,C++14 (GCC 6-32),COMPILATION_ERROR,1340,1513699040,OmarSaber,CONTESTANT,PRETESTS,0,0,0
902,A,33419418,C++14 (GCC 6-32),WRONG_ANSWER,1390,1513699090,OmarSaber,CONTESTANT,PRETESTS,2,15,1945600
902,A,33420593,C++14 (GCC 6-32),WRONG_ANSWER,1647,1513699347,OmarSaber,CONTESTANT,PRETESTS,2,0,1843200
902,A,33427569,C++14 (GCC 6-32),WRONG_ANSWER,3720,1513701420,OmarSaber,CONTESTANT,PRETESTS,2,15,1945600
902,A,33428584,C++14 (GCC 6-32),WRONG_ANSWER,4108,1513701808,OmarSaber,CONTESTANT,PRETESTS,5,15,1843200
902,A,33432657,GNU C++,WRONG_ANSWER,5945,1513703645,Omar_Al-Sorogy,CONTESTANT,PRETESTS,2,15,2048000
902,A,33433094,GNU C++,WRONG_ANSWER,6154,1513703854,Omar_Al-Sorogy,CONTESTANT,PRETESTS,0,0,2048000
902,A,33433356,GNU C++,WRONG_ANSWER,6274,1513703974,Omar_Al-Sorogy,CONTESTANT,PRETESTS,0,15,2048000
902,A,33413021,GNU C++11,WRONG_ANSWER,313,1513698013,Omar_Elawady,CONTESTANT,PRETESTS,1,0,2048000
902,A,33413502,GNU C++11,WRONG_ANSWER,404,1513698104,Omar_Elawady,CONTESTANT,PRETESTS,4,15,2048000
902,A,33414524,GNU C++11,WRONG_ANSWER,571,1513698271,Omar_Elawady,CONTESTANT,PRETESTS,4,15,2048000
902,A,33414803,GNU C++11,WRONG_ANSWER,614,1513698314,Omar_Elawady,CONTESTANT,PRETESTS,4,15,2048000
902,A,33418595,GNU C++11,OK,1222,1513698922,Omar_Elawady,CONTESTANT,TESTS,55,15,2048000
902,B,33421041,GNU C++11,OK,1755,1513699455,Omar_Elawady,CONTESTANT,TESTS,50,46,2867200
902,C,33429266,GNU C++11,WRONG_ANSWER,4383,1513702083,Omar_Elawady,CONTESTANT,PRETESTS,3,15,2048000
902,C,33429646,GNU C++11,WRONG_ANSWER,4550,1513702250,Omar_Elawady,CONTESTANT,PRETESTS,1,15,2048000
902,C,33431516,GNU C++11,WRONG_ANSWER,5369,1513703069,Omar_Elawady,CONTESTANT,PRETESTS,3,0,2048000
902,C,33431721,GNU C++11,WRONG_ANSWER,5473,1513703173,Omar_Elawady,CONTESTANT,PRETESTS,3,15,2048000
902,C,33434074,GNU C++11,WRONG_ANSWER,6614,1513704314,Omar_Elawady,CONTESTANT,PRETESTS,1,0,2048000
902,C,33434149,GNU C++11,MEMORY_LIMIT_EXCEEDED,6647,1513704347,Omar_Elawady,CONTESTANT,PRETESTS,0,93,268390400
902,C,33434203,GNU C++11,WRONG_ANSWER,6674,1513704374,Omar_Elawady,CONTESTANT,PRETESTS,4,15,2048000
902,A,33424024,C++14 (GCC 6-32),WRONG_ANSWER,2552,1513700252,Omnia__,CONTESTANT,PRETESTS,2,0,1945600
902,A,33424788,C++14 (GCC 6-32),WRONG_ANSWER,2769,1513700469,Omnia__,CONTESTANT,PRETESTS,2,15,1843200
902,A,33431159,C++14 (GCC 6-32),WRONG_ANSWER,5196,1513702896,Omnia__,CONTESTANT,PRETESTS,4,15,1843200
902,A,33433921,C++14 (GCC 6-32),WRONG_ANSWER,6533,1513704233,Omnia__,CONTESTANT,PRETESTS,4,15,1843200
902,A,33434640,C++14 (GCC 6-32),WRONG_ANSWER,6861,1513704561,Omnia__,CONTESTANT,PRETESTS,2,15,1843200
902,A,33434886,C++14 (GCC 6-32),WRONG_ANSWER,6964,1513704664,Omnia__,CONTESTANT,PRETESTS,4,15,1945600
902,A,33435076,C++14 (GCC 6-32),WRONG_ANSWER,7027,1513704727,Omnia__,CONTESTANT,PRETESTS,4,15,1843200
902,A,33416499,C++14 (GCC 6-32),OK,858,1513698568,OneClickAC,CONTESTANT,TESTS,55,15,1945600
902,B,33423017,C++14 (GCC 6-32),OK,2254,1513699964,OneClickAC,CONTESTANT,TESTS,50,15,3993600
902,C,33429422,C++14 (GCC 6-32),WRONG_ANSWER,4441,1513702151,OneClickAC,CONTESTANT,PRETESTS,3,15,3072000
902,C,33430566,C++14 (GCC 6-32),WRONG_ANSWER,4921,1513702631,OneClickAC,CONTESTANT,PRETESTS,3,15,3072000
902,C,33430683,C++14 (GCC 6-32),WRONG_ANSWER,4977,1513702688,OneClickAC,CONTESTANT,PRETESTS,3,15,3072000
902,C,33430837,C++14 (GCC 6-32),WRONG_ANSWER,5038,1513702748,OneClickAC,CONTESTANT,PRETESTS,5,15,3072000
902,C,33431300,C++14 (GCC 6-32),WRONG_ANSWER,5250,1513702961,OneClickAC,CONTESTANT,PRETESTS,5,15,5529600
902,C,33433498,C++14 (GCC 6-32),OK,6323,1513704033,OneClickAC,CONTESTANT,TESTS,45,78,6758400
902,A,33413210,GNU C++11,WRONG_ANSWER,351,1513698051,OneDay_,CONTESTANT,PRETESTS,2,15,2048000
902,A,33414121,GNU C++11,OK,507,1513698207,OneDay_,CONTESTANT,TESTS,55,15,2150400
902,B,33415327,GNU C++11,OK,695,1513698395,OneDay_,CONTESTANT,TESTS,50,46,3891200
902,C,33421455,GNU C++11,WRONG_ANSWER,1855,1513699555,OneDay_,CONTESTANT,PRETESTS,3,15,10035200
902,C,33423455,GNU C++11,OK,2393,1513700093,OneDay_,CONTESTANT,TESTS,45,327,10035200
902,D,33432056,GNU C++11,WRONG_ANSWER,5639,1513703339,OneDay_,CONTESTANT,PRETESTS,2,0,2048000
902,B,33421112,GNU C++11,WRONG_ANSWER,1772,1513699472,OnlyDeniko,CONTESTANT,PRETESTS,4,15,2048000
902,B,33423322,GNU C++11,MEMORY_LIMIT_EXCEEDED,2357,1513700057,OnlyDeniko,CONTESTANT,PRETESTS,5,249,268390400
902,B,33423758,GNU C++11,TIME_LIMIT_EXCEEDED,2480,1513700180,OnlyDeniko,CONTESTANT,TESTS,17,1000,15462400
902,A,33430113,GNU C++11,OK,4748,1513702448,OnlyDeniko,CONTESTANT,TESTS,55,15,2048000
902,A,33415828,C++14 (GCC 6-32),WRONG_ANSWER,768,1513698468,Opportunity,CONTESTANT,PRETESTS,0,0,1945600
902,A,33416059,C++14 (GCC 6-32),OK,799,1513698499,Opportunity,CONTESTANT,TESTS,55,15,1945600
902,B,33420362,C++14 (GCC 6-32),OK,1592,1513699292,Opportunity,CONTESTANT,TESTS,50,46,4710400
902,C,33429417,C++14 (GCC 6-32),WRONG_ANSWER,4450,1513702150,Opportunity,CONTESTANT,PRETESTS,4,15,5120000
902,C,33432032,C++14 (GCC 6-32),WRONG_ANSWER,5631,1513703331,Opportunity,CONTESTANT,PRETESTS,4,15,5120000
902,C,33433766,C++14 (GCC 6-32),WRONG_ANSWER,6456,1513704156,Opportunity,CONTESTANT,PRETESTS,6,15,5120000
902,A,33415585,C++14 (GCC 6-32),OK,732,1513698432,OptimusPrime,CONTESTANT,TESTS,55,15,1945600
902,B,33420935,C++14 (GCC 6-32),OK,1727,1513699427,OptimusPrime,CONTESTANT,TESTS,50,15,2867200
902,C,33428098,C++14 (GCC 6-32),WRONG_ANSWER,3916,1513701616,OptimusPrime,CONTESTANT,PRETESTS,3,15,4300800
902,C,33431234,C++14 (GCC 6-32),WRONG_ANSWER,5231,1513702931,OptimusPrime,CONTESTANT,PRETESTS,3,15,4300800
902,C,33432555,C++14 (GCC 6-32),WRONG_ANSWER,5899,1513703599,OptimusPrime,CONTESTANT,PRETESTS,3,15,6656000
902,C,33434495,C++14 (GCC 6-32),WRONG_ANSWER,6803,1513704503,OptimusPrime,CONTESTANT,PRETESTS,3,15,6656000
902,A,33413216,GNU C++11,WRONG_ANSWER,352,1513698052,OptxPrime,CONTESTANT,PRETESTS,0,0,2048000
902,A,33413432,GNU C++11,OK,391,1513698091,OptxPrime,CONTESTANT,TESTS,55,15,2048000
902,B,33419905,GNU C++11,OK,1491,1513699191,OptxPrime,CONTESTANT,TESTS,50,31,2969600
902,C,33430234,GNU C,COMPILATION_ERROR,4794,1513702494,OptxPrime,CONTESTANT,PRETESTS,0,0,0
902,C,33430292,GNU C++11,OK,4813,1513702513,OptxPrime,CONTESTANT,TESTS,45,249,5734400
902,B,33416503,C++14 (GCC 6-32),OK,869,1513698569,Origims,CONTESTANT,TESTS,50,31,2560000
902,A,33420205,C++14 (GCC 6-32),TIME_LIMIT_EXCEEDED,1559,1513699259,Origims,CONTESTANT,PRETESTS,2,1000,1945600
902,A,33421082,C++14 (GCC 6-32),WRONG_ANSWER,1764,1513699464,Origims,CONTESTANT,PRETESTS,2,0,1843200
902,A,33421474,C++14 (GCC 6-32),WRONG_ANSWER,1861,1513699561,Origims,CONTESTANT,PRETESTS,1,0,1945600
902,A,33422234,C++14 (GCC 6-32),WRONG_ANSWER,2046,1513699746,Origims,CONTESTANT,TESTS,41,15,1945600
902,C,33425423,C++14 (GCC 6-32),WRONG_ANSWER,2968,1513700668,Origims,CONTESTANT,PRETESTS,3,15,2252800
902,C,33426520,C++14 (GCC 6-32),OK,3331,1513701031,Origims,CONTESTANT,TESTS,45,77,2252800
902,A,33422096,Python 3,OK,2012,1513699712,Oriole,CONTESTANT,TESTS,55,62,5632000
902,A,33418786,Python 3,OK,1259,1513698959,Orion,CONTESTANT,TESTS,55,62,5529600
902,A,33413180,C++14 (GCC 6-32),OK,334,1513698044,OrlandoIsay,CONTESTANT,TESTS,55,15,1945600
902,B,33417079,C++14 (GCC 6-32),OK,948,1513698658,OrlandoIsay,CONTESTANT,TESTS,50,15,1945600
902,C,33424006,C++14 (GCC 6-32),WRONG_ANSWER,2537,1513700247,OrlandoIsay,CONTESTANT,PRETESTS,0,0,1843200
902,C,33425717,C++14 (GCC 6-32),OK,3052,1513700763,OrlandoIsay,CONTESTANT,TESTS,45,93,2662400
902,A,33412986,GNU C++11,CHALLENGED,306,1513698006,Osama_Alkhodairy,CONTESTANT,CHALLENGES,8,15,2048000
902,B,33416134,GNU C++11,OK,812,1513698512,Osama_Alkhodairy,CONTESTANT,TESTS,50,30,2662400
902,C,33425507,GNU C++11,WRONG_ANSWER,2993,1513700693,Osama_Alkhodairy,CONTESTANT,PRETESTS,1,15,2048000
902,C,33425971,GNU C++11,WRONG_ANSWER,3142,1513700842,Osama_Alkhodairy,CONTESTANT,PRETESTS,3,15,2048000
902,C,33426808,GNU C++11,OK,3438,1513701138,Osama_Alkhodairy,CONTESTANT,TESTS,45,249,3686400
902,A,33416833,C++14 (GCC 6-32),WRONG_ANSWER,910,1513698620,Osea,CONTESTANT,PRETESTS,2,0,1843200
902,A,33418100,C++14 (GCC 6-32),WRONG_ANSWER,1122,1513698832,Osea,CONTESTANT,PRETESTS,2,0,1843200
902,A,33420066,C++14 (GCC 6-32),WRONG_ANSWER,1517,1513699227,Osea,CONTESTANT,PRETESTS,2,15,1843200
902,A,33421222,C++14 (GCC 6-32),WRONG_ANSWER,1788,1513699498,Osea,CONTESTANT,PRETESTS,2,0,1843200
902,A,33422137,C++14 (GCC 6-32),WRONG_ANSWER,2013,1513699723,Osea,CONTESTANT,PRETESTS,3,15,1843200
902,A,33422743,C++14 (GCC 6-32),WRONG_ANSWER,2183,1513699894,Osea,CONTESTANT,PRETESTS,3,15,1843200
902,A,33423158,C++14 (GCC 6-32),WRONG_ANSWER,2301,1513700012,Osea,CONTESTANT,PRETESTS,3,0,1843200
902,A,33427354,C++14 (GCC 6-32),CHALLENGED,3633,1513701343,Osea,CONTESTANT,CHALLENGES,8,0,1843200
902,A,33413551,C++14 (GCC 6-32),OK,403,1513698113,Ostmbh,CONTESTANT,TESTS,55,15,4300800
902,B,33418143,C++14 (GCC 6-32),WRONG_ANSWER,1128,1513698839,Ostmbh,CONTESTANT,PRETESTS,5,15,8704000
902,B,33419476,C++14 (GCC 6-32),OK,1392,1513699103,Ostmbh,CONTESTANT,TESTS,50,30,8704000
902,C,33423742,C++14 (GCC 6-32),WRONG_ANSWER,2463,1513700173,Ostmbh,CONTESTANT,PRETESTS,3,15,2662400
902,C,33424343,C++14 (GCC 6-32),WRONG_ANSWER,2625,1513700335,Ostmbh,CONTESTANT,PRETESTS,3,15,2662400
902,C,33426296,C++14 (GCC 6-32),OK,3242,1513700953,Ostmbh,CONTESTANT,TESTS,45,109,3481600
902,D,33434504,C++14 (GCC 6-32),WRONG_ANSWER,6797,1513704507,Ostmbh,CONTESTANT,PRETESTS,2,15,1945600
902,A,33422690,Mono C#,RUNTIME_ERROR,2180,1513699880,Otkloneniye,CONTESTANT,PRETESTS,0,30,9420800
902,A,33432071,Mono C#,RUNTIME_ERROR,5645,1513703345,Otkloneniye,CONTESTANT,PRETESTS,0,46,9318400
902,A,33432279,Mono C#,RUNTIME_ERROR,5755,1513703455,Otkloneniye,CONTESTANT,PRETESTS,0,30,9318400
902,A,33434110,MS C#,RUNTIME_ERROR,6630,1513704330,Otkloneniye,CONTESTANT,PRETESTS,0,31,9318400
902,A,33417584,GNU C++,OK,1047,1513698747,Ouech,CONTESTANT,TESTS,55,15,2048000
902,B,33426899,GNU C++,TIME_LIMIT_EXCEEDED,3470,1513701170,Ouech,CONTESTANT,TESTS,17,1000,107929600
902,C,33434967,GNU C++,WRONG_ANSWER,6991,1513704691,Ouech,CONTESTANT,PRETESTS,1,15,2048000
902,C,33435688,GNU C++,WRONG_ANSWER,7199,1513704899,Ouech,CONTESTANT,PRETESTS,1,15,2048000
902,A,33417983,C++14 (GCC 6-32),WRONG_ANSWER,1115,1513698815,OutSpace,CONTESTANT,PRETESTS,0,0,1843200
902,A,33419939,C++14 (GCC 6-32),OK,1498,1513699198,OutSpace,CONTESTANT,TESTS,55,15,2048000
902,C,33426170,C++14 (GCC 6-32),WRONG_ANSWER,3202,1513700912,OutSpace,CONTESTANT,PRETESTS,7,15,9216000
902,B,33427288,C++14 (GCC 6-32),OK,3606,1513701317,OutSpace,CONTESTANT,TESTS,50,46,2560000
902,C,33430979,C++14 (GCC 6-32),WRONG_ANSWER,5100,1513702811,OutSpace,CONTESTANT,PRETESTS,1,15,2252800
902,C,33431155,C++14 (GCC 6-32),OK,5182,1513702892,OutSpace,CONTESTANT,TESTS,45,156,2252800
902,A,33418901,GNU C,WRONG_ANSWER,1285,1513698985,Ovishake_Sen,CONTESTANT,PRETESTS,2,15,1843200
902,A,33420890,GNU C,WRONG_ANSWER,1717,1513699417,Ovishake_Sen,CONTESTANT,PRETESTS,2,0,1843200
902,A,33422160,GNU C,WRONG_ANSWER,2029,1513699729,Ovishake_Sen,CONTESTANT,PRETESTS,2,15,1843200
902,A,33423657,GNU C,WRONG_ANSWER,2447,1513700147,Ovishake_Sen,CONTESTANT,PRETESTS,2,0,1843200
902,A,33425944,GNU C,WRONG_ANSWER,3133,1513700833,Ovishake_Sen,CONTESTANT,PRETESTS,1,15,1843200
902,A,33426292,GNU C,WRONG_ANSWER,3251,1513700951,Ovishake_Sen,CONTESTANT,PRETESTS,2,15,1843200
902,A,33427962,GNU C,WRONG_ANSWER,3861,1513701561,Ovishake_Sen,CONTESTANT,PRETESTS,2,15,1843200
902,A,33413727,PascalABC.NET,OK,442,1513698142,PAG,CONTESTANT,TESTS,55,46,13209600
902,B,33427965,PascalABC.NET,WRONG_ANSWER,3862,1513701562,PAG,CONTESTANT,PRETESTS,7,46,56627200
902,B,33428860,PascalABC.NET,RUNTIME_ERROR,4224,1513701924,PAG,CONTESTANT,TESTS,13,62,56627200
902,C,33432713,PascalABC.NET,RUNTIME_ERROR,5968,1513703668,PAG,CONTESTANT,PRETESTS,12,46,17305600
902,C,33433941,Delphi,RUNTIME_ERROR,6544,1513704244,PAG,CONTESTANT,PRETESTS,12,15,2662400
902,C,33434164,Delphi,OK,6652,1513704352,PAG,CONTESTANT,TESTS,45,62,4096000
902,A,33416074,MS C++,WRONG_ANSWER,802,1513698502,PATH242,CONTESTANT,PRETESTS,2,15,2048000
902,A,33421343,MS C++,WRONG_ANSWER,1829,1513699529,PATH242,CONTESTANT,PRETESTS,2,15,2048000
902,A,33430067,MS C++,WRONG_ANSWER,4728,1513702428,PATH242,CONTESTANT,PRETESTS,4,15,2048000
902,A,33416314,GNU C++11,OK,839,1513698539,PEDY4000,CONTESTANT,TESTS,55,15,2048000
902,B,33420336,GNU C++11,OK,1584,1513699284,PEDY4000,CONTESTANT,TESTS,50,46,2560000
902,C,33426088,Python 3,WRONG_ANSWER,3186,1513700886,PEDY4000,CONTESTANT,PRETESTS,1,46,5529600
902,C,33426437,Python 3,WRONG_ANSWER,3300,1513701000,PEDY4000,CONTESTANT,PRETESTS,1,46,5529600
902,C,33426831,Python 3,WRONG_ANSWER,3447,1513701147,PEDY4000,CONTESTANT,PRETESTS,1,46,5529600
902,C,33426958,Python 3,WRONG_ANSWER,3490,1513701190,PEDY4000,CONTESTANT,TESTS,37,389,12697600
902,A,33415334,GNU C++,OK,696,1513698396,PINGJINMING,CONTESTANT,TESTS,55,15,2150400
902,B,33424461,GNU C++,OK,2676,1513700376,PINGJINMING,CONTESTANT,TESTS,50,31,2867200
902,C,33428659,GNU C++,WRONG_ANSWER,4144,1513701844,PINGJINMING,CONTESTANT,PRETESTS,1,15,4096000
902,C,33431114,GNU C++,OK,5170,1513702870,PINGJINMING,CONTESTANT,TESTS,45,93,4096000
902,A,33417682,C++14 (GCC 6-32),WRONG_ANSWER,1064,1513698764,PKP,CONTESTANT,PRETESTS,2,15,1945600
902,A,33420380,C++14 (GCC 6-32),WRONG_ANSWER,1596,1513699296,PKP,CONTESTANT,PRETESTS,3,15,1843200
902,A,33421718,C++14 (GCC 6-32),WRONG_ANSWER,1919,1513699619,PKP,CONTESTANT,PRETESTS,3,31,1843200
902,A,33424952,C++14 (GCC 6-32),OK,2815,1513700515,PKP,CONTESTANT,TESTS,55,15,1945600
902,B,33427648,C++14 (GCC 6-32),OK,3747,1513701447,PKP,CONTESTANT,TESTS,50,15,2764800
902,C,33431729,C++14 (GCC 6-32),WRONG_ANSWER,5477,1513703177,PKP,CONTESTANT,PRETESTS,1,0,2867200
902,C,33432140,C++14 (GCC 6-32),WRONG_ANSWER,5685,1513703385,PKP,CONTESTANT,PRETESTS,1,0,2867200
902,C,33432759,C++14 (GCC 6-32),OK,5990,1513703690,PKP,CONTESTANT,TESTS,45,108,2662400
902,A,33422574,C++14 (GCC 6-32),OK,2137,1513699847,PK_PRANTO,CONTESTANT,TESTS,55,15,1945600
902,B,33428914,C++14 (GCC 6-32),OK,4231,1513701942,PK_PRANTO,CONTESTANT,TESTS,50,15,2457600
902,C,33420825,GNU C++11,SKIPPED,1702,1513699402,PM_ME_UR_PROBLEMS,CONTESTANT,PRETESTS,13,15,3276800
902,C,33420960,GNU C++11,OK,1735,1513699435,PM_ME_UR_PROBLEMS,CONTESTANT,TESTS,45,109,8089600
902,B,33422334,GNU C++11,OK,2075,1513699775,PM_ME_UR_PROBLEMS,CONTESTANT,TESTS,50,15,3891200
902,A,33423239,GNU C++11,OK,2339,1513700039,PM_ME_UR_PROBLEMS,CONTESTANT,TESTS,55,15,2867200
902,A,33423896,C++14 (GCC 6-32),WRONG_ANSWER,2519,1513700219,PORAG,CONTESTANT,PRETESTS,2,15,1843200
902,A,33427380,C++14 (GCC 6-32),WRONG_ANSWER,3650,1513701350,PORAG,CONTESTANT,PRETESTS,2,15,1843200
902,A,33431060,C++14 (GCC 6-32),WRONG_ANSWER,5148,1513702848,PORAG,CONTESTANT,PRETESTS,2,15,1843200
902,A,33431821,C++14 (GCC 6-32),OK,5529,1513703229,PORAG,CONTESTANT,TESTS,55,15,1945600
902,A,33415181,C++14 (GCC 6-32),SKIPPED,673,1513698373,Pannu,CONTESTANT,PRETESTS,8,15,2355200
902,B,33422155,C++14 (GCC 6-32),OK,2027,1513699727,Pannu,CONTESTANT,TESTS,50,265,2867200
902,C,33429388,C++14 (GCC 6-32),WRONG_ANSWER,4422,1513702133,Pannu,CONTESTANT,PRETESTS,4,15,2662400
902,C,33429603,C++14 (GCC 6-32),OK,4522,1513702233,Pannu,CONTESTANT,TESTS,45,109,2662400
902,A,33430834,C++14 (GCC 6-32),OK,5037,1513702748,Pannu,CONTESTANT,TESTS,55,15,2355200
902,A,33412942,GNU C++11,OK,295,1513697995,PaoloB,CONTESTANT,TESTS,55,31,2048000
902,B,33415880,GNU C++11,OK,774,1513698474,PaoloB,CONTESTANT,TESTS,50,30,2457600
902,C,33423577,GNU C++11,WRONG_ANSWER,2426,1513700126,PaoloB,CONTESTANT,PRETESTS,1,15,4505600
902,C,33430561,GNU C++11,WRONG_ANSWER,4928,1513702628,PaoloB,CONTESTANT,PRETESTS,1,15,4403200
902,C,33430842,GNU C++11,OK,5050,1513702750,PaoloB,CONTESTANT,TESTS,45,109,4505600
902,A,33414065,C++14 (GCC 6-32),WRONG_ANSWER,489,1513698200,Paradosk,CONTESTANT,PRETESTS,2,15,1945600
902,A,33415482,C++14 (GCC 6-32),WRONG_ANSWER,708,1513698419,Paradosk,CONTESTANT,PRETESTS,2,15,1945600
902,A,33416864,C++14 (GCC 6-32),WRONG_ANSWER,913,1513698624,Paradosk,CONTESTANT,PRETESTS,2,15,1945600
902,A,33418961,C++14 (GCC 6-32),OK,1287,1513698998,Paradosk,CONTESTANT,TESTS,55,15,2048000
902,B,33424799,C++14 (GCC 6-32),WRONG_ANSWER,2761,1513700472,Paradosk,CONTESTANT,PRETESTS,5,15,2662400
902,A,33425110,GNU C++,WRONG_ANSWER,2854,1513700564,Parimi,CONTESTANT,PRETESTS,3,15,2048000
902,A,33412769,MS C++,WRONG_ANSWER,225,1513697935,Pashoktond,CONTESTANT,PRETESTS,1,0,2048000
902,A,33413434,MS C++,OK,381,1513698092,Pashoktond,CONTESTANT,TESTS,55,15,2048000
902,B,33419187,C++14 (GCC 6-32),OK,1348,1513699048,Pashoktond,CONTESTANT,TESTS,50,233,2662400
902,C,33425352,MS C++,WRONG_ANSWER,2935,1513700645,Pashoktond,CONTESTANT,PRETESTS,4,15,2560000
902,C,33429454,MS C++,RUNTIME_ERROR,4455,1513702165,Pashoktond,CONTESTANT,PRETESTS,12,280,2560000
902,C,33429701,MS C++,OK,4560,1513702271,Pashoktond,CONTESTANT,TESTS,45,295,6451200
902,D,33431638,MS C++,WRONG_ANSWER,5421,1513703131,Pashoktond,CONTESTANT,PRETESTS,4,15,6451200
902,A,33415128,Java 8,WRONG_ANSWER,665,1513698365,PassedPawn,CONTESTANT,PRETESTS,2,109,20582400
902,A,33418615,Java 8,WRONG_ANSWER,1225,1513698925,PassedPawn,CONTESTANT,PRETESTS,2,108,20582400
902,A,33419036,Java 8,WRONG_ANSWER,1316,1513699016,PassedPawn,CONTESTANT,PRETESTS,2,108,20582400
902,A,33422168,Java 8,OK,2031,1513699731,PassedPawn,CONTESTANT,TESTS,55,124,20684800
902,A,33414060,GNU C++17 Diagnostics,WRONG_ANSWER,498,1513698198,Patwari26,CONTESTANT,PRETESTS,0,857,101171200
902,A,33414624,GNU C++17 Diagnostics,WRONG_ANSWER,586,1513698286,Patwari26,CONTESTANT,PRETESTS,1,857,101171200
902,A,33415436,GNU C++17 Diagnostics,WRONG_ANSWER,710,1513698410,Patwari26,CONTESTANT,PRETESTS,1,857,101171200
902,A,33417739,GNU C++17 Diagnostics,COMPILATION_ERROR,1073,1513698773,Patwari26,CONTESTANT,PRETESTS,0,0,0
902,A,33423993,GNU C++17 Diagnostics,WRONG_ANSWER,2543,1513700243,Patwari26,CONTESTANT,PRETESTS,1,764,98406400
902,A,33425713,GNU C++17 Diagnostics,RUNTIME_ERROR,3062,1513700762,Patwari26,CONTESTANT,PRETESTS,3,779,99225600
902,A,33426620,GNU C++17 Diagnostics,WRONG_ANSWER,3372,1513701072,Patwari26,CONTESTANT,PRETESTS,4,826,98406400
902,A,33426896,GNU C++17 Diagnostics,WRONG_ANSWER,3469,1513701169,Patwari26,CONTESTANT,PRETESTS,4,780,98406400
902,A,33429209,GNU C++17 Diagnostics,RUNTIME_ERROR,4360,1513702060,Patwari26,CONTESTANT,PRETESTS,0,670,101376000
902,A,33429920,GNU C++17 Diagnostics,OK,4659,1513702359,Patwari26,CONTESTANT,TESTS,55,904,103116800
902,A,33423869,GNU C++,WRONG_ANSWER,2498,1513700208,PauseOut,CONTESTANT,PRETESTS,2,0,2048000
902,A,33429496,GNU C++,WRONG_ANSWER,4474,1513702185,PauseOut,CONTESTANT,PRETESTS,2,15,2048000
902,A,33432112,GNU C++,WRONG_ANSWER,5661,1513703372,PauseOut,CONTESTANT,PRETESTS,2,0,2048000
902,A,33434538,GNU C++,WRONG_ANSWER,6807,1513704517,PauseOut,CONTESTANT,PRETESTS,4,15,2048000
902,A,33435129,GNU C++,WRONG_ANSWER,7033,1513704743,PauseOut,CONTESTANT,PRETESTS,4,15,2048000
902,A,33414761,C++14 (GCC 6-32),WRONG_ANSWER,605,1513698305,Pawan_29,CONTESTANT,PRETESTS,2,15,1843200
902,A,33418284,C++14 (GCC 6-32),WRONG_ANSWER,1165,1513698865,Pawan_29,CONTESTANT,PRETESTS,2,15,1843200
902,A,33421429,C++14 (GCC 6-32),WRONG_ANSWER,1849,1513699549,Pawan_29,CONTESTANT,PRETESTS,2,0,1843200
902,A,33412892,C++14 (GCC 6-32),OK,281,1513697981,PedroBortolli,CONTESTANT,TESTS,55,15,1945600
902,B,33414265,C++14 (GCC 6-32),OK,529,1513698229,PedroBortolli,CONTESTANT,TESTS,50,15,2457600
902,C,33422927,C++14 (GCC 6-32),OK,2243,1513699943,PedroBortolli,CONTESTANT,TESTS,45,124,15667200
902,A,33412709,C++14 (GCC 6-32),OK,199,1513697910,Pennyroyal_Tea,CONTESTANT,TESTS,55,15,1945600
902,B,33417243,C++14 (GCC 6-32),OK,978,1513698689,Pennyroyal_Tea,CONTESTANT,TESTS,50,15,2662400
902,C,33422351,C++14 (GCC 6-32),WRONG_ANSWER,2071,1513699781,Pennyroyal_Tea,CONTESTANT,PRETESTS,1,0,1843200
902,C,33424593,C++14 (GCC 6-32),OK,2702,1513700413,Pennyroyal_Tea,CONTESTANT,TESTS,45,92,5222400
902,D,33429848,C++14 (GCC 6-32),WRONG_ANSWER,4621,1513702331,Pennyroyal_Tea,CONTESTANT,PRETESTS,2,0,1843200
902,A,33416111,Java 8,WRONG_ANSWER,797,1513698508,PercySpecter,CONTESTANT,PRETESTS,2,140,20992000
902,A,33413908,C++14 (GCC 6-32),OK,473,1513698173,Peregrine_Falcon,CONTESTANT,TESTS,55,15,1945600
902,B,33429097,C++14 (GCC 6-32),OK,4317,1513702017,Peregrine_Falcon,CONTESTANT,TESTS,50,234,2560000
902,A,33413129,C++14 (GCC 6-32),WRONG_ANSWER,337,1513698037,Petr0w1tch,CONTESTANT,PRETESTS,3,15,41267200
902,A,33414082,C++14 (GCC 6-32),OK,501,1513698201,Petr0w1tch,CONTESTANT,TESTS,55,15,41267200
902,B,33416383,C++14 (GCC 6-32),OK,847,1513698547,Petr0w1tch,CONTESTANT,TESTS,50,31,2560000
902,C,33424021,C++14 (GCC 6-32),OK,2551,1513700251,Petr0w1tch,CONTESTANT,TESTS,45,171,7782400
902,A,33427011,GNU C11,WRONG_ANSWER,3508,1513701208,PhanilakshmiAlapati,CONTESTANT,PRETESTS,1,15,1843200
902,A,33413627,C++14 (GCC 6-32),OK,414,1513698125,Phanix,CONTESTANT,TESTS,55,15,17100800
902,B,33418759,C++14 (GCC 6-32),OK,1244,1513698954,Phanix,CONTESTANT,TESTS,50,15,3174400
902,C,33428218,C++14 (GCC 6-32),OK,3952,1513701662,Phanix,CONTESTANT,TESTS,45,93,4300800
902,A,33426952,C++14 (GCC 6-32),OK,3488,1513701188,Phantom_,CONTESTANT,TESTS,55,15,1945600
902,A,33421151,C++14 (GCC 6-32),WRONG_ANSWER,1782,1513699482,Phoenix_XL,CONTESTANT,PRETESTS,2,15,14745600
902,A,33422760,C++14 (GCC 6-32),WRONG_ANSWER,2199,1513699899,Phoenix_XL,CONTESTANT,PRETESTS,3,15,14745600
902,A,33424112,C++14 (GCC 6-32),OK,2572,1513700272,Phoenix_XL,CONTESTANT,TESTS,55,15,14745600
902,B,33429671,C++14 (GCC 6-32),WRONG_ANSWER,4559,1513702259,Phoenix_XL,CONTESTANT,PRETESTS,5,15,13312000
902,B,33430014,C++14 (GCC 6-32),WRONG_ANSWER,4701,1513702401,Phoenix_XL,CONTESTANT,PRETESTS,0,0,13004800
902,B,33430462,C++14 (GCC 6-32),OK,4886,1513702586,Phoenix_XL,CONTESTANT,TESTS,50,15,13516800
902,A,33412720,C++14 (GCC 6-32),OK,205,1513697916,Photon_,CONTESTANT,TESTS,55,30,1945600
902,B,33418534,C++14 (GCC 6-32),OK,1200,1513698910,Photon_,CONTESTANT,TESTS,50,249,2662400
902,C,33423452,C++14 (GCC 6-32),WRONG_ANSWER,2382,1513700093,Photon_,CONTESTANT,PRETESTS,1,15,5939200
902,C,33424104,C++14 (GCC 6-32),OK,2561,1513700271,Photon_,CONTESTANT,TESTS,45,109,8499200
902,A,33413602,C++14 (GCC 6-32),WRONG_ANSWER,422,1513698122,Pi-nan,CONTESTANT,PRETESTS,2,15,1843200
902,A,33414450,C++14 (GCC 6-32),WRONG_ANSWER,559,1513698259,Pi-nan,CONTESTANT,PRETESTS,2,15,1843200
902,A,33418243,C++14 (GCC 6-32),WRONG_ANSWER,1158,1513698858,Pi-nan,CONTESTANT,PRETESTS,2,15,1843200
902,A,33423805,C++14 (GCC 6-32),WRONG_ANSWER,2492,1513700192,Pi-nan,CONTESTANT,PRETESTS,2,15,1843200
902,A,33425475,C++14 (GCC 6-32),OK,2983,1513700683,Pi-nan,CONTESTANT,TESTS,55,15,1945600
902,A,33412890,C++14 (GCC 6-32),OK,280,1513697980,Pi_Tigrannik,CONTESTANT,TESTS,55,15,2867200
902,B,33414541,C++14 (GCC 6-32),OK,574,1513698274,Pi_Tigrannik,CONTESTANT,TESTS,50,31,19353600
902,C,33419593,C++14 (GCC 6-32),OK,1430,1513699130,Pi_Tigrannik,CONTESTANT,TESTS,45,77,5324800
902,D,33432647,C++14 (GCC 6-32),WRONG_ANSWER,5943,1513703643,Pi_Tigrannik,CONTESTANT,PRETESTS,4,15,1945600
902,A,33415315,C++14 (GCC 6-32),OK,694,1513698394,PiasRoY,CONTESTANT,TESTS,55,15,1945600
902,B,33427227,C++14 (GCC 6-32),OK,3595,1513701295,PiasRoY,CONTESTANT,TESTS,50,202,2355200
902,A,33413128,GNU C++11,OK,326,1513698037,PieceOfCode,CONTESTANT,TESTS,55,15,1843200
902,B,33415934,GNU C++11,OK,772,1513698482,PieceOfCode,CONTESTANT,TESTS,50,218,2457600
902,C,33422181,GNU C++11,WRONG_ANSWER,2022,1513699733,PieceOfCode,CONTESTANT,PRETESTS,3,15,2252800
902,C,33424348,GNU C++11,WRONG_ANSWER,2626,1513700337,PieceOfCode,CONTESTANT,TESTS,37,109,2252800
902,A,33416862,GNU C++,OK,923,1513698623,Pigmeu,CONTESTANT,TESTS,55,15,2048000
902,B,33424216,GNU C++,OK,2599,1513700299,Pigmeu,CONTESTANT,TESTS,50,30,2662400
902,C,33430920,GNU C++,WRONG_ANSWER,5079,1513702779,Pigmeu,CONTESTANT,PRETESTS,1,15,6041600
902,C,33431565,GNU C++,WRONG_ANSWER,5390,1513703090,Pigmeu,CONTESTANT,PRETESTS,3,15,6041600
902,C,33433242,GNU C++,OK,6223,1513703923,Pigmeu,CONTESTANT,TESTS,45,124,8089600
902,A,33431052,GNU C++,OK,5142,1513702842,PinkiePie1189,CONTESTANT,TESTS,55,15,1843200
902,B,33431129,GNU C++,WRONG_ANSWER,5175,1513702875,PinkiePie1189,CONTESTANT,PRETESTS,0,0,2252800
902,B,33431146,GNU C++,OK,5189,1513702889,PinkiePie1189,CONTESTANT,TESTS,50,15,2457600
902,B,33430470,GNU C++11,OK,4878,1513702589,Pisellone,CONTESTANT,TESTS,50,280,2457600
902,A,33433920,GNU C++11,WRONG_ANSWER,6520,1513704231,Pisellone,CONTESTANT,TESTS,11,15,2048000
902,A,33412996,GNU C++11,WRONG_ANSWER,308,1513698008,Planaria,CONTESTANT,PRETESTS,3,15,2048000
902,A,33413594,GNU C++11,OK,421,1513698121,Planaria,CONTESTANT,TESTS,55,15,2048000
902,B,33417259,GNU C++11,OK,992,1513698692,Planaria,CONTESTANT,TESTS,50,46,2457600
902,C,33422639,GNU C++11,WRONG_ANSWER,2165,1513699865,Planaria,CONTESTANT,PRETESTS,1,0,4096000
902,C,33422773,GNU C++11,OK,2204,1513699904,Planaria,CONTESTANT,TESTS,45,312,4096000
902,D,33429273,GNU C++11,OK,4386,1513702086,Planaria,CONTESTANT,TESTS,150,15,2150400
902,A,33415018,C++14 (GCC 6-32),OK,648,1513698348,Platon_Marulev,CONTESTANT,TESTS,55,15,1945600
902,B,33427533,C++14 (GCC 6-32),OK,3709,1513701409,Platon_Marulev,CONTESTANT,TESTS,50,31,2560000
902,A,33418158,C++14 (GCC 6-32),OK,1142,1513698842,Plurm,CONTESTANT,TESTS,55,15,2150400
902,B,33420065,C++14 (GCC 6-32),OK,1527,1513699227,Plurm,CONTESTANT,TESTS,50,15,2560000
902,C,33427702,C++14 (GCC 6-32),WRONG_ANSWER,3767,1513701467,Plurm,CONTESTANT,PRETESTS,3,15,7065600
902,C,33428462,C++14 (GCC 6-32),WRONG_ANSWER,4056,1513701756,Plurm,CONTESTANT,PRETESTS,4,15,7065600
902,C,33428787,C++14 (GCC 6-32),WRONG_ANSWER,4195,1513701895,Plurm,CONTESTANT,PRETESTS,1,0,7065600
902,C,33429076,C++14 (GCC 6-32),WRONG_ANSWER,4307,1513702007,Plurm,CONTESTANT,PRETESTS,4,15,7065600
902,C,33429658,C++14 (GCC 6-32),COMPILATION_ERROR,4554,1513702254,Plurm,CONTESTANT,PRETESTS,0,0,0
902,C,33429703,C++14 (GCC 6-32),WRONG_ANSWER,4571,1513702271,Plurm,CONTESTANT,PRETESTS,1,15,7065600
902,C,33429791,C++14 (GCC 6-32),WRONG_ANSWER,4610,1513702310,Plurm,CONTESTANT,PRETESTS,3,15,7065600
902,A,33420650,C++14 (GCC 6-32),OK,1661,1513699361,PlusZero,CONTESTANT,TESTS,55,15,2252800
902,A,33412872,C++14 (GCC 6-32),WRONG_ANSWER,274,1513697974,Pneuis,CONTESTANT,PRETESTS,1,0,1945600
902,A,33414485,C++14 (GCC 6-32),OK,564,1513698264,Pneuis,CONTESTANT,TESTS,55,15,1843200
902,B,33419717,C++14 (GCC 6-32),OK,1451,1513699151,Pneuis,CONTESTANT,TESTS,50,15,2560000
902,C,33424514,C++14 (GCC 6-32),OK,2691,1513700391,Pneuis,CONTESTANT,TESTS,45,124,2252800
902,D,33432869,C++14 (GCC 6-32),WRONG_ANSWER,6049,1513703749,Pneuis,CONTESTANT,PRETESTS,2,15,3891200
902,D,33433620,C++14 (GCC 6-32),WRONG_ANSWER,6390,1513704090,Pneuis,CONTESTANT,PRETESTS,0,15,3891200
902,D,33433792,C++14 (GCC 6-32),WRONG_ANSWER,6466,1513704166,Pneuis,CONTESTANT,PRETESTS,1,0,3891200
902,D,33434884,C++14 (GCC 6-32),WRONG_ANSWER,6962,1513704662,Pneuis,CONTESTANT,PRETESTS,0,0,3891200
902,D,33435134,C++14 (GCC 6-32),WRONG_ANSWER,7045,1513704745,Pneuis,CONTESTANT,PRETESTS,0,0,3891200
902,D,33435253,C++14 (GCC 6-32),WRONG_ANSWER,7089,1513704789,Pneuis,CONTESTANT,PRETESTS,0,0,3891200
902,D,33435642,C++14 (GCC 6-32),WRONG_ANSWER,7191,1513704891,Pneuis,CONTESTANT,PRETESTS,0,0,3891200
902,A,33413026,C++14 (GCC 6-32),OK,314,1513698014,PoIar_,CONTESTANT,TESTS,55,15,1945600
902,B,33418624,C++14 (GCC 6-32),OK,1227,1513698927,PoIar_,CONTESTANT,TESTS,50,46,2560000
902,C,33424360,C++14 (GCC 6-32),WRONG_ANSWER,2640,1513700340,PoIar_,CONTESTANT,PRETESTS,1,0,2662400
902,C,33428301,C++14 (GCC 6-32),WRONG_ANSWER,3991,1513701691,PoIar_,CONTESTANT,PRETESTS,1,15,2662400
902,C,33429051,C++14 (GCC 6-32),TIME_LIMIT_EXCEEDED,4298,1513701998,PoIar_,CONTESTANT,TESTS,15,2000,17408000
902,A,33421913,GNU C++11,OK,1970,1513699670,Polin,CONTESTANT,TESTS,55,31,2048000
902,A,33412652,GNU C++11,OK,162,1513697862,Pollux,CONTESTANT,TESTS,55,31,2048000
902,B,33415111,GNU C++11,OK,662,1513698362,Pollux,CONTESTANT,TESTS,50,46,26316800
902,C,33421320,GNU C++11,WRONG_ANSWER,1824,1513699524,Pollux,CONTESTANT,PRETESTS,4,15,10035200
902,C,33421849,GNU C++11,OK,1952,1513699652,Pollux,CONTESTANT,TESTS,45,343,10035200
902,A,33415129,C++14 (GCC 6-32),WRONG_ANSWER,665,1513698365,PolyAtomicIon,CONTESTANT,PRETESTS,5,15,1945600
902,B,33420725,C++14 (GCC 6-32),COMPILATION_ERROR,1678,1513699378,PolyAtomicIon,CONTESTANT,PRETESTS,0,0,0
902,B,33420856,C++14 (GCC 6-32),OK,1711,1513699411,PolyAtomicIon,CONTESTANT,TESTS,50,233,2457600
902,A,33422820,C++14 (GCC 6-32),WRONG_ANSWER,2214,1513699914,PolyAtomicIon,CONTESTANT,PRETESTS,5,15,1945600
902,A,33423830,C++14 (GCC 6-32),WRONG_ANSWER,2499,1513700199,PolyAtomicIon,CONTESTANT,PRETESTS,4,15,1945600
902,A,33424303,C++14 (GCC 6-32),WRONG_ANSWER,2626,1513700326,PolyAtomicIon,CONTESTANT,PRETESTS,4,15,1945600
902,A,33424551,C++14 (GCC 6-32),WRONG_ANSWER,2701,1513700401,PolyAtomicIon,CONTESTANT,PRETESTS,2,15,1945600
902,A,33425652,C++14 (GCC 6-32),WRONG_ANSWER,3038,1513700738,PolyAtomicIon,CONTESTANT,PRETESTS,0,15,1843200
902,A,33425827,C++14 (GCC 6-32),OK,3097,1513700797,PolyAtomicIon,CONTESTANT,TESTS,55,15,1945600
902,C,33432423,C++14 (GCC 6-32),WRONG_ANSWER,5826,1513703526,PolyAtomicIon,CONTESTANT,PRETESTS,4,0,2355200
902,C,33433086,C++14 (GCC 6-32),WRONG_ANSWER,6151,1513703851,PolyAtomicIon,CONTESTANT,PRETESTS,4,15,2355200
902,C,33434269,C++14 (GCC 6-32),WRONG_ANSWER,6701,1513704401,PolyAtomicIon,CONTESTANT,PRETESTS,4,15,2355200
902,C,33435512,C++14 (GCC 6-32),WRONG_ANSWER,7166,1513704866,PolyAtomicIon,CONTESTANT,PRETESTS,4,15,2355200
902,A,33415555,C++14 (GCC 6-32),WRONG_ANSWER,718,1513698429,Popov,CONTESTANT,PRETESTS,2,15,1945600
902,A,33416904,C++14 (GCC 6-32),OK,920,1513698631,Popov,CONTESTANT,TESTS,55,15,1945600
902,A,33423652,C++14 (GCC 6-32),OK,2446,1513700146,Posiadacz,CONTESTANT,TESTS,55,15,1945600
902,B,33428554,C++14 (GCC 6-32),OK,4097,1513701797,Posiadacz,CONTESTANT,TESTS,50,108,2252800
902,A,33419290,C++14 (GCC 6-32),WRONG_ANSWER,1365,1513699065,PossibleJ,CONTESTANT,PRETESTS,2,0,1843200
902,A,33424488,C++14 (GCC 6-32),WRONG_ANSWER,2685,1513700385,PossibleJ,CONTESTANT,PRETESTS,5,15,2048000
902,A,33414991,C++14 (GCC 6-32),OK,634,1513698345,Powerslave,CONTESTANT,TESTS,55,15,1945600
902,B,33417254,C++14 (GCC 6-32),OK,980,1513698691,Powerslave,CONTESTANT,TESTS,50,31,2457600
902,C,33421532,C++14 (GCC 6-32),WRONG_ANSWER,1865,1513699576,Powerslave,CONTESTANT,PRETESTS,1,0,2252800
902,C,33422523,C++14 (GCC 6-32),WRONG_ANSWER,2121,1513699832,Powerslave,CONTESTANT,PRETESTS,1,15,2252800
902,C,33422777,C++14 (GCC 6-32),OK,2194,1513699904,Powerslave,CONTESTANT,TESTS,45,78,2252800
902,D,33424737,C++14 (GCC 6-32),WRONG_ANSWER,2742,1513700453,Powerslave,CONTESTANT,PRETESTS,2,15,1843200
902,D,33434798,C++14 (GCC 6-32),WRONG_ANSWER,6921,1513704632,Powerslave,CONTESTANT,PRETESTS,1,15,1843200
902,A,33420429,GNU C++,RUNTIME_ERROR,1609,1513699309,Ppro01,CONTESTANT,PRETESTS,3,15,2048000
902,A,33421659,GNU C++,RUNTIME_ERROR,1904,1513699604,Ppro01,CONTESTANT,PRETESTS,3,15,2048000
902,A,33423235,GNU C++,WRONG_ANSWER,2338,1513700038,Ppro01,CONTESTANT,PRETESTS,0,0,2048000
902,A,33423818,GNU C,COMPILATION_ERROR,2495,1513700195,Ppro01,CONTESTANT,PRETESTS,0,0,0
902,A,33428573,C++14 (GCC 6-32),WRONG_ANSWER,4104,1513701804,Pranay_07,CONTESTANT,PRETESTS,1,15,1843200
902,A,33433162,C++14 (GCC 6-32),COMPILATION_ERROR,6190,1513703890,Pranay_07,CONTESTANT,PRETESTS,0,0,0
902,A,33433725,C++14 (GCC 6-32),WRONG_ANSWER,6435,1513704135,Pranay_07,CONTESTANT,PRETESTS,4,15,1945600
902,A,33419195,Python 3,WRONG_ANSWER,1338,1513699049,Pratik_2106,CONTESTANT,PRETESTS,2,46,5529600
902,A,33420341,Python 3,WRONG_ANSWER,1586,1513699286,Pratik_2106,CONTESTANT,PRETESTS,3,62,5529600
902,A,33424649,Python 3,WRONG_ANSWER,2730,1513700430,Pratik_2106,CONTESTANT,PRETESTS,4,62,5529600
902,A,33422038,C++14 (GCC 6-32),WRONG_ANSWER,2002,1513699702,PraveshGill,CONTESTANT,TESTS,48,15,1945600
902,A,33413172,C++14 (GCC 6-32),OK,342,1513698042,PrimeG,CONTESTANT,TESTS,55,15,1945600
902,B,33418729,C++14 (GCC 6-32),OK,1248,1513698948,PrimeG,CONTESTANT,TESTS,50,15,2457600
902,C,33426238,C++14 (GCC 6-32),OK,3236,1513700936,PrimeG,CONTESTANT,TESTS,45,93,3891200
902,A,33413626,GNU C++11,OK,425,1513698125,Princ_iple,CONTESTANT,TESTS,55,15,2048000
902,B,33419149,GNU C++11,OK,1340,1513699040,Princ_iple,CONTESTANT,TESTS,50,30,2457600
902,C,33426381,GNU C++11,WRONG_ANSWER,3283,1513700983,Princ_iple,CONTESTANT,PRETESTS,1,15,14131200
902,C,33426494,GNU C++11,WRONG_ANSWER,3320,1513701020,Princ_iple,CONTESTANT,PRETESTS,3,15,14131200
902,C,33428143,GNU C++11,OK,3935,1513701635,Princ_iple,CONTESTANT,TESTS,45,234,14131200
902,A,33412726,Java 8,WRONG_ANSWER,218,1513697918,PriyamV_181,CONTESTANT,PRETESTS,2,109,37376000
902,A,33413442,Java 8,OK,393,1513698093,PriyamV_181,CONTESTANT,TESTS,55,155,37376000
902,B,33417743,Java 8,OK,1074,1513698774,PriyamV_181,CONTESTANT,TESTS,50,140,37683200
902,C,33423817,Java 8,OK,2495,1513700195,PriyamV_181,CONTESTANT,TESTS,45,187,56320000
902,A,33421433,FPC,SKIPPED,1850,1513699550,Processor,CONTESTANT,PRETESTS,8,15,1740800
902,A,33421862,FPC,OK,1956,1513699656,Processor,CONTESTANT,TESTS,55,15,1740800
902,A,33413804,GNU C++11,WRONG_ANSWER,456,1513698156,Profeeder,CONTESTANT,PRETESTS,3,15,2048000
902,A,33414349,GNU C++11,WRONG_ANSWER,542,1513698242,Profeeder,CONTESTANT,PRETESTS,3,15,2048000
902,B,33419985,GNU C++11,OK,1509,1513699209,Profeeder,CONTESTANT,TESTS,50,31,2662400
902,C,33427108,GNU C++11,WRONG_ANSWER,3546,1513701246,Profeeder,CONTESTANT,PRETESTS,7,15,2048000
902,C,33430112,GNU C++11,OK,4747,1513702447,Profeeder,CONTESTANT,TESTS,45,249,6041600
902,A,33434582,GNU C++11,OK,6835,1513704535,Profeeder,CONTESTANT,TESTS,55,15,2048000
902,A,33415183,GNU C++11,OK,673,1513698373,Professor_,CONTESTANT,TESTS,55,30,2150400
902,B,33425980,GNU C++11,OK,3145,1513700845,Professor_,CONTESTANT,TESTS,50,249,2662400
902,A,33413311,GNU C++11,OK,368,1513698068,Programmer,CONTESTANT,TESTS,55,15,2048000
902,B,33421715,GNU C++11,SKIPPED,1919,1513699619,Programmer,CONTESTANT,PRETESTS,10,31,2355200
902,B,33422353,GNU C++11,SKIPPED,2082,1513699782,Programmer,CONTESTANT,PRETESTS,10,31,2355200
902,B,33422828,GNU C++11,OK,2217,1513699917,Programmer,CONTESTANT,TESTS,50,218,2457600
902,A,33417113,C++14 (GCC 6-32),WRONG_ANSWER,965,1513698665,ProjectElon,CONTESTANT,PRETESTS,4,15,1945600
902,A,33420161,C++14 (GCC 6-32),WRONG_ANSWER,1548,1513699248,ProjectElon,CONTESTANT,PRETESTS,4,15,1945600
902,A,33421924,C++14 (GCC 6-32),WRONG_ANSWER,1973,1513699673,ProjectElon,CONTESTANT,PRETESTS,4,0,1843200
902,A,33423884,C++14 (GCC 6-32),WRONG_ANSWER,2513,1513700213,ProjectElon,CONTESTANT,PRETESTS,4,15,1843200
902,A,33419707,GNU C++11,WRONG_ANSWER,1449,1513699149,Prometey,CONTESTANT,PRETESTS,2,0,2048000
902,A,33421888,GNU C++11,COMPILATION_ERROR,1962,1513699662,Prometey,CONTESTANT,PRETESTS,0,0,0
902,A,33422270,GNU C++11,WRONG_ANSWER,2055,1513699755,Prometey,CONTESTANT,PRETESTS,2,15,2048000
902,A,33428004,GNU C++11,WRONG_ANSWER,3878,1513701578,Prometey,CONTESTANT,PRETESTS,0,15,2048000
902,A,33428217,GNU C++11,WRONG_ANSWER,3962,1513701662,Prometey,CONTESTANT,PRETESTS,1,15,2048000
902,A,33430126,GNU C++11,WRONG_ANSWER,4754,1513702454,Prometey,CONTESTANT,PRETESTS,2,15,2048000
902,A,33430529,GNU C++11,WRONG_ANSWER,4914,1513702614,Prometey,CONTESTANT,PRETESTS,1,15,2048000
902,A,33415225,C++14 (GCC 6-32),OK,680,1513698380,Proshir,CONTESTANT,TESTS,55,15,3481600
902,B,33419382,C++14 (GCC 6-32),OK,1380,1513699080,Proshir,CONTESTANT,TESTS,50,46,4505600
902,C,33424268,C++14 (GCC 6-32),WRONG_ANSWER,2614,1513700314,Proshir,CONTESTANT,PRETESTS,1,15,2662400
902,C,33424762,C++14 (GCC 6-32),WRONG_ANSWER,2762,1513700462,Proshir,CONTESTANT,PRETESTS,3,0,2662400
902,C,33425399,C++14 (GCC 6-32),OK,2961,1513700661,Proshir,CONTESTANT,TESTS,45,171,2662400
902,B,33416164,C++14 (GCC 6-32),OK,817,1513698517,Protap_Ghose,CONTESTANT,TESTS,50,46,6246400
902,A,33418358,C++14 (GCC 6-32),OK,1177,1513698877,Protap_Ghose,CONTESTANT,TESTS,55,15,1945600
902,C,33428489,C++14 (GCC 6-32),WRONG_ANSWER,4070,1513701770,Protap_Ghose,CONTESTANT,PRETESTS,1,15,2662400
902,C,33430378,C++14 (GCC 6-32),OK,4850,1513702550,Protap_Ghose,CONTESTANT,TESTS,45,140,2662400
902,A,33418836,C++14 (GCC 6-32),OK,1258,1513698969,Proventus,CONTESTANT,TESTS,55,15,1945600
902,A,33430410,MS C++,RUNTIME_ERROR,4854,1513702565,PsixOZZ,CONTESTANT,PRETESTS,2,0,2048000
902,A,33414774,Java 8,OK,608,1513698308,Psp_98,CONTESTANT,TESTS,55,140,21299200
902,B,33421648,Java 8,OK,1902,1513699602,Psp_98,CONTESTANT,TESTS,50,140,21299200
902,C,33430214,Java 8,WRONG_ANSWER,4785,1513702485,Psp_98,CONTESTANT,PRETESTS,4,109,21299200
902,C,33431196,Java 8,WRONG_ANSWER,5214,1513702914,Psp_98,CONTESTANT,PRETESTS,4,124,21299200
902,C,33433970,Java 8,WRONG_ANSWER,6563,1513704263,Psp_98,CONTESTANT,PRETESTS,4,124,21299200
902,A,33418422,C++14 (GCC 6-32),OK,1189,1513698889,Psychedelic,CONTESTANT,TESTS,55,15,2252800
902,B,33428151,C++14 (GCC 6-32),OK,3937,1513701637,Psychedelic,CONTESTANT,TESTS,50,15,2560000
902,A,33420176,Java 8,WRONG_ANSWER,1551,1513699251,Pulkit1503,CONTESTANT,TESTS,47,156,21094400
902,B,33431148,Java 8,TIME_LIMIT_EXCEEDED,5191,1513702891,Pulkit1503,CONTESTANT,TESTS,24,1000,21196800
902,A,33413942,C++14 (GCC 6-32),OK,478,1513698178,Purple2023,CONTESTANT,TESTS,55,15,1945600
902,B,33425000,C++14 (GCC 6-32),WRONG_ANSWER,2830,1513700530,Purple2023,CONTESTANT,PRETESTS,7,30,2764800
902,B,33425406,C++14 (GCC 6-32),OK,2963,1513700663,Purple2023,CONTESTANT,TESTS,50,234,2867200
902,C,33429311,C++14 (GCC 6-32),OK,4402,1513702102,Purple2023,CONTESTANT,TESTS,45,140,2662400
902,D,33434948,Python 3,WRONG_ANSWER,6985,1513704685,Purple2023,CONTESTANT,PRETESTS,4,62,5529600
902,A,33412767,C++14 (GCC 6-32),OK,235,1513697935,PurpleGuy,CONTESTANT,TESTS,55,15,1945600
902,B,33421263,C++14 (GCC 6-32),OK,1810,1513699510,PurpleGuy,CONTESTANT,TESTS,50,15,2457600
902,C,33430163,C++14 (GCC 6-32),OK,4769,1513702469,PurpleGuy,CONTESTANT,TESTS,45,93,5222400
902,A,33421172,GNU C++11,WRONG_ANSWER,1787,1513699487,Pyra,CONTESTANT,PRETESTS,3,15,1843200
902,A,33425486,GNU C++11,WRONG_ANSWER,2986,1513700686,Pyra,CONTESTANT,TESTS,54,15,1843200
902,A,33418456,GNU C,WRONG_ANSWER,1195,1513698895,Pythagoras_28,CONTESTANT,PRETESTS,2,15,1843200
902,A,33419084,GNU C,WRONG_ANSWER,1328,1513699028,Pythagoras_28,CONTESTANT,PRETESTS,2,15,1843200
902,A,33419634,GNU C,WRONG_ANSWER,1436,1513699136,Pythagoras_28,CONTESTANT,PRETESTS,2,0,1843200
902,A,33414992,C++14 (GCC 6-32),OK,645,1513698345,Python3,CONTESTANT,TESTS,55,15,2150400
902,B,33423344,C++14 (GCC 6-32),WRONG_ANSWER,2363,1513700063,Python3,CONTESTANT,PRETESTS,6,15,4096000
902,B,33427345,C++14 (GCC 6-32),OK,3641,1513701341,Python3,CONTESTANT,TESTS,50,31,4198400
902,A,33415319,GNU C++,OK,694,1513698394,QYP_2002,CONTESTANT,TESTS,55,15,2048000
902,C,33416215,GNU C++,OK,823,1513698523,QYP_2002,CONTESTANT,TESTS,45,93,5324800
902,B,33421305,GNU C++,OK,1821,1513699521,QYP_2002,CONTESTANT,TESTS,50,218,2662400
902,D,33423071,GNU C++,WRONG_ANSWER,2281,1513699981,QYP_2002,CONTESTANT,PRETESTS,2,15,2048000
902,D,33432303,GNU C++,WRONG_ANSWER,5765,1513703465,QYP_2002,CONTESTANT,PRETESTS,7,15,2048000
902,A,33417516,C++14 (GCC 6-32),WRONG_ANSWER,1034,1513698734,QuatreB,CONTESTANT,PRETESTS,2,15,1843200
902,A,33420489,C++14 (GCC 6-32),WRONG_ANSWER,1622,1513699322,QuatreB,CONTESTANT,PRETESTS,2,15,1843200
902,A,33423838,C++14 (GCC 6-32),WRONG_ANSWER,2500,1513700200,QuatreB,CONTESTANT,PRETESTS,2,0,1945600
902,A,33413070,GNU C++11,WRONG_ANSWER,323,1513698023,Qudrat_Ibadullayev,CONTESTANT,PRETESTS,3,15,10035200
902,A,33415508,GNU C++11,WRONG_ANSWER,723,1513698423,Qudrat_Ibadullayev,CONTESTANT,PRETESTS,2,15,26112000
902,A,33416944,GNU C++11,OK,936,1513698636,Qudrat_Ibadullayev,CONTESTANT,TESTS,55,15,10035200
902,B,33420030,GNU C++11,OK,1519,1513699219,Qudrat_Ibadullayev,CONTESTANT,TESTS,50,15,22425600
902,C,33427925,GNU C++11,OK,3849,1513701549,Qudrat_Ibadullayev,CONTESTANT,TESTS,45,249,46182400
902,A,33416965,Java 8,WRONG_ANSWER,939,1513698639,Qudratxoja.Musayev,CONTESTANT,PRETESTS,2,155,20992000
902,A,33420195,Java 8,WRONG_ANSWER,1557,1513699257,Qudratxoja.Musayev,CONTESTANT,PRETESTS,2,155,20992000
902,A,33422722,Java 8,WRONG_ANSWER,2188,1513699888,Qudratxoja.Musayev,CONTESTANT,PRETESTS,2,124,20992000
902,A,33429282,Java 8,WRONG_ANSWER,4391,1513702091,Qudratxoja.Musayev,CONTESTANT,PRETESTS,2,124,20992000
902,A,33413617,GNU C++11,WRONG_ANSWER,424,1513698124,Quid,CONTESTANT,PRETESTS,2,15,2048000
902,A,33414190,GNU C++11,OK,517,1513698217,Quid,CONTESTANT,TESTS,55,15,2048000
902,B,33423308,GNU C++11,OK,2352,1513700052,Quid,CONTESTANT,TESTS,50,62,2662400
902,C,33427640,GNU C++11,WRONG_ANSWER,3743,1513701443,Quid,CONTESTANT,PRETESTS,4,15,2048000
902,C,33429389,GNU C++11,WRONG_ANSWER,4434,1513702134,Quid,CONTESTANT,PRETESTS,4,15,2048000
902,C,33429926,GNU C++11,OK,4662,1513702362,Quid,CONTESTANT,TESTS,45,312,4096000
902,A,33417518,MS C++,WRONG_ANSWER,1034,1513698734,Qwe-Team,CONTESTANT,PRETESTS,2,0,2048000
902,A,33417864,MS C++,OK,1096,1513698796,Qwe-Team,CONTESTANT,TESTS,55,15,2048000
902,B,33425696,MS C++,WRONG_ANSWER,3056,1513700756,Qwe-Team,CONTESTANT,PRETESTS,9,15,2662400
902,B,33427103,MS C++,OK,3544,1513701244,Qwe-Team,CONTESTANT,TESTS,50,31,2764800
902,A,33424309,GNU C++,CHALLENGED,2627,1513700327,QwinoX,CONTESTANT,CHALLENGES,8,15,2048000
902,A,33432203,GNU C++,CHALLENGED,5713,1513703413,QwinoX,CONTESTANT,CHALLENGES,8,15,2048000
902,B,33433586,GNU C++,OK,6375,1513704075,QwinoX,CONTESTANT,TESTS,50,234,2560000
902,A,33415377,GNU C++11,OK,703,1513698403,R1sen,CONTESTANT,TESTS,55,15,2048000
902,A,33413057,C++14 (GCC 6-32),OK,310,1513698021,R2__D2,CONTESTANT,TESTS,55,15,1945600
902,B,33419732,C++14 (GCC 6-32),OK,1443,1513699154,R2__D2,CONTESTANT,TESTS,50,30,3481600
902,C,33428107,C++14 (GCC 6-32),WRONG_ANSWER,3909,1513701619,R2__D2,CONTESTANT,PRETESTS,1,15,5939200
902,C,33428817,C++14 (GCC 6-32),OK,4195,1513701906,R2__D2,CONTESTANT,TESTS,45,78,8806400
902,A,33417780,GNU C++17 Diagnostics,WRONG_ANSWER,1070,1513698781,RChandran24,CONTESTANT,PRETESTS,0,764,98406400
902,A,33421208,GNU C++17 Diagnostics,WRONG_ANSWER,1786,1513699496,RChandran24,CONTESTANT,PRETESTS,2,810,100249600
902,A,33423123,GNU C++17 Diagnostics,WRONG_ANSWER,2290,1513700000,RChandran24,CONTESTANT,PRETESTS,4,779,99225600
902,A,33435457,GNU C++17 Diagnostics,WRONG_ANSWER,7142,1513704852,RChandran24,CONTESTANT,PRETESTS,0,764,98201600
902,A,33424576,Java 8,WRONG_ANSWER,2708,1513700408,REDOANULRONI,CONTESTANT,PRETESTS,3,140,20992000
902,A,33427490,Java 8,WRONG_ANSWER,3690,1513701390,REDOANULRONI,CONTESTANT,PRETESTS,3,155,20992000
902,A,33430819,Java 8,OK,5043,1513702743,REDOANULRONI,CONTESTANT,TESTS,55,156,21094400
902,A,33419228,GNU C++,OK,1357,1513699057,RED_INSIDE,CONTESTANT,TESTS,55,15,2048000
902,B,33422938,GNU C++,OK,2245,1513699945,RED_INSIDE,CONTESTANT,TESTS,50,31,2252800
902,C,33428196,GNU C++,WRONG_ANSWER,3955,1513701655,RED_INSIDE,CONTESTANT,PRETESTS,4,15,3276800
902,C,33428959,GNU C++,OK,4263,1513701963,RED_INSIDE,CONTESTANT,TESTS,45,264,3276800
902,A,33415344,C++14 (GCC 6-32),OK,697,1513698397,RKS_The_Great,CONTESTANT,TESTS,55,15,1945600
902,B,33423965,C++14 (GCC 6-32),OK,2537,1513700237,RKS_The_Great,CONTESTANT,TESTS,50,15,2457600
902,C,33432931,C++14 (GCC 6-32),OK,6079,1513703779,RKS_The_Great,CONTESTANT,TESTS,45,109,2252800
902,A,33418765,GNU C++,WRONG_ANSWER,1255,1513698955,RKTBNY,CONTESTANT,PRETESTS,2,15,2048000
902,A,33419570,GNU C++,WRONG_ANSWER,1426,1513699126,RKTBNY,CONTESTANT,PRETESTS,2,15,2048000
902,A,33419854,GNU C++,WRONG_ANSWER,1478,1513699178,RKTBNY,CONTESTANT,PRETESTS,2,15,2048000
902,A,33421492,GNU C++,OK,1868,1513699568,RKTBNY,CONTESTANT,TESTS,55,15,2048000
902,A,33415496,GNU C++11,OK,721,1513698421,RMSZ005,CONTESTANT,TESTS,55,15,2048000
902,B,33419159,GNU C++11,WRONG_ANSWER,1342,1513699043,RMSZ005,CONTESTANT,PRETESTS,9,31,2355200
902,B,33420515,C++14 (GCC 6-32),OK,1630,1513699330,RMSZ005,CONTESTANT,TESTS,50,46,2457600
902,C,33426152,C++14 (GCC 6-32),OK,3205,1513700905,RMSZ005,CONTESTANT,TESTS,45,155,11878400
902,A,33413109,GNU C++11,WRONG_ANSWER,332,1513698032,RNR,CONTESTANT,PRETESTS,1,15,2150400
902,A,33414653,GNU C++11,OK,590,1513698290,RNR,CONTESTANT,TESTS,55,15,2150400
902,B,33424870,GNU C++11,OK,2790,1513700490,RNR,CONTESTANT,TESTS,50,30,3072000
902,C,33429978,GNU C++11,OK,4686,1513702386,RNR,CONTESTANT,TESTS,45,108,2867200
902,A,33414672,C++14 (GCC 6-32),WRONG_ANSWER,592,1513698292,RTA,CONTESTANT,PRETESTS,2,0,1945600
902,A,33417952,C++14 (GCC 6-32),COMPILATION_ERROR,1109,1513698809,RTA,CONTESTANT,PRETESTS,0,0,0
902,A,33418558,C++14 (GCC 6-32),WRONG_ANSWER,1215,1513698915,RTA,CONTESTANT,PRETESTS,2,0,1945600
902,A,33423988,C++14 (GCC 6-32),WRONG_ANSWER,2542,1513700242,RTA,CONTESTANT,PRETESTS,2,15,1945600
902,A,33426212,C++14 (GCC 6-32),WRONG_ANSWER,3227,1513700927,RTA,CONTESTANT,PRETESTS,2,15,1945600
902,A,33429217,C++14 (GCC 6-32),CHALLENGED,4364,1513702064,RTA,CONTESTANT,CHALLENGES,8,15,1945600
902,A,33431178,C++14 (GCC 6-32),WRONG_ANSWER,5206,1513702906,RTA,CONTESTANT,PRETESTS,1,0,1843200
902,A,33432418,C++14 (GCC 6-32),WRONG_ANSWER,5824,1513703524,RTA,CONTESTANT,PRETESTS,2,0,1843200
902,A,33432685,C++14 (GCC 6-32),WRONG_ANSWER,5956,1513703656,RTA,CONTESTANT,PRETESTS,2,15,1945600
902,A,33433345,C++14 (GCC 6-32),WRONG_ANSWER,6271,1513703971,RTA,CONTESTANT,PRETESTS,2,15,1945600
902,A,33434113,C++14 (GCC 6-32),COMPILATION_ERROR,6631,1513704331,RTA,CONTESTANT,PRETESTS,0,0,0
902,A,33434159,C++14 (GCC 6-32),OK,6650,1513704350,RTA,CONTESTANT,TESTS,55,15,1945600
902,A,33416884,GNU C++11,RUNTIME_ERROR,927,1513698627,RUDRA_DAS,CONTESTANT,PRETESTS,4,15,2048000
902,A,33417211,GNU C++11,WRONG_ANSWER,984,1513698684,RUDRA_DAS,CONTESTANT,PRETESTS,4,15,2048000
902,A,33421678,GNU C++11,OK,1909,1513699609,RUDRA_DAS,CONTESTANT,TESTS,55,15,2048000
902,B,33433080,GNU C++11,WRONG_ANSWER,6149,1513703849,RUDRA_DAS,CONTESTANT,PRETESTS,2,15,2048000
902,B,33434403,GNU C++11,OK,6757,1513704457,RUDRA_DAS,CONTESTANT,TESTS,50,405,2457600
902,A,33412787,C++14 (GCC 6-32),OK,245,1513697945,RVyrodov,CONTESTANT,TESTS,55,15,1945600
902,B,33415364,C++14 (GCC 6-32),OK,701,1513698401,RVyrodov,CONTESTANT,TESTS,50,31,2560000
902,C,33423780,C++14 (GCC 6-32),WRONG_ANSWER,2488,1513700188,RVyrodov,CONTESTANT,PRETESTS,3,15,2662400
902,C,33426062,C++14 (GCC 6-32),WRONG_ANSWER,3175,1513700875,RVyrodov,CONTESTANT,PRETESTS,1,15,2662400
902,C,33426384,C++14 (GCC 6-32),WRONG_ANSWER,3286,1513700986,RVyrodov,CONTESTANT,PRETESTS,12,77,2662400
902,C,33428409,C++14 (GCC 6-32),WRONG_ANSWER,4038,1513701738,RVyrodov,CONTESTANT,PRETESTS,1,15,2662400
902,C,33428813,C++14 (GCC 6-32),WRONG_ANSWER,4204,1513701904,RVyrodov,CONTESTANT,PRETESTS,12,78,2662400
902,C,33429054,C++14 (GCC 6-32),WRONG_ANSWER,4299,1513701999,RVyrodov,CONTESTANT,PRETESTS,1,0,2662400
902,C,33430267,C++14 (GCC 6-32),WRONG_ANSWER,4806,1513702506,RVyrodov,CONTESTANT,PRETESTS,12,77,2662400
902,A,33416567,GNU C++,WRONG_ANSWER,879,1513698579,R_Hasan,CONTESTANT,PRETESTS,2,15,2048000
902,A,33418523,GNU C++,WRONG_ANSWER,1208,1513698908,R_Hasan,CONTESTANT,PRETESTS,2,0,2048000
902,A,33421869,GNU C++,WRONG_ANSWER,1957,1513699657,R_Hasan,CONTESTANT,PRETESTS,2,0,2048000
902,A,33412794,GNU C++11,WRONG_ANSWER,238,1513697948,RaBeka,CONTESTANT,PRETESTS,2,15,3276800
902,A,33413131,GNU C++11,WRONG_ANSWER,327,1513698037,RaBeka,CONTESTANT,PRETESTS,2,15,3276800
902,A,33413425,GNU C++11,WRONG_ANSWER,379,1513698090,RaBeka,CONTESTANT,PRETESTS,2,15,3276800
902,A,33415842,C++14 (GCC 6-32),OK,759,1513698469,RaBeka,CONTESTANT,TESTS,55,15,3072000
902,B,33420735,GNU C++11,OK,1670,1513699381,RaBeka,CONTESTANT,TESTS,50,202,4710400
902,C,33429945,GNU C++11,TIME_LIMIT_EXCEEDED,4661,1513702372,RaBeka,CONTESTANT,TESTS,13,2000,5120000
902,A,33413901,C++14 (GCC 6-32),WRONG_ANSWER,471,1513698171,Radon12,CONTESTANT,PRETESTS,4,15,1945600
902,A,33417303,C++14 (GCC 6-32),WRONG_ANSWER,999,1513698699,Radon12,CONTESTANT,PRETESTS,4,15,1945600
902,A,33419849,C++14 (GCC 6-32),OK,1477,1513699177,Radon12,CONTESTANT,TESTS,55,15,1945600
902,B,33423648,C++14 (GCC 6-32),OK,2445,1513700145,Radon12,CONTESTANT,TESTS,50,31,2662400
902,C,33430710,C++14 (GCC 6-32),OK,5000,1513702700,Radon12,CONTESTANT,TESTS,45,78,3481600
902,A,33412736,C++14 (GCC 6-32),OK,221,1513697921,Rafaaaaaaaaaaaam,CONTESTANT,TESTS,55,15,2252800
902,B,33415560,C++14 (GCC 6-32),WRONG_ANSWER,729,1513698429,Rafaaaaaaaaaaaam,CONTESTANT,PRETESTS,4,15,3891200
902,B,33416950,C++14 (GCC 6-32),OK,937,1513698637,Rafaaaaaaaaaaaam,CONTESTANT,TESTS,50,31,4198400
902,C,33423018,C++14 (GCC 6-32),OK,2265,1513699965,Rafaaaaaaaaaaaam,CONTESTANT,TESTS,45,93,2662400
902,E,33429659,C++14 (GCC 6-32),WRONG_ANSWER,4554,1513702254,Rafaaaaaaaaaaaam,CONTESTANT,PRETESTS,3,545,21094400
902,E,33432340,C++14 (GCC 6-32),WRONG_ANSWER,5783,1513703483,Rafaaaaaaaaaaaam,CONTESTANT,PRETESTS,3,514,19251200
902,E,33432880,C++14 (GCC 6-32),OK,6057,1513703757,Rafaaaaaaaaaaaam,CONTESTANT,TESTS,59,654,23961600
902,A,33414029,C++14 (GCC 6-32),WRONG_ANSWER,492,1513698192,Rafaelcs,CONTESTANT,PRETESTS,3,15,1843200
902,A,33415199,C++14 (GCC 6-32),WRONG_ANSWER,676,1513698376,Rafaelcs,CONTESTANT,PRETESTS,3,15,1843200
902,A,33416749,C++14 (GCC 6-32),OK,907,1513698607,Rafaelcs,CONTESTANT,TESTS,55,15,1945600
902,B,33421919,C++14 (GCC 6-32),OK,1971,1513699671,Rafaelcs,CONTESTANT,TESTS,50,280,4710400
902,C,33426784,C++14 (GCC 6-32),OK,3428,1513701128,Rafaelcs,CONTESTANT,TESTS,45,93,2252800
902,A,33414660,GNU C++11,WRONG_ANSWER,590,1513698290,Rafee,CONTESTANT,PRETESTS,2,15,2662400
902,A,33418398,GNU C++11,WRONG_ANSWER,1184,1513698884,Rafee,CONTESTANT,PRETESTS,2,15,2662400
902,A,33420261,GNU C++11,WRONG_ANSWER,1571,1513699271,Rafee,CONTESTANT,PRETESTS,2,15,2662400
902,A,33421486,GNU C++11,WRONG_ANSWER,1865,1513699565,Rafee,CONTESTANT,PRETESTS,2,15,2662400
902,A,33423677,GNU C++11,CHALLENGED,2456,1513700156,Rafee,CONTESTANT,CHALLENGES,8,15,2662400
902,A,33420011,C++14 (GCC 6-32),SKIPPED,1515,1513699215,Rafiqul01,CONTESTANT,PRETESTS,8,15,1945600
902,A,33420571,C++14 (GCC 6-32),OK,1642,1513699342,Rafiqul01,CONTESTANT,TESTS,55,15,1945600
902,B,33426466,C++14 (GCC 6-32),OK,3310,1513701010,Rafiqul01,CONTESTANT,TESTS,50,30,2457600
902,A,33415557,C++14 (GCC 6-32),OK,729,1513698429,Ragapt123,CONTESTANT,TESTS,55,15,2252800
902,B,33423349,C++14 (GCC 6-32),OK,2364,1513700064,Ragapt123,CONTESTANT,TESTS,50,46,2764800
902,C,33428537,C++14 (GCC 6-32),WRONG_ANSWER,4093,1513701793,Ragapt123,CONTESTANT,PRETESTS,1,15,6246400
902,C,33429410,C++14 (GCC 6-32),WRONG_ANSWER,4444,1513702144,Ragapt123,CONTESTANT,PRETESTS,3,15,6246400
902,C,33429542,C++14 (GCC 6-32),WRONG_ANSWER,4506,1513702206,Ragapt123,CONTESTANT,PRETESTS,3,15,12697600
902,C,33430420,C++14 (GCC 6-32),WRONG_ANSWER,4868,1513702568,Ragapt123,CONTESTANT,PRETESTS,4,0,9113600
902,C,33431538,C++14 (GCC 6-32),OK,5380,1513703080,Ragapt123,CONTESTANT,TESTS,45,171,7475200
902,A,33415049,C++14 (GCC 6-32),OK,653,1513698353,Ragha1,CONTESTANT,TESTS,55,15,1945600
902,B,33420719,C++14 (GCC 6-32),OK,1677,1513699377,Ragha1,CONTESTANT,TESTS,50,46,2560000
902,C,33428292,C++14 (GCC 6-32),OK,3988,1513701688,Ragha1,CONTESTANT,TESTS,45,155,2355200
902,D,33433310,C++14 (GCC 6-32),WRONG_ANSWER,6253,1513703953,Ragha1,CONTESTANT,PRETESTS,6,15,1945600
902,A,33416080,C++14 (GCC 6-32),OK,803,1513698503,Ragwave,CONTESTANT,TESTS,55,15,1945600
902,B,33424587,C++14 (GCC 6-32),OK,2711,1513700411,Ragwave,CONTESTANT,TESTS,50,234,2662400
902,A,33420657,C++14 (GCC 6-32),WRONG_ANSWER,1663,1513699363,RahatRizviRahman,CONTESTANT,PRETESTS,4,15,1945600
902,A,33413755,C++14 (GCC 6-32),WRONG_ANSWER,447,1513698147,RaifAkhmedshin,CONTESTANT,PRETESTS,4,15,3481600
902,A,33414415,C++14 (GCC 6-32),WRONG_ANSWER,554,1513698254,RaifAkhmedshin,CONTESTANT,PRETESTS,4,15,3481600
902,A,33415687,C++14 (GCC 6-32),OK,746,1513698446,RaifAkhmedshin,CONTESTANT,TESTS,55,31,3481600
902,B,33418086,C++14 (GCC 6-32),OK,1130,1513698830,RaifAkhmedshin,CONTESTANT,TESTS,50,15,4300800
902,C,33427775,C++14 (GCC 6-32),WRONG_ANSWER,3795,1513701495,RaifAkhmedshin,CONTESTANT,PRETESTS,1,15,2252800
902,C,33428167,C++14 (GCC 6-32),WRONG_ANSWER,3944,1513701644,RaifAkhmedshin,CONTESTANT,PRETESTS,3,15,2252800
902,C,33429042,C++14 (GCC 6-32),WRONG_ANSWER,4296,1513701996,RaifAkhmedshin,CONTESTANT,TESTS,13,15,2252800
902,A,33430321,C++14 (GCC 6-32),WRONG_ANSWER,4819,1513702529,Raihanur_R,CONTESTANT,PRETESTS,3,15,1843200
902,A,33431469,C++14 (GCC 6-32),WRONG_ANSWER,5337,1513703047,Raihanur_R,CONTESTANT,PRETESTS,3,15,1945600
902,A,33431863,C++14 (GCC 6-32),WRONG_ANSWER,5541,1513703252,Raihanur_R,CONTESTANT,PRETESTS,3,15,1945600
902,A,33432920,C++14 (GCC 6-32),WRONG_ANSWER,6064,1513703775,Raihanur_R,CONTESTANT,TESTS,41,15,1945600
902,A,33422194,C++14 (GCC 6-32),WRONG_ANSWER,2036,1513699736,Rainhunter,CONTESTANT,PRETESTS,0,0,1843200
902,A,33423005,C++14 (GCC 6-32),WRONG_ANSWER,2260,1513699960,Rainhunter,CONTESTANT,PRETESTS,4,0,1945600
902,A,33424543,C++14 (GCC 6-32),WRONG_ANSWER,2699,1513700399,Rainhunter,CONTESTANT,PRETESTS,4,15,1945600
902,A,33427078,C++14 (GCC 6-32),WRONG_ANSWER,3537,1513701237,Rainhunter,CONTESTANT,PRETESTS,4,15,1945600
902,A,33429616,C++14 (GCC 6-32),WRONG_ANSWER,4540,1513702240,Rainhunter,CONTESTANT,PRETESTS,1,0,1945600
902,A,33414571,C++14 (GCC 6-32),WRONG_ANSWER,568,1513698279,Raivis,CONTESTANT,PRETESTS,4,15,1945600
902,A,33415455,C++14 (GCC 6-32),WRONG_ANSWER,703,1513698414,Raivis,CONTESTANT,PRETESTS,4,15,1945600
902,A,33420044,C++14 (GCC 6-32),CHALLENGED,1512,1513699222,Raivis,CONTESTANT,CHALLENGES,8,15,1945600
902,A,33421378,C++14 (GCC 6-32),OK,1826,1513699536,Raivis,CONTESTANT,TESTS,55,15,1945600
902,B,33423263,C++14 (GCC 6-32),OK,2333,1513700044,Raivis,CONTESTANT,TESTS,50,31,2662400
902,C,33429582,C++14 (GCC 6-32),WRONG_ANSWER,4512,1513702223,Raivis,CONTESTANT,PRETESTS,3,0,2662400
902,C,33429939,C++14 (GCC 6-32),WRONG_ANSWER,4657,1513702368,Raivis,CONTESTANT,PRETESTS,3,15,2662400
902,C,33432466,C++14 (GCC 6-32),OK,5835,1513703546,Raivis,CONTESTANT,TESTS,45,171,2662400
902,A,33417334,GNU C++11,OK,1003,1513698703,RajShekhar,CONTESTANT,TESTS,55,15,2048000
902,A,33414315,C++14 (GCC 6-32),WRONG_ANSWER,536,1513698236,Rajan_sust,CONTESTANT,PRETESTS,5,15,1945600
902,A,33415134,C++14 (GCC 6-32),WRONG_ANSWER,665,1513698365,Rajan_sust,CONTESTANT,PRETESTS,5,15,1945600
902,A,33420034,C++14 (GCC 6-32),WRONG_ANSWER,1520,1513699220,Rajan_sust,CONTESTANT,PRETESTS,4,15,1945600
902,A,33423490,C++14 (GCC 6-32),WRONG_ANSWER,2402,1513700102,Rajan_sust,CONTESTANT,PRETESTS,4,15,1945600
902,A,33425444,C++14 (GCC 6-32),WRONG_ANSWER,2973,1513700673,Rajan_sust,CONTESTANT,PRETESTS,4,15,1945600
902,A,33428737,C++14 (GCC 6-32),WRONG_ANSWER,4175,1513701875,Rajan_sust,CONTESTANT,PRETESTS,4,15,1945600
902,B,33432197,C++14 (GCC 6-32),OK,5711,1513703411,Rajan_sust,CONTESTANT,TESTS,50,46,4710400
902,A,33418169,GNU C++11,WRONG_ANSWER,1133,1513698844,Rajat_Tyagi,CONTESTANT,PRETESTS,5,15,2048000
902,B,33425604,GNU C++11,OK,3014,1513700724,Rajat_Tyagi,CONTESTANT,TESTS,50,31,2867200
902,A,33428274,GNU C++11,OK,3972,1513701682,Rajat_Tyagi,CONTESTANT,TESTS,55,31,2048000
902,C,33434424,GNU C++11,WRONG_ANSWER,6756,1513704466,Rajat_Tyagi,CONTESTANT,PRETESTS,1,15,3686400
902,C,33435678,GNU C++11,WRONG_ANSWER,7187,1513704898,Rajat_Tyagi,CONTESTANT,PRETESTS,3,15,3686400
902,A,33416251,C++14 (GCC 6-32),WRONG_ANSWER,828,1513698528,Rajdeep,CONTESTANT,TESTS,47,15,1945600
902,B,33421826,C++14 (GCC 6-32),OK,1947,1513699647,Rajdeep,CONTESTANT,TESTS,50,46,2457600
902,C,33428925,C++14 (GCC 6-32),OK,4247,1513701947,Rajdeep,CONTESTANT,TESTS,45,140,2662400
902,A,33414620,GNU C++11,OK,585,1513698285,Rajib_119,CONTESTANT,TESTS,55,15,3276800
902,B,33418338,GNU C++11,OK,1174,1513698874,Rajib_119,CONTESTANT,TESTS,50,31,4403200
902,C,33427624,GNU C++11,WRONG_ANSWER,3739,1513701439,Rajib_119,CONTESTANT,PRETESTS,1,15,2867200
902,C,33428656,GNU C++11,WRONG_ANSWER,4143,1513701843,Rajib_119,CONTESTANT,PRETESTS,3,15,3686400
902,C,33429331,GNU C++11,WRONG_ANSWER,4410,1513702110,Rajib_119,CONTESTANT,PRETESTS,3,0,3686400
902,C,33429847,GNU C++11,OK,4631,1513702331,Rajib_119,CONTESTANT,TESTS,45,109,3686400
902,A,33426920,GNU C++11,WRONG_ANSWER,3477,1513701177,Rakib_RS,CONTESTANT,PRETESTS,5,15,2048000
902,A,33428076,GNU C++11,WRONG_ANSWER,3904,1513701604,Rakib_RS,CONTESTANT,PRETESTS,5,15,2048000
902,A,33429348,GNU C++11,CHALLENGED,4418,1513702118,Rakib_RS,CONTESTANT,CHALLENGES,8,15,2048000
902,A,33426282,GNU C++11,WRONG_ANSWER,3248,1513700948,Rakibul6636,CONTESTANT,PRETESTS,2,15,2048000
902,A,33420659,GNU C,COMPILATION_ERROR,1663,1513699363,Rakibul_Islam_CoU,CONTESTANT,PRETESTS,0,0,0
902,A,33420740,C++14 (GCC 6-32),WRONG_ANSWER,1682,1513699382,Rakibul_Islam_CoU,CONTESTANT,PRETESTS,2,15,1945600
902,A,33423833,C++14 (GCC 6-32),WRONG_ANSWER,2499,1513700199,Rakibul_Islam_CoU,CONTESTANT,PRETESTS,2,15,1945600
902,A,33435073,C++14 (GCC 6-32),OK,7026,1513704726,Rakibul_Islam_CoU,CONTESTANT,TESTS,55,15,1945600
902,A,33418152,Java 8,WRONG_ANSWER,1141,1513698841,Raptor,CONTESTANT,PRETESTS,2,124,20992000
902,A,33413884,C++14 (GCC 6-32),OK,457,1513698168,Rashedul_Alam,CONTESTANT,TESTS,55,15,1945600
902,B,33425840,C++14 (GCC 6-32),WRONG_ANSWER,3092,1513700802,Rashedul_Alam,CONTESTANT,PRETESTS,2,15,2252800
902,B,33426486,C++14 (GCC 6-32),WRONG_ANSWER,3307,1513701018,Rashedul_Alam,CONTESTANT,PRETESTS,2,15,2252800
902,B,33431442,C++14 (GCC 6-32),OK,5318,1513703028,Rashedul_Alam,CONTESTANT,TESTS,50,15,2764800
902,A,33429361,GNU C++11,WRONG_ANSWER,4422,1513702122,Ratata,CONTESTANT,PRETESTS,0,0,2048000
902,A,33430827,GNU C++11,WRONG_ANSWER,5046,1513702746,Ratata,CONTESTANT,PRETESTS,1,15,2048000
902,A,33421831,GNU C++11,OK,1948,1513699648,Rayhan,CONTESTANT,TESTS,55,15,2150400
902,A,33413247,C++14 (GCC 6-32),WRONG_ANSWER,358,1513698058,Raynius,CONTESTANT,PRETESTS,3,0,1945600
902,A,33414492,C++14 (GCC 6-32),OK,565,1513698265,Raynius,CONTESTANT,TESTS,55,15,1945600
902,B,33418452,C++14 (GCC 6-32),OK,1194,1513698894,Raynius,CONTESTANT,TESTS,50,46,2457600
902,C,33424382,C++14 (GCC 6-32),OK,2648,1513700348,Raynius,CONTESTANT,TESTS,45,155,4096000
902,E,33434451,C++14 (GCC 6-32),MEMORY_LIMIT_EXCEEDED,6778,1513704478,Raynius,CONTESTANT,PRETESTS,2,857,268390400
902,A,33420660,GNU C++11,OK,1663,1513699363,Razzoqberdiyev_Alisher,CONTESTANT,TESTS,55,31,2048000
902,A,33414683,C++14 (GCC 6-32),OK,593,1513698293,Re1nth,CONTESTANT,TESTS,55,15,2150400
902,B,33421432,C++14 (GCC 6-32),OK,1850,1513699550,Re1nth,CONTESTANT,TESTS,50,31,2560000
902,C,33427855,C++14 (GCC 6-32),WRONG_ANSWER,3822,1513701522,Re1nth,CONTESTANT,PRETESTS,1,15,2662400
902,C,33429108,C++14 (GCC 6-32),OK,4322,1513702022,Re1nth,CONTESTANT,TESTS,45,78,2662400
902,A,33420570,GNU C++11,OK,1641,1513699341,ReZa.BN,CONTESTANT,TESTS,55,31,2048000
902,B,33430824,GNU C++11,TIME_LIMIT_EXCEEDED,5046,1513702746,ReZa.BN,CONTESTANT,PRETESTS,5,1000,11878400
902,B,33431977,GNU C++11,TIME_LIMIT_EXCEEDED,5604,1513703304,ReZa.BN,CONTESTANT,PRETESTS,5,1000,11878400
902,B,33432110,GNU C++11,OK,5671,1513703371,ReZa.BN,CONTESTANT,TESTS,50,46,2150400
902,A,33415762,GNU C++,OK,759,1513698459,Reast1nPeace,CONTESTANT,TESTS,55,15,2048000
902,B,33421347,GNU C++,OK,1830,1513699530,Reast1nPeace,CONTESTANT,TESTS,50,31,2560000
902,C,33430154,GNU C++,OK,4765,1513702465,Reast1nPeace,CONTESTANT,TESTS,45,155,4505600
902,A,33415073,GNU C++,WRONG_ANSWER,657,1513698357,Reayz,CONTESTANT,TESTS,47,30,2048000
902,B,33420083,GNU C++,OK,1531,1513699231,Reayz,CONTESTANT,TESTS,50,31,2560000
902,C,33434237,GNU C++,WRONG_ANSWER,6687,1513704387,Reayz,CONTESTANT,PRETESTS,1,0,2867200
902,C,33434932,GNU C++,WRONG_ANSWER,6979,1513704679,Reayz,CONTESTANT,PRETESTS,1,0,2867200
902,A,33418781,MS C++,OK,1248,1513698958,Redisko,CONTESTANT,TESTS,55,15,2048000
902,B,33423722,MS C++,OK,2458,1513700169,Redisko,CONTESTANT,TESTS,50,31,4710400
902,A,33417659,GNU C++11,WRONG_ANSWER,1050,1513698760,Reinards,CONTESTANT,PRETESTS,2,15,2048000
902,A,33420164,GNU C++11,WRONG_ANSWER,1538,1513699249,Reinards,CONTESTANT,PRETESTS,2,15,2048000
902,A,33412999,C++14 (GCC 6-32),WRONG_ANSWER,298,1513698008,Reiva5,CONTESTANT,PRETESTS,2,15,1843200
902,A,33414077,C++14 (GCC 6-32),WRONG_ANSWER,490,1513698201,Reiva5,CONTESTANT,PRETESTS,1,0,1843200
902,A,33416064,C++14 (GCC 6-32),WRONG_ANSWER,790,1513698500,Reiva5,CONTESTANT,PRETESTS,2,15,1843200
902,A,33416883,C++14 (GCC 6-32),RUNTIME_ERROR,916,1513698627,Reiva5,CONTESTANT,PRETESTS,4,15,1843200
902,A,33417288,C++14 (GCC 6-32),OK,986,1513698696,Reiva5,CONTESTANT,TESTS,55,15,1945600
902,B,33421122,C++14 (GCC 6-32),OK,1764,1513699475,Reiva5,CONTESTANT,TESTS,50,46,2662400
902,A,33419248,GNU C++,WRONG_ANSWER,1360,1513699060,RenL,CONTESTANT,PRETESTS,2,15,2150400
902,A,33419700,GNU C++11,TIME_LIMIT_EXCEEDED,1449,1513699149,Resin,CONTESTANT,PRETESTS,2,1000,2252800
902,A,33421022,GNU C++11,OK,1751,1513699451,Resin,CONTESTANT,TESTS,55,15,2048000
902,A,33415882,C++14 (GCC 6-32),OK,774,1513698474,Resososidosila,CONTESTANT,TESTS,55,15,3379200
902,C,33426498,C++14 (GCC 6-32),OK,3322,1513701022,Resososidosila,CONTESTANT,TESTS,45,93,11264000
902,B,33429467,C++14 (GCC 6-32),OK,4471,1513702171,Resososidosila,CONTESTANT,TESTS,50,31,4403200
902,A,33413464,C++14 (GCC 6-32),WRONG_ANSWER,397,1513698097,RestingRajarshi,CONTESTANT,PRETESTS,4,15,1945600
902,A,33415023,C++14 (GCC 6-32),WRONG_ANSWER,651,1513698351,RestingRajarshi,CONTESTANT,PRETESTS,3,0,1843200
902,A,33416280,C++14 (GCC 6-32),OK,834,1513698534,RestingRajarshi,CONTESTANT,TESTS,55,15,1945600
902,B,33420994,C++14 (GCC 6-32),OK,1742,1513699442,RestingRajarshi,CONTESTANT,TESTS,50,265,2560000
902,C,33424380,C++14 (GCC 6-32),OK,2647,1513700347,RestingRajarshi,CONTESTANT,TESTS,45,156,5632000
902,D,33434607,C++14 (GCC 6-32),WRONG_ANSWER,6848,1513704548,RestingRajarshi,CONTESTANT,PRETESTS,3,15,1843200
902,A,33415092,GNU C++11,OK,660,1513698360,Reterer09,CONTESTANT,TESTS,55,15,2048000
902,B,33429134,GNU C++11,OK,4333,1513702033,Reterer09,CONTESTANT,TESTS,50,46,2560000
902,C,33432756,GNU C++11,OK,5988,1513703688,Reterer09,CONTESTANT,TESTS,45,327,2457600
902,A,33413637,C++14 (GCC 6-32),OK,416,1513698127,RezaSi,CONTESTANT,TESTS,55,31,1945600
902,B,33417614,C++14 (GCC 6-32),OK,1042,1513698753,RezaSi,CONTESTANT,TESTS,50,31,1945600
902,C,33426248,C++14 (GCC 6-32),WRONG_ANSWER,3228,1513700939,RezaSi,CONTESTANT,PRETESTS,4,15,1945600
902,C,33428093,C++14 (GCC 6-32),WRONG_ANSWER,3904,1513701614,RezaSi,CONTESTANT,PRETESTS,7,15,1945600
902,C,33430373,C++14 (GCC 6-32),WRONG_ANSWER,4837,1513702548,RezaSi,CONTESTANT,PRETESTS,7,15,1945600
902,C,33431891,C++14 (GCC 6-32),OK,5555,1513703265,RezaSi,CONTESTANT,TESTS,45,155,5222400
902,A,33414475,GNU C++11,OK,562,1513698262,Reza_H,CONTESTANT,TESTS,55,31,2048000
902,B,33417078,GNU C++11,OK,958,1513698658,Reza_H,CONTESTANT,TESTS,50,46,2150400
902,C,33421932,GNU C++11,OK,1975,1513699675,Reza_H,CONTESTANT,TESTS,45,327,5222400
902,D,33426755,GNU C++11,WRONG_ANSWER,3418,1513701118,Reza_H,CONTESTANT,PRETESTS,0,0,2048000
902,D,33427088,GNU C++11,WRONG_ANSWER,3540,1513701240,Reza_H,CONTESTANT,PRETESTS,6,15,2048000
902,D,33427208,GNU C++11,WRONG_ANSWER,3588,1513701288,Reza_H,CONTESTANT,PRETESTS,6,15,2048000
902,D,33428865,GNU C++11,WRONG_ANSWER,4225,1513701925,Reza_H,CONTESTANT,PRETESTS,3,15,2048000
902,D,33428978,GNU C++11,WRONG_ANSWER,4269,1513701969,Reza_H,CONTESTANT,PRETESTS,3,15,2048000
902,D,33429455,GNU C++11,WRONG_ANSWER,4465,1513702165,Reza_H,CONTESTANT,PRETESTS,4,15,2048000
902,D,33429819,GNU C++11,WRONG_ANSWER,4623,1513702323,Reza_H,CONTESTANT,PRETESTS,8,15,2048000
902,D,33434934,GNU C++11,WRONG_ANSWER,6981,1513704681,Reza_H,CONTESTANT,PRETESTS,4,15,2048000
902,D,33435108,GNU C++11,WRONG_ANSWER,7036,1513704736,Reza_H,CONTESTANT,PRETESTS,0,0,2048000
902,A,33430241,C++14 (GCC 6-32),WRONG_ANSWER,4795,1513702495,Rezaafzali,CONTESTANT,PRETESTS,1,0,1843200
902,A,33431709,C++14 (GCC 6-32),WRONG_ANSWER,5465,1513703165,Rezaafzali,CONTESTANT,PRETESTS,4,15,1945600
902,A,33433514,C++14 (GCC 6-32),WRONG_ANSWER,6340,1513704040,Rezaafzali,CONTESTANT,PRETESTS,4,15,1945600
902,A,33434449,C++14 (GCC 6-32),WRONG_ANSWER,6776,1513704476,Rezaafzali,CONTESTANT,PRETESTS,4,15,1945600
902,A,33435468,C++14 (GCC 6-32),WRONG_ANSWER,7157,1513704857,Rezaafzali,CONTESTANT,PRETESTS,0,15,1945600
902,A,33416542,C++14 (GCC 6-32),WRONG_ANSWER,875,1513698575,Reziba,CONTESTANT,TESTS,11,15,2764800
902,B,33421807,C++14 (GCC 6-32),OK,1941,1513699641,Reziba,CONTESTANT,TESTS,50,31,5324800
902,C,33429165,C++14 (GCC 6-32),WRONG_ANSWER,4343,1513702043,Reziba,CONTESTANT,PRETESTS,3,15,3481600
902,C,33430070,C++14 (GCC 6-32),WRONG_ANSWER,4728,1513702428,Reziba,CONTESTANT,PRETESTS,3,0,3481600
902,C,33430596,C++14 (GCC 6-32),WRONG_ANSWER,4946,1513702646,Reziba,CONTESTANT,PRETESTS,3,15,3481600
902,C,33431909,C++14 (GCC 6-32),WRONG_ANSWER,5575,1513703275,Reziba,CONTESTANT,PRETESTS,3,15,3481600
902,C,33433226,C++14 (GCC 6-32),WRONG_ANSWER,6215,1513703915,Reziba,CONTESTANT,PRETESTS,1,15,3481600
902,C,33433666,C++14 (GCC 6-32),WRONG_ANSWER,6411,1513704111,Reziba,CONTESTANT,PRETESTS,4,15,3481600
902,C,33434618,C++14 (GCC 6-32),COMPILATION_ERROR,6852,1513704552,Reziba,CONTESTANT,PRETESTS,0,0,0
902,C,33434678,C++14 (GCC 6-32),OK,6877,1513704577,Reziba,CONTESTANT,TESTS,45,108,5836800
902,A,33421129,C++14 (GCC 6-32),OK,1777,1513699477,Rhouma,CONTESTANT,TESTS,55,15,10956800
902,B,33425160,C++14 (GCC 6-32),OK,2878,1513700578,Rhouma,CONTESTANT,TESTS,50,30,6041600
902,C,33432160,C++14 (GCC 6-32),WRONG_ANSWER,5694,1513703394,Rhouma,CONTESTANT,PRETESTS,1,0,5529600
902,C,33432355,C++14 (GCC 6-32),WRONG_ANSWER,5789,1513703489,Rhouma,CONTESTANT,PRETESTS,6,15,5529600
902,C,33432630,C++14 (GCC 6-32),OK,5936,1513703636,Rhouma,CONTESTANT,TESTS,45,108,7065600
902,A,33425759,C++14 (GCC 6-32),WRONG_ANSWER,3077,1513700777,Richard87,CONTESTANT,PRETESTS,3,15,1945600
902,A,33427333,C++14 (GCC 6-32),WRONG_ANSWER,3637,1513701337,Richard87,CONTESTANT,PRETESTS,3,15,1843200
902,A,33414150,GNU C++11,WRONG_ANSWER,511,1513698211,Rick_Chen,CONTESTANT,PRETESTS,5,15,2048000
902,A,33416052,GNU C++11,WRONG_ANSWER,799,1513698499,Rick_Chen,CONTESTANT,TESTS,47,15,2048000
902,B,33420032,GNU C++11,OK,1520,1513699220,Rick_Chen,CONTESTANT,TESTS,50,46,2560000
902,C,33425404,GNU C++11,WRONG_ANSWER,2962,1513700662,Rick_Chen,CONTESTANT,PRETESTS,1,0,2867200
902,C,33426795,GNU C++11,OK,3433,1513701133,Rick_Chen,CONTESTANT,TESTS,45,327,2867200
902,A,33413651,GNU C++,OK,430,1513698130,Riemann_Hypothesis,CONTESTANT,TESTS,55,15,2150400
902,B,33416539,GNU C++,OK,874,1513698574,Riemann_Hypothesis,CONTESTANT,TESTS,50,15,2150400
902,C,33421984,GNU C++,WRONG_ANSWER,1990,1513699690,Riemann_Hypothesis,CONTESTANT,PRETESTS,1,15,3276800
902,C,33422611,GNU C++,WRONG_ANSWER,2157,1513699857,Riemann_Hypothesis,CONTESTANT,TESTS,13,93,3276800
902,A,33413213,Java 8,WRONG_ANSWER,342,1513698052,Riff_Raff,CONTESTANT,PRETESTS,2,140,20992000
902,A,33414938,Java 8,WRONG_ANSWER,624,1513698335,Riff_Raff,CONTESTANT,PRETESTS,2,156,20992000
902,A,33413810,GNU C++,WRONG_ANSWER,457,1513698157,Rigel.stars,CONTESTANT,PRETESTS,4,15,2048000
902,A,33415375,GNU C++,OK,703,1513698403,Rigel.stars,CONTESTANT,TESTS,55,15,2048000
902,B,33421193,GNU C++,OK,1792,1513699492,Rigel.stars,CONTESTANT,TESTS,50,46,2560000
902,C,33427705,GNU C++,OK,3768,1513701468,Rigel.stars,CONTESTANT,TESTS,45,327,5427200
902,A,33422417,GNU C++11,WRONG_ANSWER,2103,1513699803,Riladavin,CONTESTANT,PRETESTS,5,15,2048000
902,B,33429276,GNU C++11,OK,4387,1513702087,Riladavin,CONTESTANT,TESTS,50,46,2662400
902,A,33434153,GNU C++11,TIME_LIMIT_EXCEEDED,6648,1513704348,Riladavin,CONTESTANT,PRETESTS,2,1000,2048000
902,A,33434811,GNU C++11,TIME_LIMIT_EXCEEDED,6938,1513704638,Riladavin,CONTESTANT,PRETESTS,2,1000,2048000
902,A,33435292,GNU C++11,TIME_LIMIT_EXCEEDED,7102,1513704802,Riladavin,CONTESTANT,PRETESTS,2,1000,2048000
902,A,33435628,GNU C++11,TIME_LIMIT_EXCEEDED,7188,1513704888,Riladavin,CONTESTANT,PRETESTS,2,1000,2048000
902,A,33415603,GNU C++,OK,723,1513698434,RinPV2,CONTESTANT,TESTS,55,15,2048000
902,B,33424089,GNU C++,OK,2557,1513700267,RinPV2,CONTESTANT,TESTS,50,31,2457600
902,C,33431121,GNU C++,WRONG_ANSWER,5161,1513702872,RinPV2,CONTESTANT,PRETESTS,0,0,2457600
902,C,33431296,GNU C++,OK,5249,1513702960,RinPV2,CONTESTANT,TESTS,45,327,2457600
902,D,33434771,GNU C++,OK,6909,1513704619,RinPV2,CONTESTANT,TESTS,150,15,2150400
902,A,33413768,GNU C++11,OK,450,1513698150,Rip2908,CONTESTANT,TESTS,55,31,2048000
902,B,33417312,GNU C++11,OK,999,1513698700,Rip2908,CONTESTANT,TESTS,50,31,6246400
902,C,33423227,GNU C++11,OK,2330,1513700030,Rip2908,CONTESTANT,TESTS,45,249,3686400
902,A,33417855,C++14 (GCC 6-32),WRONG_ANSWER,1095,1513698795,RishabhSahlot,CONTESTANT,PRETESTS,3,15,1843200
902,A,33421146,C++14 (GCC 6-32),OK,1781,1513699481,RishabhSahlot,CONTESTANT,TESTS,55,31,1945600
902,A,33426659,C++14 (GCC 6-32),OK,3384,1513701084,Ritu_Raj,CONTESTANT,TESTS,55,15,1945600
902,A,33421017,C++14 (GCC 6-32),OK,1750,1513699450,Riyad,CONTESTANT,TESTS,55,15,1945600
902,B,33435481,C++14 (GCC 6-32),OK,7160,1513704860,Riyad,CONTESTANT,TESTS,50,31,1945600
902,A,33426931,GNU C++17 Diagnostics,RUNTIME_ERROR,3481,1513701181,Robiul_Islam,CONTESTANT,PRETESTS,0,452,93081600
902,A,33429265,GNU C++17 Diagnostics,WRONG_ANSWER,4383,1513702083,Robiul_Islam,CONTESTANT,PRETESTS,2,810,98406400
902,A,33429608,GNU C++17 Diagnostics,WRONG_ANSWER,4536,1513702236,Robiul_Islam,CONTESTANT,PRETESTS,2,780,98406400
902,A,33433647,GNU C++17 Diagnostics,WRONG_ANSWER,6403,1513704103,Robiul_Islam,CONTESTANT,PRETESTS,2,764,98406400
902,A,33435217,GNU C++17 Diagnostics,WRONG_ANSWER,7077,1513704777,Robiul_Islam,CONTESTANT,PRETESTS,2,764,100249600
902,A,33435496,GNU C++17 Diagnostics,WRONG_ANSWER,7163,1513704863,Robiul_Islam,CONTESTANT,PRETESTS,2,904,101171200
902,A,33417899,GNU C++11,WRONG_ANSWER,1101,1513698801,Rodik_Rody,CONTESTANT,PRETESTS,2,15,2048000
902,A,33421827,GNU C++11,OK,1948,1513699648,Rodik_Rody,CONTESTANT,TESTS,55,30,2048000
902,A,33415356,GNU C++,OK,689,1513698399,RohamKaveie,CONTESTANT,TESTS,55,15,2048000
902,B,33424233,GNU C++,OK,2604,1513700304,RohamKaveie,CONTESTANT,TESTS,50,46,2150400
902,C,33432288,GNU C++,WRONG_ANSWER,5759,1513703459,RohamKaveie,CONTESTANT,PRETESTS,3,0,2048000
902,A,33413306,GNU C++11,OK,357,1513698068,RohanRTiwari,CONTESTANT,TESTS,55,30,4198400
902,B,33417074,GNU C++11,OK,947,1513698657,RohanRTiwari,CONTESTANT,TESTS,50,46,5632000
902,C,33426218,GNU C++11,OK,3218,1513700929,RohanRTiwari,CONTESTANT,TESTS,45,249,7065600
902,A,33418431,C++14 (GCC 6-32),WRONG_ANSWER,1191,1513698891,Rohan_Prabhu,CONTESTANT,PRETESTS,2,15,1843200
902,A,33419777,C++14 (GCC 6-32),TIME_LIMIT_EXCEEDED,1462,1513699162,Rohan_Prabhu,CONTESTANT,PRETESTS,0,1000,1843200
902,A,33419960,C++14 (GCC 6-32),WRONG_ANSWER,1503,1513699203,Rohan_Prabhu,CONTESTANT,PRETESTS,2,15,1843200
902,A,33422622,C++14 (GCC 6-32),WRONG_ANSWER,2159,1513699859,Rohan_Prabhu,CONTESTANT,PRETESTS,2,15,1945600
902,A,33424637,C++14 (GCC 6-32),WRONG_ANSWER,2726,1513700426,Rohan_Prabhu,CONTESTANT,PRETESTS,2,15,1945600
902,A,33419346,C++14 (GCC 6-32),WRONG_ANSWER,1374,1513699074,RokiM_,CONTESTANT,PRETESTS,4,15,1945600
902,A,33422432,C++14 (GCC 6-32),WRONG_ANSWER,2107,1513699807,RokiM_,CONTESTANT,PRETESTS,4,15,1843200
902,A,33429720,C++14 (GCC 6-32),OK,4579,1513702279,RokiM_,CONTESTANT,TESTS,55,15,1945600
902,A,33417311,MS C++,SKIPPED,989,1513698699,Roma_Pussy,CONTESTANT,PRETESTS,8,15,2048000
902,A,33418025,MS C++,OK,1110,1513698821,Roma_Pussy,CONTESTANT,TESTS,55,15,2048000
902,A,33416361,C++14 (GCC 6-32),OK,845,1513698545,Romal_Vekasi,CONTESTANT,TESTS,55,15,1945600
902,B,33426018,C++14 (GCC 6-32),OK,3156,1513700856,Romal_Vekasi,CONTESTANT,TESTS,50,31,1945600
902,A,33417329,C++14 (GCC 6-32),OK,1003,1513698703,Romansp,CONTESTANT,TESTS,55,15,1945600
902,B,33422269,C++14 (GCC 6-32),OK,2055,1513699755,Romansp,CONTESTANT,TESTS,50,46,2560000
902,C,33430206,C++14 (GCC 6-32),WRONG_ANSWER,4782,1513702482,Romansp,CONTESTANT,PRETESTS,6,15,1945600
902,C,33430681,C++14 (GCC 6-32),OK,4986,1513702686,Romansp,CONTESTANT,TESTS,45,140,2355200
902,A,33413208,GNU C++11,OK,351,1513698051,Ron_Chen,CONTESTANT,TESTS,55,15,2048000
902,B,33416318,GNU C++11,OK,840,1513698540,Ron_Chen,CONTESTANT,TESTS,50,31,2560000
902,C,33422255,GNU C++11,OK,2051,1513699751,Ron_Chen,CONTESTANT,TESTS,45,124,7065600
902,A,33414926,C++14 (GCC 6-32),RUNTIME_ERROR,633,1513698333,Rooped,CONTESTANT,PRETESTS,0,15,2048000
902,A,33415085,C++14 (GCC 6-32),OK,658,1513698358,Rooped,CONTESTANT,TESTS,55,15,1945600
902,B,33419848,C++14 (GCC 6-32),OK,1477,1513699177,Rooped,CONTESTANT,TESTS,50,46,2560000
902,C,33425765,C++14 (GCC 6-32),WRONG_ANSWER,3078,1513700778,Rooped,CONTESTANT,PRETESTS,1,0,1843200
902,C,33426658,C++14 (GCC 6-32),RUNTIME_ERROR,3384,1513701084,Rooped,CONTESTANT,PRETESTS,4,15,1945600
902,C,33427677,C++14 (GCC 6-32),OK,3758,1513701458,Rooped,CONTESTANT,TESTS,45,156,3891200
902,A,33419614,C++14 (GCC 6-32),OK,1434,1513699134,Ros9,CONTESTANT,TESTS,55,30,2048000
902,B,33427429,C++14 (GCC 6-32),OK,3667,1513701367,Ros9,CONTESTANT,TESTS,50,46,2560000
902,C,33434569,C++14 (GCC 6-32),WRONG_ANSWER,6830,1513704530,Ros9,CONTESTANT,PRETESTS,1,15,4300800
902,C,33434968,C++14 (GCC 6-32),OK,6991,1513704691,Ros9,CONTESTANT,TESTS,45,156,6451200
902,A,33414848,GNU C++,OK,622,1513698322,Royal_coderrr,CONTESTANT,TESTS,55,15,2048000
902,B,33422662,GNU C++,OK,2172,1513699872,Royal_coderrr,CONTESTANT,TESTS,50,30,2867200
902,C,33428893,GNU C++,WRONG_ANSWER,4235,1513701935,Royal_coderrr,CONTESTANT,PRETESTS,1,0,5222400
902,C,33429465,GNU C++,WRONG_ANSWER,4470,1513702170,Royal_coderrr,CONTESTANT,PRETESTS,3,15,5324800
902,C,33430882,GNU C++,WRONG_ANSWER,5065,1513702765,Royal_coderrr,CONTESTANT,TESTS,37,249,13721600
902,A,33419183,C++14 (GCC 6-32),WRONG_ANSWER,1337,1513699047,Rtn_e,CONTESTANT,PRETESTS,2,15,1945600
902,A,33420841,C++14 (GCC 6-32),WRONG_ANSWER,1706,1513699406,Rtn_e,CONTESTANT,PRETESTS,2,0,1945600
902,A,33421780,C++14 (GCC 6-32),WRONG_ANSWER,1935,1513699636,Rtn_e,CONTESTANT,PRETESTS,4,15,1945600
902,A,33422250,C++14 (GCC 6-32),WRONG_ANSWER,2050,1513699750,Rtn_e,CONTESTANT,PRETESTS,4,15,1945600
902,A,33423894,C++14 (GCC 6-32),OK,2518,1513700218,Rtn_e,CONTESTANT,TESTS,55,15,1945600
902,B,33427829,C++14 (GCC 6-32),WRONG_ANSWER,3812,1513701512,Rtn_e,CONTESTANT,PRETESTS,2,15,3584000
902,B,33428009,C++14 (GCC 6-32),OK,3879,1513701579,Rtn_e,CONTESTANT,TESTS,50,31,4096000
902,C,33432013,C++14 (GCC 6-32),WRONG_ANSWER,5622,1513703322,Rtn_e,CONTESTANT,PRETESTS,6,0,2252800
902,C,33432393,C++14 (GCC 6-32),OK,5812,1513703512,Rtn_e,CONTESTANT,TESTS,45,155,2252800
902,A,33414720,Python 3,WRONG_ANSWER,600,1513698300,Ru_Tornado,CONTESTANT,PRETESTS,3,61,5529600
902,A,33415707,Python 3,OK,749,1513698449,Ru_Tornado,CONTESTANT,TESTS,55,77,5529600
902,A,33421259,C++14 (GCC 6-32),WRONG_ANSWER,1808,1513699508,RubyRose,CONTESTANT,PRETESTS,2,15,1945600
902,A,33421406,C++14 (GCC 6-32),WRONG_ANSWER,1844,1513699544,RubyRose,CONTESTANT,PRETESTS,2,15,1945600
902,A,33421003,GNU C++11,WRONG_ANSWER,1746,1513699446,Rupok_puc,CONTESTANT,PRETESTS,0,15,2048000
902,A,33425936,GNU C,WRONG_ANSWER,3130,1513700830,Rupok_puc,CONTESTANT,PRETESTS,2,0,1843200
902,A,33431001,GNU C,WRONG_ANSWER,5119,1513702819,Rupok_puc,CONTESTANT,PRETESTS,2,15,1843200
902,A,33416167,GNU C++,COMPILATION_ERROR,817,1513698517,Rushikesh1996,CONTESTANT,PRETESTS,0,0,0
902,A,33416951,GNU C++,OK,937,1513698637,Rushikesh1996,CONTESTANT,TESTS,55,15,2048000
902,B,33425217,GNU C++,OK,2898,1513700598,Rushikesh1996,CONTESTANT,TESTS,50,46,2560000
902,C,33430939,GNU C++,OK,5086,1513702786,Rushikesh1996,CONTESTANT,TESTS,45,343,2457600
902,A,33415833,C++14 (GCC 6-32),OK,768,1513698468,Rutvik_Kothari,CONTESTANT,TESTS,55,15,9932800
902,B,33421116,C++14 (GCC 6-32),OK,1773,1513699473,Rutvik_Kothari,CONTESTANT,TESTS,50,46,2867200
902,C,33429652,C++14 (GCC 6-32),WRONG_ANSWER,4552,1513702252,Rutvik_Kothari,CONTESTANT,PRETESTS,1,15,1843200
902,A,33416938,GNU C++,WRONG_ANSWER,935,1513698635,RyanaX,CONTESTANT,PRETESTS,3,15,2048000
902,A,33419264,GNU C++,WRONG_ANSWER,1362,1513699062,RyanaX,CONTESTANT,PRETESTS,3,15,2048000
902,A,33422517,GNU C++,OK,2131,1513699831,RyanaX,CONTESTANT,TESTS,55,15,2048000
902,B,33430902,GNU C++,COMPILATION_ERROR,5073,1513702773,RyanaX,CONTESTANT,PRETESTS,0,0,0
902,B,33431927,GNU C++,COMPILATION_ERROR,5580,1513703280,RyanaX,CONTESTANT,PRETESTS,0,0,0
902,B,33432508,GNU C++11,MEMORY_LIMIT_EXCEEDED,5870,1513703570,RyanaX,CONTESTANT,PRETESTS,5,140,268390400
902,B,33432991,GNU C++11,MEMORY_LIMIT_EXCEEDED,6104,1513703804,RyanaX,CONTESTANT,PRETESTS,5,140,268390400
902,B,33434290,GNU C++11,MEMORY_LIMIT_EXCEEDED,6711,1513704411,RyanaX,CONTESTANT,PRETESTS,5,124,268390400
902,A,33413194,C++14 (GCC 6-32),OK,347,1513698047,Ryuuk,CONTESTANT,TESTS,55,15,1945600
902,B,33424677,C++14 (GCC 6-32),OK,2738,1513700438,Ryuuk,CONTESTANT,TESTS,50,296,2560000
902,C,33433849,C++14 (GCC 6-32),WRONG_ANSWER,6497,1513704197,Ryuuk,CONTESTANT,PRETESTS,1,15,4300800
902,C,33434228,C++14 (GCC 6-32),OK,6684,1513704384,Ryuuk,CONTESTANT,TESTS,45,108,7270400
902,A,33413222,C++14 (GCC 6-32),WRONG_ANSWER,354,1513698054,Rzoro,CONTESTANT,PRETESTS,2,15,1945600
902,A,33414899,C++14 (GCC 6-32),WRONG_ANSWER,630,1513698330,Rzoro,CONTESTANT,PRETESTS,4,0,1945600
902,B,33424116,C++14 (GCC 6-32),OK,2574,1513700274,Rzoro,CONTESTANT,TESTS,50,31,4608000
902,C,33433649,C++14 (GCC 6-32),WRONG_ANSWER,6403,1513704103,Rzoro,CONTESTANT,PRETESTS,4,15,1945600
902,C,33434589,C++14 (GCC 6-32),WRONG_ANSWER,6839,1513704539,Rzoro,CONTESTANT,PRETESTS,4,15,1945600
902,C,33435649,C++14 (GCC 6-32),WRONG_ANSWER,7192,1513704892,Rzoro,CONTESTANT,PRETESTS,4,15,1945600
902,A,33415987,C++14 (GCC 6-32),OK,780,1513698491,S.Jindal,CONTESTANT,TESTS,55,15,1945600
902,B,33420064,C++14 (GCC 6-32),OK,1517,1513699227,S.Jindal,CONTESTANT,TESTS,50,31,2662400
902,C,33432348,C++14 (GCC 6-32),OK,5776,1513703487,S.Jindal,CONTESTANT,TESTS,45,140,4300800
902,A,33416708,C++14 (GCC 6-32),SKIPPED,889,1513698600,SAFWAN.K,CONTESTANT,PRETESTS,8,15,9932800
902,A,33416759,C++14 (GCC 6-32),OK,898,1513698609,SAFWAN.K,CONTESTANT,TESTS,55,15,9932800
902,B,33425887,C++14 (GCC 6-32),OK,3104,1513700815,SAFWAN.K,CONTESTANT,TESTS,50,31,14540800
902,A,33412828,C++14 (GCC 6-32),WRONG_ANSWER,262,1513697962,SAliB,CONTESTANT,PRETESTS,2,15,1843200
902,A,33413765,C++14 (GCC 6-32),WRONG_ANSWER,450,1513698150,SAliB,CONTESTANT,PRETESTS,2,15,1843200
902,A,33418779,C++14 (GCC 6-32),WRONG_ANSWER,1258,1513698958,SAliB,CONTESTANT,PRETESTS,4,0,1843200
902,A,33424849,C++14 (GCC 6-32),OK,2785,1513700485,SAliB,CONTESTANT,TESTS,55,15,1945600
902,B,33434816,C++14 (GCC 6-32),WRONG_ANSWER,6940,1513704640,SAliB,CONTESTANT,PRETESTS,0,0,2764800
902,A,33413794,C++14 (GCC 6-32),COMPILATION_ERROR,443,1513698154,SCube_,CONTESTANT,PRETESTS,0,0,0
902,A,33413930,C++14 (GCC 6-32),COMPILATION_ERROR,466,1513698176,SCube_,CONTESTANT,PRETESTS,0,0,0
902,A,33414226,C++14 (GCC 6-32),COMPILATION_ERROR,512,1513698222,SCube_,CONTESTANT,PRETESTS,0,0,0
902,A,33414549,C++14 (GCC 6-32),OK,565,1513698275,SCube_,CONTESTANT,TESTS,55,15,3379200
902,B,33417364,C++14 (GCC 6-32),OK,998,1513698709,SCube_,CONTESTANT,TESTS,50,218,4710400
902,C,33423138,C++14 (GCC 6-32),OK,2295,1513700005,SCube_,CONTESTANT,TESTS,45,109,10035200
902,A,33414556,GNU C++11,OK,577,1513698277,SES3,CONTESTANT,TESTS,55,15,2048000
902,B,33416809,GNU C++11,OK,916,1513698616,SES3,CONTESTANT,TESTS,50,15,2150400
902,C,33420388,GNU C++11,OK,1599,1513699299,SES3,CONTESTANT,TESTS,45,124,7270400
902,D,33433232,GNU C++11,WRONG_ANSWER,6218,1513703918,SES3,CONTESTANT,PRETESTS,0,0,2048000
902,D,33433388,GNU C++11,WRONG_ANSWER,6288,1513703988,SES3,CONTESTANT,PRETESTS,0,0,2048000
902,D,33433769,GNU C++11,WRONG_ANSWER,6458,1513704158,SES3,CONTESTANT,PRETESTS,1,15,2048000
902,D,33434230,GNU C++11,WRONG_ANSWER,6685,1513704385,SES3,CONTESTANT,PRETESTS,2,15,2048000
902,A,33414062,Python 3,OK,499,1513698199,SHAMODEGUANG,CONTESTANT,TESTS,55,62,5529600
902,B,33425461,Python 3,OK,2979,1513700679,SHAMODEGUANG,CONTESTANT,TESTS,50,452,7168000
902,C,33431865,Python 3,TIME_LIMIT_EXCEEDED,5553,1513703253,SHAMODEGUANG,CONTESTANT,TESTS,13,2000,25292800
902,A,33419097,C++14 (GCC 6-32),OK,1331,1513699031,SHAMPINION,CONTESTANT,TESTS,55,15,1945600
902,B,33422571,C++14 (GCC 6-32),OK,2145,1513699845,SHAMPINION,CONTESTANT,TESTS,50,15,2560000
902,C,33428716,C++14 (GCC 6-32),WRONG_ANSWER,4167,1513701867,SHAMPINION,CONTESTANT,PRETESTS,1,0,2252800
902,C,33429815,C++14 (GCC 6-32),WRONG_ANSWER,4622,1513702322,SHAMPINION,CONTESTANT,PRETESTS,1,0,2252800
902,C,33429980,C++14 (GCC 6-32),OK,4687,1513702387,SHAMPINION,CONTESTANT,TESTS,45,93,2252800
902,A,33415431,C++14 (GCC 6-32),WRONG_ANSWER,699,1513698410,SID_2,CONTESTANT,PRETESTS,2,0,1945600
902,A,33417859,C++14 (GCC 6-32),WRONG_ANSWER,1085,1513698796,SID_2,CONTESTANT,PRETESTS,2,0,1945600
902,A,33419549,C++14 (GCC 6-32),OK,1410,1513699121,SID_2,CONTESTANT,TESTS,55,15,1945600
902,B,33425198,C++14 (GCC 6-32),OK,2882,1513700592,SID_2,CONTESTANT,TESTS,50,46,2662400
902,C,33434147,C++14 (GCC 6-32),WRONG_ANSWER,6636,1513704347,SID_2,CONTESTANT,PRETESTS,4,15,1843200
902,A,33414271,C++14 (GCC 6-32),WRONG_ANSWER,529,1513698229,SINUS,CONTESTANT,PRETESTS,1,0,1945600
902,A,33414716,C++14 (GCC 6-32),WRONG_ANSWER,599,1513698299,SINUS,CONTESTANT,PRETESTS,2,0,1945600
902,A,33416097,C++14 (GCC 6-32),WRONG_ANSWER,806,1513698506,SINUS,CONTESTANT,PRETESTS,2,0,1945600
902,A,33417102,C++14 (GCC 6-32),WRONG_ANSWER,963,1513698663,SINUS,CONTESTANT,PRETESTS,2,0,1945600
902,A,33419044,C++14 (GCC 6-32),CHALLENGED,1319,1513699019,SINUS,CONTESTANT,CHALLENGES,8,15,1945600
902,B,33428126,C++14 (GCC 6-32),OK,3927,1513701627,SINUS,CONTESTANT,TESTS,50,31,2048000
902,A,33417613,GNU C++,WRONG_ANSWER,1053,1513698753,SI_AM,CONTESTANT,PRETESTS,3,15,2048000
902,A,33418631,GNU C++,OK,1228,1513698928,SI_AM,CONTESTANT,TESTS,55,15,2048000
902,B,33427340,GNU C++,WRONG_ANSWER,3639,1513701339,SI_AM,CONTESTANT,PRETESTS,9,46,2355200
902,B,33428010,GNU C++,WRONG_ANSWER,3880,1513701580,SI_AM,CONTESTANT,PRETESTS,9,30,2560000
902,B,33428791,GNU C++,OK,4197,1513701897,SI_AM,CONTESTANT,TESTS,50,312,2662400
902,A,33413947,C++14 (GCC 6-32),OK,479,1513698179,STDecember,CONTESTANT,TESTS,55,15,1945600
902,B,33419844,C++14 (GCC 6-32),RUNTIME_ERROR,1476,1513699176,STDecember,CONTESTANT,PRETESTS,5,15,2150400
902,B,33420700,C++14 (GCC 6-32),RUNTIME_ERROR,1672,1513699372,STDecember,CONTESTANT,PRETESTS,5,15,2048000
902,B,33422020,C++14 (GCC 6-32),OK,1998,1513699698,STDecember,CONTESTANT,TESTS,50,15,2662400
902,C,33427977,C++14 (GCC 6-32),WRONG_ANSWER,3866,1513701566,STDecember,CONTESTANT,PRETESTS,3,0,6656000
902,C,33428348,C++14 (GCC 6-32),OK,4009,1513701709,STDecember,CONTESTANT,TESTS,45,108,16076800
902,D,33433540,C++14 (GCC 6-32),WRONG_ANSWER,6350,1513704050,STDecember,CONTESTANT,PRETESTS,2,15,1945600
902,D,33434043,C++14 (GCC 6-32),WRONG_ANSWER,6603,1513704303,STDecember,CONTESTANT,PRETESTS,2,15,1945600
902,A,33416311,C++14 (GCC 6-32),OK,828,1513698539,SaBuZa,CONTESTANT,TESTS,55,15,1945600
902,B,33422679,C++14 (GCC 6-32),OK,2166,1513699876,SaBuZa,CONTESTANT,TESTS,50,15,2048000
902,C,33428552,C++14 (GCC 6-32),RUNTIME_ERROR,4087,1513701797,SaBuZa,CONTESTANT,PRETESTS,12,15,6860800
902,C,33428845,C++14 (GCC 6-32),OK,4209,1513701919,SaBuZa,CONTESTANT,TESTS,45,77,5120000
902,A,33413630,C++14 (GCC 6-32),OK,425,1513698125,Sabyasachi,CONTESTANT,TESTS,55,15,1945600
902,B,33421809,C++14 (GCC 6-32),OK,1941,1513699641,Sabyasachi,CONTESTANT,TESTS,50,421,2969600
902,A,33413321,GNU C++11,WRONG_ANSWER,370,1513698070,Sadoffnick,CONTESTANT,TESTS,31,31,2048000
902,B,33417313,GNU C++11,RUNTIME_ERROR,1000,1513698700,Sadoffnick,CONTESTANT,PRETESTS,5,30,2355200
902,B,33417526,C++14 (GCC 6-32),OK,1037,1513698737,Sadoffnick,CONTESTANT,TESTS,50,46,2560000
902,C,33424715,C++14 (GCC 6-32),WRONG_ANSWER,2747,1513700447,Sadoffnick,CONTESTANT,PRETESTS,3,15,1945600
902,C,33425193,C++14 (GCC 6-32),WRONG_ANSWER,2889,1513700589,Sadoffnick,CONTESTANT,PRETESTS,3,15,1945600
902,C,33425554,C++14 (GCC 6-32),WRONG_ANSWER,3009,1513700709,Sadoffnick,CONTESTANT,PRETESTS,3,15,1945600
902,C,33426295,C++14 (GCC 6-32),WRONG_ANSWER,3252,1513700952,Sadoffnick,CONTESTANT,PRETESTS,4,15,1945600
902,C,33426865,C++14 (GCC 6-32),OK,3458,1513701158,Sadoffnick,CONTESTANT,TESTS,45,156,2355200
902,A,33420678,C++14 (GCC 6-32),WRONG_ANSWER,1667,1513699367,Sagor_Saha,CONTESTANT,PRETESTS,4,15,1843200
902,A,33421860,C++14 (GCC 6-32),WRONG_ANSWER,1955,1513699655,Sagor_Saha,CONTESTANT,PRETESTS,4,0,1945600
902,A,33423762,C++14 (GCC 6-32),WRONG_ANSWER,2482,1513700182,Sagor_Saha,CONTESTANT,PRETESTS,2,15,1945600
902,A,33427536,C++14 (GCC 6-32),WRONG_ANSWER,3710,1513701410,Sagor_Saha,CONTESTANT,PRETESTS,2,15,1945600
902,A,33430436,C++14 (GCC 6-32),OK,4876,1513702576,Sagor_Saha,CONTESTANT,TESTS,55,15,1945600
902,A,33419947,GNU C++,RUNTIME_ERROR,1489,1513699200,SahaRock,CONTESTANT,PRETESTS,6,15,2048000
902,A,33420399,GNU C++,RUNTIME_ERROR,1590,1513699301,SahaRock,CONTESTANT,PRETESTS,6,15,2048000
902,A,33421779,GNU C++,OK,1925,1513699635,SahaRock,CONTESTANT,TESTS,55,31,2048000
902,A,33428754,C++14 (GCC 6-32),OK,4185,1513701885,Sahashoo,CONTESTANT,TESTS,55,15,3379200
902,B,33428784,C++14 (GCC 6-32),OK,4194,1513701894,Sahashoo,CONTESTANT,TESTS,50,31,4608000
902,C,33428807,C++14 (GCC 6-32),OK,4202,1513701902,Sahashoo,CONTESTANT,TESTS,45,93,9113600
902,A,33414633,Java 8,WRONG_ANSWER,587,1513698287,SaiSatwikKuppili,CONTESTANT,PRETESTS,2,140,20992000
902,A,33419293,Java 8,WRONG_ANSWER,1366,1513699066,SaiSatwikKuppili,CONTESTANT,PRETESTS,2,139,20992000
902,A,33422813,Java 8,RUNTIME_ERROR,2212,1513699912,SaiSatwikKuppili,CONTESTANT,PRETESTS,0,93,20684800
902,A,33422980,Java 8,OK,2254,1513699954,SaiSatwikKuppili,CONTESTANT,TESTS,55,156,21094400
902,A,33420106,C++14 (GCC 6-32),WRONG_ANSWER,1535,1513699235,Saiful6854,CONTESTANT,PRETESTS,2,15,1843200
902,A,33424095,C++14 (GCC 6-32),WRONG_ANSWER,2569,1513700269,Saiful6854,CONTESTANT,PRETESTS,2,15,1945600
902,A,33428913,C++14 (GCC 6-32),WRONG_ANSWER,4241,1513701941,Saiful6854,CONTESTANT,PRETESTS,3,0,1945600
902,A,33415794,C++14 (GCC 6-32),WRONG_ANSWER,753,1513698464,SaikatS,CONTESTANT,PRETESTS,2,15,1843200
902,A,33420024,C++14 (GCC 6-32),CHALLENGED,1508,1513699218,SaikatS,CONTESTANT,CHALLENGES,8,15,1843200
902,A,33425767,C++14 (GCC 6-32),OK,3069,1513700779,SaikatS,CONTESTANT,TESTS,55,15,1843200
902,B,33430286,C++14 (GCC 6-32),OK,4802,1513702512,SaikatS,CONTESTANT,TESTS,50,218,2457600
902,A,33419031,C++14 (GCC 6-32),WRONG_ANSWER,1315,1513699015,Saiphani724,CONTESTANT,PRETESTS,2,0,1843200
902,A,33420837,C++14 (GCC 6-32),WRONG_ANSWER,1705,1513699405,Saiphani724,CONTESTANT,PRETESTS,2,15,1843200
902,A,33425256,C++14 (GCC 6-32),WRONG_ANSWER,2912,1513700612,Saiphani724,CONTESTANT,PRETESTS,3,15,1945600
902,A,33425787,C++14 (GCC 6-32),WRONG_ANSWER,3085,1513700785,Saiphani724,CONTESTANT,PRETESTS,3,15,1945600
902,A,33413431,C++14 (GCC 6-32),WRONG_ANSWER,391,1513698091,SaiyanBlood,CONTESTANT,PRETESTS,2,15,1945600
902,A,33416790,C++14 (GCC 6-32),WRONG_ANSWER,914,1513698614,SaiyanBlood,CONTESTANT,PRETESTS,2,15,1945600
902,A,33417716,C++14 (GCC 6-32),WRONG_ANSWER,1070,1513698770,SaiyanBlood,CONTESTANT,PRETESTS,2,15,1945600
902,A,33420559,C++14 (GCC 6-32),WRONG_ANSWER,1640,1513699340,SaiyanBlood,CONTESTANT,PRETESTS,2,15,1945600
902,A,33421139,C++14 (GCC 6-32),WRONG_ANSWER,1779,1513699479,SaiyanBlood,CONTESTANT,PRETESTS,2,15,1945600
902,A,33422088,C++14 (GCC 6-32),WRONG_ANSWER,2009,1513699709,SaiyanBlood,CONTESTANT,PRETESTS,2,0,1945600
902,A,33425316,C++14 (GCC 6-32),WRONG_ANSWER,2932,1513700632,SaiyanBlood,CONTESTANT,PRETESTS,3,15,1945600
902,A,33427027,C++14 (GCC 6-32),WRONG_ANSWER,3514,1513701214,SaiyanBlood,CONTESTANT,PRETESTS,0,15,1843200
902,A,33429449,C++14 (GCC 6-32),WRONG_ANSWER,4463,1513702163,SaiyanBlood,CONTESTANT,PRETESTS,3,0,1945600
902,A,33429533,C++14 (GCC 6-32),OK,4502,1513702202,SaiyanBlood,CONTESTANT,TESTS,55,15,1945600
902,B,33433220,C++14 (GCC 6-32),OK,6212,1513703912,SaiyanBlood,CONTESTANT,TESTS,50,202,2560000
902,C,33434726,C++14 (GCC 6-32),WRONG_ANSWER,6897,1513704597,SaiyanBlood,CONTESTANT,PRETESTS,1,0,5939200
902,C,33434983,C++14 (GCC 6-32),COMPILATION_ERROR,6998,1513704698,SaiyanBlood,CONTESTANT,PRETESTS,0,0,0
902,C,33435083,C++14 (GCC 6-32),WRONG_ANSWER,7028,1513704728,SaiyanBlood,CONTESTANT,PRETESTS,1,0,5939200
902,C,33435470,C++14 (GCC 6-32),WRONG_ANSWER,7157,1513704857,SaiyanBlood,CONTESTANT,PRETESTS,3,15,1945600
902,A,33413588,GNU C++11,WRONG_ANSWER,420,1513698120,SajidZakaria,CONTESTANT,PRETESTS,4,15,2048000
902,A,33414506,GNU C++11,WRONG_ANSWER,567,1513698267,SajidZakaria,CONTESTANT,PRETESTS,4,15,2048000
902,A,33426740,GNU C++11,WRONG_ANSWER,3412,1513701112,SajidZakaria,CONTESTANT,PRETESTS,2,0,2048000
902,A,33427574,GNU C++11,OK,3722,1513701422,SajidZakaria,CONTESTANT,TESTS,55,15,2048000
902,B,33431708,GNU C++11,OK,5465,1513703165,SajidZakaria,CONTESTANT,TESTS,50,46,2457600
902,A,33413545,C++14 (GCC 6-32),WRONG_ANSWER,401,1513698112,Saken,CONTESTANT,PRETESTS,2,15,1843200
902,A,33414257,C++14 (GCC 6-32),WRONG_ANSWER,517,1513698227,Saken,CONTESTANT,TESTS,41,15,1945600
902,B,33420131,C++14 (GCC 6-32),OK,1531,1513699242,Saken,CONTESTANT,TESTS,50,30,2764800
902,C,33427430,C++14 (GCC 6-32),WRONG_ANSWER,3657,1513701368,Saken,CONTESTANT,PRETESTS,1,0,3891200
902,C,33427526,C++14 (GCC 6-32),RUNTIME_ERROR,3697,1513701407,Saken,CONTESTANT,TESTS,13,46,5324800
902,A,33421768,C++14 (GCC 6-32),OK,1932,1513699632,SalahuddinAhammad,CONTESTANT,TESTS,55,15,1945600
902,B,33425092,C++14 (GCC 6-32),WRONG_ANSWER,2860,1513700560,SalahuddinAhammad,CONTESTANT,PRETESTS,2,15,3481600
902,A,33421793,C++14 (GCC 6-32),WRONG_ANSWER,1927,1513699638,Sam,CONTESTANT,PRETESTS,3,15,1945600
902,A,33422228,C++14 (GCC 6-32),WRONG_ANSWER,2034,1513699745,Sam,CONTESTANT,PRETESTS,3,15,1945600
902,A,33423532,C++14 (GCC 6-32),WRONG_ANSWER,2403,1513700114,Sam,CONTESTANT,PRETESTS,2,15,1843200
902,A,33424198,C++14 (GCC 6-32),WRONG_ANSWER,2585,1513700295,Sam,CONTESTANT,PRETESTS,2,15,1945600
902,A,33425151,C++14 (GCC 6-32),WRONG_ANSWER,2866,1513700577,Sam,CONTESTANT,PRETESTS,4,0,1945600
902,A,33426006,C++14 (GCC 6-32),OK,3141,1513700852,Sam,CONTESTANT,TESTS,55,15,1945600
902,B,33428779,C++14 (GCC 6-32),OK,4183,1513701893,Sam,CONTESTANT,TESTS,50,46,4198400
902,C,33432259,C++14 (GCC 6-32),WRONG_ANSWER,5731,1513703442,Sam,CONTESTANT,PRETESTS,1,15,1843200
902,C,33432585,C++14 (GCC 6-32),WRONG_ANSWER,5903,1513703613,Sam,CONTESTANT,PRETESTS,3,15,1843200
902,C,33433009,C++14 (GCC 6-32),WRONG_ANSWER,6104,1513703814,Sam,CONTESTANT,PRETESTS,3,0,1843200
902,C,33433645,C++14 (GCC 6-32),WRONG_ANSWER,6392,1513704102,Sam,CONTESTANT,PRETESTS,4,0,1843200
902,C,33434179,C++14 (GCC 6-32),WRONG_ANSWER,6651,1513704361,Sam,CONTESTANT,PRETESTS,4,15,1843200
902,C,33434532,C++14 (GCC 6-32),WRONG_ANSWER,6805,1513704516,Sam,CONTESTANT,PRETESTS,3,15,1843200
902,A,33417191,GNU C++11,OK,968,1513698679,SamMHD,CONTESTANT,TESTS,55,30,2150400
902,B,33423137,GNU C++11,OK,2294,1513700005,SamMHD,CONTESTANT,TESTS,50,31,2355200
902,C,33430675,GNU C++11,OK,4972,1513702682,SamMHD,CONTESTANT,TESTS,45,249,2867200
902,A,33425991,Java 8,WRONG_ANSWER,3148,1513700848,Sam_Jawahar4,CONTESTANT,PRETESTS,4,155,20992000
902,A,33426452,Java 8,WRONG_ANSWER,3306,1513701006,Sam_Jawahar4,CONTESTANT,PRETESTS,4,139,20992000
902,A,33427548,Java 8,OK,3712,1513701412,Sam_Jawahar4,CONTESTANT,TESTS,55,171,20992000
902,A,33421575,C++14 (GCC 6-32),WRONG_ANSWER,1877,1513699588,Samehh,CONTESTANT,PRETESTS,2,15,1843200
902,A,33426673,C++14 (GCC 6-32),WRONG_ANSWER,3379,1513701090,Samehh,CONTESTANT,PRETESTS,2,0,1945600
902,A,33428481,C++14 (GCC 6-32),WRONG_ANSWER,4057,1513701768,Samehh,CONTESTANT,PRETESTS,1,15,1843200
902,A,33429463,C++14 (GCC 6-32),WRONG_ANSWER,4459,1513702170,Samehh,CONTESTANT,PRETESTS,3,15,1945600
902,A,33432090,C++14 (GCC 6-32),OK,5647,1513703357,Samehh,CONTESTANT,TESTS,55,15,1945600
902,A,33414692,GNU C,WRONG_ANSWER,594,1513698294,Saminul_amin,CONTESTANT,PRETESTS,2,0,1843200
902,A,33417758,GNU C,WRONG_ANSWER,1077,1513698777,Saminul_amin,CONTESTANT,PRETESTS,2,15,1843200
902,A,33421009,GNU C,WRONG_ANSWER,1747,1513699448,Saminul_amin,CONTESTANT,PRETESTS,2,15,1843200
902,A,33424699,GNU C,WRONG_ANSWER,2743,1513700443,Saminul_amin,CONTESTANT,PRETESTS,3,15,1843200
902,A,33425565,GNU C,OK,3014,1513700714,Saminul_amin,CONTESTANT,TESTS,55,15,1843200
902,B,33421325,C++14 (GCC 6-32),OK,1824,1513699524,SampersandU,CONTESTANT,TESTS,50,234,3993600
902,A,33421358,C++14 (GCC 6-32),OK,1833,1513699533,SampersandU,CONTESTANT,TESTS,55,15,1945600
902,C,33429992,C++14 (GCC 6-32),WRONG_ANSWER,4692,1513702392,SampersandU,CONTESTANT,PRETESTS,1,0,4300800
902,C,33430256,C++14 (GCC 6-32),WRONG_ANSWER,4801,1513702501,SampersandU,CONTESTANT,PRETESTS,4,15,4300800
902,C,33431766,C++14 (GCC 6-32),WRONG_ANSWER,5498,1513703198,SampersandU,CONTESTANT,PRETESTS,1,15,4300800
902,C,33432549,C++14 (GCC 6-32),WRONG_ANSWER,5894,1513703594,SampersandU,CONTESTANT,PRETESTS,4,15,4300800
902,C,33433407,C++14 (GCC 6-32),OK,6299,1513703999,SampersandU,CONTESTANT,TESTS,45,78,4300800
902,A,33413862,C++14 (GCC 6-32),WRONG_ANSWER,464,1513698164,SampleC0de,CONTESTANT,PRETESTS,2,15,1945600
902,A,33414305,C++14 (GCC 6-32),WRONG_ANSWER,534,1513698234,SampleC0de,CONTESTANT,PRETESTS,3,15,1945600
902,A,33416851,C++14 (GCC 6-32),SKIPPED,923,1513698623,SampleC0de,CONTESTANT,PRETESTS,8,15,1945600
902,A,33418805,C++14 (GCC 6-32),WRONG_ANSWER,1263,1513698963,SampleC0de,CONTESTANT,PRETESTS,1,0,1843200
902,A,33419719,C++14 (GCC 6-32),OK,1451,1513699151,SampleC0de,CONTESTANT,TESTS,55,15,1945600
902,A,33416903,GNU C++11,OK,931,1513698631,SamsonHo,CONTESTANT,TESTS,55,15,2048000
902,B,33426761,GNU C++11,WRONG_ANSWER,3419,1513701119,SamsonHo,CONTESTANT,PRETESTS,8,15,2252800
902,B,33427017,GNU C++11,OK,3510,1513701210,SamsonHo,CONTESTANT,TESTS,50,30,2560000
902,C,33433881,GNU C++11,OK,6512,1513704212,SamsonHo,CONTESTANT,TESTS,45,109,2867200
902,A,33422208,MS C#,OK,2028,1513699738,Samyrai,CONTESTANT,TESTS,55,61,11776000
902,A,33419807,GNU C++11,OK,1470,1513699170,Sanazmgh,CONTESTANT,TESTS,55,30,2048000
902,A,33418073,C++14 (GCC 6-32),OK,1127,1513698827,Sanou,CONTESTANT,TESTS,55,15,2150400
902,B,33427092,C++14 (GCC 6-32),WRONG_ANSWER,3542,1513701242,Sanou,CONTESTANT,PRETESTS,0,15,1945600
902,B,33427537,C++14 (GCC 6-32),RUNTIME_ERROR,3710,1513701410,Sanou,CONTESTANT,PRETESTS,5,15,12185600
902,B,33428223,C++14 (GCC 6-32),RUNTIME_ERROR,3963,1513701663,Sanou,CONTESTANT,PRETESTS,5,15,12185600
902,B,33428750,C++14 (GCC 6-32),RUNTIME_ERROR,4183,1513701883,Sanou,CONTESTANT,PRETESTS,5,15,2355200
902,B,33430042,C++14 (GCC 6-32),RUNTIME_ERROR,4714,1513702414,Sanou,CONTESTANT,PRETESTS,5,15,3686400
902,B,33430965,C++14 (GCC 6-32),RUNTIME_ERROR,5101,1513702801,Sanou,CONTESTANT,PRETESTS,5,15,2355200
902,B,33431309,GNU C++17 Diagnostics,COMPILATION_ERROR,5265,1513702965,Sanou,CONTESTANT,PRETESTS,0,0,0
902,B,33431443,GNU C++17 Diagnostics,WRONG_ANSWER,5329,1513703029,Sanou,CONTESTANT,PRETESTS,0,967,101990400
902,B,33432438,GNU C++17 Diagnostics,RUNTIME_ERROR,5838,1513703538,Sanou,CONTESTANT,PRETESTS,5,998,101990400
902,B,33433057,GNU C++17 Diagnostics,MEMORY_LIMIT_EXCEEDED,6139,1513703839,Sanou,CONTESTANT,PRETESTS,0,202,268390400
902,B,33433109,GNU C++17 Diagnostics,TIME_LIMIT_EXCEEDED,6161,1513703861,Sanou,CONTESTANT,PRETESTS,5,1000,114688000
902,B,33433188,GNU C++17 Diagnostics,TIME_LIMIT_EXCEEDED,6202,1513703902,Sanou,CONTESTANT,PRETESTS,5,1000,103219200
902,A,33414261,C++14 (GCC 6-32),OK,517,1513698228,Santon,CONTESTANT,TESTS,55,15,1945600
902,B,33418174,C++14 (GCC 6-32),OK,1135,1513698845,Santon,CONTESTANT,TESTS,50,31,5427200
902,C,33425199,C++14 (GCC 6-32),WRONG_ANSWER,2882,1513700593,Santon,CONTESTANT,PRETESTS,4,15,1843200
902,C,33426828,C++14 (GCC 6-32),WRONG_ANSWER,3434,1513701144,Santon,CONTESTANT,PRETESTS,8,15,1945600
902,C,33427817,C++14 (GCC 6-32),WRONG_ANSWER,3799,1513701509,Santon,CONTESTANT,PRETESTS,4,0,1945600
902,C,33428459,C++14 (GCC 6-32),OK,4045,1513701756,Santon,CONTESTANT,TESTS,45,124,2662400
902,A,33416683,C++14 (GCC 6-32),WRONG_ANSWER,885,1513698596,SashaKFU,CONTESTANT,PRETESTS,2,15,1843200
902,B,33420062,GNU C,COMPILATION_ERROR,1516,1513699227,SaucyJohn,CONTESTANT,PRETESTS,0,0,0
902,A,33420079,GNU C,COMPILATION_ERROR,1520,1513699230,SaucyJohn,CONTESTANT,PRETESTS,0,0,0
902,A,33420259,C++14 (GCC 6-32),WRONG_ANSWER,1559,1513699270,SaucyJohn,CONTESTANT,PRETESTS,3,15,1945600
902,B,33420297,C++14 (GCC 6-32),OK,1567,1513699278,SaucyJohn,CONTESTANT,TESTS,50,31,2560000
902,A,33421600,C++14 (GCC 6-32),OK,1881,1513699591,SaucyJohn,CONTESTANT,TESTS,55,15,1945600
902,C,33427133,C++14 (GCC 6-32),OK,3545,1513701255,SaucyJohn,CONTESTANT,TESTS,45,93,3788800
902,A,33419281,GNU C++11,OK,1364,1513699064,Saurabh0612,CONTESTANT,TESTS,55,15,2048000
902,A,33434781,Java 8,WRONG_ANSWER,6923,1513704623,SaurabhMaster,CONTESTANT,PRETESTS,2,140,20992000
902,A,33435147,Java 8,WRONG_ANSWER,7051,1513704751,SaurabhMaster,CONTESTANT,PRETESTS,2,155,20992000
902,A,33421218,GNU C++,WRONG_ANSWER,1787,1513699498,Sawcode,CONTESTANT,PRETESTS,2,15,2048000
902,A,33424142,GNU C++,OK,2572,1513700283,Sawcode,CONTESTANT,TESTS,55,15,2048000
902,B,33433851,GNU C++,OK,6488,1513704198,Sawcode,CONTESTANT,TESTS,50,46,2867200
902,A,33430472,GNU C++,SKIPPED,4889,1513702589,Sayemm,CONTESTANT,PRETESTS,8,15,2048000
902,A,33430793,GNU C++,WRONG_ANSWER,5034,1513702734,Sayemm,CONTESTANT,PRETESTS,2,15,2048000
902,A,33431223,GNU C++,COMPILATION_ERROR,5227,1513702927,Sayemm,CONTESTANT,PRETESTS,0,0,0
902,A,33431375,GNU C++,WRONG_ANSWER,5300,1513703000,Sayemm,CONTESTANT,PRETESTS,2,0,2048000
902,A,33431458,GNU C++,WRONG_ANSWER,5340,1513703040,Sayemm,CONTESTANT,TESTS,47,15,2048000
902,A,33417146,GNU C++11,OK,961,1513698671,Sazzon,CONTESTANT,TESTS,55,15,2048000
902,B,33420929,GNU C++11,OK,1716,1513699426,Sazzon,CONTESTANT,TESTS,50,15,2457600
902,C,33427195,GNU C++11,WRONG_ANSWER,3575,1513701286,Sazzon,CONTESTANT,PRETESTS,1,15,2457600
902,C,33427868,GNU C++11,WRONG_ANSWER,3817,1513701527,Sazzon,CONTESTANT,PRETESTS,3,0,2457600
902,C,33428595,GNU C++11,WRONG_ANSWER,4103,1513701813,Sazzon,CONTESTANT,TESTS,37,93,4096000
902,A,33412978,C++14 (GCC 6-32),WRONG_ANSWER,305,1513698005,Scayre,CONTESTANT,PRETESTS,3,15,1843200
902,A,33413830,C++14 (GCC 6-32),OK,459,1513698159,Scayre,CONTESTANT,TESTS,55,15,1945600
902,B,33417600,C++14 (GCC 6-32),OK,1051,1513698751,Scayre,CONTESTANT,TESTS,50,218,12288000
902,C,33423789,C++14 (GCC 6-32),WRONG_ANSWER,2490,1513700190,Scayre,CONTESTANT,PRETESTS,4,15,3891200
902,C,33424018,C++14 (GCC 6-32),WRONG_ANSWER,2550,1513700250,Scayre,CONTESTANT,PRETESTS,4,15,3891200
902,C,33424345,C++14 (GCC 6-32),WRONG_ANSWER,2636,1513700336,Scayre,CONTESTANT,PRETESTS,8,15,3891200
902,C,33424548,C++14 (GCC 6-32),OK,2701,1513700401,Scayre,CONTESTANT,TESTS,45,109,3891200
902,A,33413874,Java 8,RUNTIME_ERROR,466,1513698166,SeD,CONTESTANT,PRETESTS,3,108,20582400
902,A,33414281,Java 8,OK,530,1513698230,SeD,CONTESTANT,TESTS,55,124,20684800
902,B,33418955,Java 8,OK,1297,1513698997,SeD,CONTESTANT,TESTS,50,139,20684800
902,C,33425816,Java 8,WRONG_ANSWER,3094,1513700794,SeD,CONTESTANT,PRETESTS,1,93,20582400
902,C,33426033,Java 8,WRONG_ANSWER,3163,1513700863,SeD,CONTESTANT,PRETESTS,4,109,20582400
902,C,33427897,Java 8,OK,3838,1513701538,SeD,CONTESTANT,TESTS,45,202,20787200
902,D,33432967,Java 8,WRONG_ANSWER,6095,1513703795,SeD,CONTESTANT,PRETESTS,2,109,20582400
902,A,33413268,GNU C++,WRONG_ANSWER,362,1513698062,SebaMarin,CONTESTANT,PRETESTS,2,0,2048000
902,A,33413896,GNU C++,WRONG_ANSWER,470,1513698170,SebaMarin,CONTESTANT,TESTS,47,15,2048000
902,B,33423732,GNU C++,OK,2471,1513700171,SebaMarin,CONTESTANT,TESTS,50,296,2662400
902,C,33429562,GNU C++,OK,4514,1513702214,SebaMarin,CONTESTANT,TESTS,45,249,2867200
902,A,33415045,C++14 (GCC 6-32),OK,653,1513698353,SebasJM,CONTESTANT,TESTS,55,15,1945600
902,B,33419060,C++14 (GCC 6-32),OK,1323,1513699023,SebasJM,CONTESTANT,TESTS,50,31,2560000
902,C,33426516,C++14 (GCC 6-32),OK,3330,1513701030,SebasJM,CONTESTANT,TESTS,45,109,14438400
902,A,33412754,Java 8,OK,231,1513697931,SecondThread,CONTESTANT,TESTS,55,139,20684800
902,B,33415240,Java 8,OK,683,1513698383,SecondThread,CONTESTANT,TESTS,50,140,20787200
902,C,33419859,Java 8,OK,1481,1513699181,SecondThread,CONTESTANT,TESTS,45,1216,20889600
902,A,33413383,GNU C++,WRONG_ANSWER,381,1513698081,SeeYouAgain,CONTESTANT,PRETESTS,5,15,2867200
902,A,33414332,GNU C++,WRONG_ANSWER,539,1513698239,SeeYouAgain,CONTESTANT,PRETESTS,0,0,2867200
902,A,33415371,GNU C++,WRONG_ANSWER,702,1513698402,SeeYouAgain,CONTESTANT,PRETESTS,3,15,2867200
902,A,33417792,GNU C++,OK,1083,1513698783,SeeYouAgain,CONTESTANT,TESTS,55,15,2150400
902,B,33423307,GNU C++,MEMORY_LIMIT_EXCEEDED,2352,1513700052,SeeYouAgain,CONTESTANT,PRETESTS,0,0,268390400
902,B,33423515,GNU C++,WRONG_ANSWER,2409,1513700109,SeeYouAgain,CONTESTANT,PRETESTS,2,15,2150400
902,B,33424220,GNU C++,OK,2599,1513700299,SeeYouAgain,CONTESTANT,TESTS,50,31,2150400
902,A,33413991,GNU C++,WRONG_ANSWER,487,1513698187,SeehtEntity,CONTESTANT,PRETESTS,2,15,2048000
902,A,33414818,GNU C++,CHALLENGED,616,1513698316,SeehtEntity,CONTESTANT,CHALLENGES,8,15,2048000
902,B,33421260,GNU C++,OK,1809,1513699509,SeehtEntity,CONTESTANT,TESTS,50,46,2867200
902,C,33430184,GNU C++,WRONG_ANSWER,4775,1513702475,SeehtEntity,CONTESTANT,PRETESTS,1,0,2048000
902,A,33416738,C++14 (GCC 6-32),WRONG_ANSWER,905,1513698605,Semih_,CONTESTANT,PRETESTS,2,15,1945600
902,A,33417844,C++14 (GCC 6-32),WRONG_ANSWER,1092,1513698792,Semih_,CONTESTANT,PRETESTS,2,15,1843200
902,A,33420445,C++14 (GCC 6-32),WRONG_ANSWER,1613,1513699313,Semih_,CONTESTANT,PRETESTS,2,15,1945600
902,A,33424328,C++14 (GCC 6-32),WRONG_ANSWER,2631,1513700331,Semih_,CONTESTANT,PRETESTS,2,0,1843200
902,A,33424740,C++14 (GCC 6-32),WRONG_ANSWER,2755,1513700455,Semih_,CONTESTANT,PRETESTS,2,0,1945600
902,A,33426366,C++14 (GCC 6-32),WRONG_ANSWER,3276,1513700976,Semih_,CONTESTANT,PRETESTS,1,0,1945600
902,A,33426785,C++14 (GCC 6-32),WRONG_ANSWER,3428,1513701128,Semih_,CONTESTANT,PRETESTS,2,15,1843200
902,A,33428803,C++14 (GCC 6-32),WRONG_ANSWER,4201,1513701901,Semih_,CONTESTANT,PRETESTS,2,15,1945600
902,A,33415597,PyPy 2,WRONG_ANSWER,733,1513698433,SerChirag,CONTESTANT,PRETESTS,3,62,21196800
902,A,33418163,PyPy 2,WRONG_ANSWER,1143,1513698843,SerChirag,CONTESTANT,PRETESTS,3,93,21196800
902,A,33423208,PyPy 2,WRONG_ANSWER,2324,1513700024,SerChirag,CONTESTANT,PRETESTS,3,62,21196800
902,B,33427350,PyPy 2,WRONG_ANSWER,3642,1513701342,SerChirag,CONTESTANT,PRETESTS,4,62,21196800
902,B,33428524,PyPy 2,RUNTIME_ERROR,4086,1513701786,SerChirag,CONTESTANT,TESTS,24,218,31129600
902,A,33429734,PyPy 2,WRONG_ANSWER,4583,1513702283,SerChirag,CONTESTANT,PRETESTS,3,46,21196800
902,A,33432529,PyPy 2,OK,5886,1513703586,SerChirag,CONTESTANT,TESTS,55,62,21196800
902,A,33419206,MS C++,OK,1351,1513699051,SevagD,CONTESTANT,TESTS,55,30,2048000
902,B,33423289,MS C++,OK,2349,1513700049,SevagD,CONTESTANT,TESTS,50,31,2457600
902,C,33428905,MS C++,WRONG_ANSWER,4238,1513701938,SevagD,CONTESTANT,PRETESTS,1,0,2048000
902,C,33430531,MS C++,WRONG_ANSWER,4915,1513702615,SevagD,CONTESTANT,PRETESTS,1,15,2048000
902,C,33433019,MS C++,WRONG_ANSWER,6118,1513703818,SevagD,CONTESTANT,PRETESTS,6,15,2048000
902,C,33434349,MS C++,OK,6738,1513704438,SevagD,CONTESTANT,TESTS,45,280,2457600
902,A,33413043,Java 8,WRONG_ANSWER,317,1513698017,SevenDeadlySins,CONTESTANT,PRETESTS,1,140,20992000
902,A,33414176,Java 8,WRONG_ANSWER,516,1513698216,SevenDeadlySins,CONTESTANT,PRETESTS,1,139,20992000
902,B,33422237,Java 8,OK,2046,1513699746,SevenDeadlySins,CONTESTANT,TESTS,50,202,22118400
902,C,33432445,Java 8,OK,5842,1513703542,SevenDeadlySins,CONTESTANT,TESTS,45,1419,38092800
902,A,33412682,GNU C++,WRONG_ANSWER,181,1513697892,SeventeenYears,CONTESTANT,PRETESTS,1,15,2457600
902,A,33412851,GNU C++,OK,258,1513697968,SeventeenYears,CONTESTANT,TESTS,55,15,2457600
902,B,33415115,GNU C++,OK,652,1513698363,SeventeenYears,CONTESTANT,TESTS,50,15,5324800
902,C,33418414,GNU C++,OK,1176,1513698887,SeventeenYears,CONTESTANT,TESTS,45,109,6041600
902,D,33431970,GNU C++,WRONG_ANSWER,5590,1513703301,SeventeenYears,CONTESTANT,PRETESTS,2,15,3276800
902,D,33433269,GNU C++,WRONG_ANSWER,6225,1513703936,SeventeenYears,CONTESTANT,PRETESTS,0,0,3276800
902,D,33433839,GNU C++,WRONG_ANSWER,6478,1513704189,SeventeenYears,CONTESTANT,PRETESTS,2,15,3276800
902,D,33435299,GNU C++,WRONG_ANSWER,7093,1513704803,SeventeenYears,CONTESTANT,PRETESTS,4,15,3276800
902,A,33415145,C++14 (GCC 6-32),WRONG_ANSWER,667,1513698367,Seyed37,CONTESTANT,PRETESTS,2,15,1945600
902,A,33419580,C++14 (GCC 6-32),OK,1427,1513699127,Seyed37,CONTESTANT,TESTS,55,31,1945600
902,B,33427212,C++14 (GCC 6-32),OK,3589,1513701289,Seyed37,CONTESTANT,TESTS,50,405,3174400
902,A,33413979,C++14 (GCC 6-32),OK,485,1513698185,Shaad7,CONTESTANT,TESTS,55,15,1945600
902,B,33420939,C++14 (GCC 6-32),OK,1728,1513699428,Shaad7,CONTESTANT,TESTS,50,249,2662400
902,C,33428327,C++14 (GCC 6-32),WRONG_ANSWER,4001,1513701701,Shaad7,CONTESTANT,PRETESTS,3,15,3481600
902,C,33432910,C++14 (GCC 6-32),WRONG_ANSWER,6071,1513703771,Shaad7,CONTESTANT,PRETESTS,4,15,3481600
902,C,33433650,C++14 (GCC 6-32),WRONG_ANSWER,6404,1513704104,Shaad7,CONTESTANT,PRETESTS,4,0,3481600
902,A,33413286,GNU C++11,WRONG_ANSWER,355,1513698066,Shadow,CONTESTANT,PRETESTS,0,0,3379200
902,B,33414644,GNU C++11,OK,579,1513698289,Shadow,CONTESTANT,TESTS,50,46,3891200
902,A,33416028,GNU C++11,OK,786,1513698496,Shadow,CONTESTANT,TESTS,55,31,3379200
902,C,33421710,GNU C++11,RUNTIME_ERROR,1907,1513699618,Shadow,CONTESTANT,TESTS,13,109,3276800
902,A,33415582,GNU C++,WRONG_ANSWER,731,1513698431,Shadow_Ninja,CONTESTANT,TESTS,11,15,2048000
902,B,33422288,GNU C++,OK,2060,1513699760,Shadow_Ninja,CONTESTANT,TESTS,50,30,2560000
902,C,33432631,GNU C++,OK,5936,1513703636,Shadow_Ninja,CONTESTANT,TESTS,45,124,8908800
902,A,33425088,GNU C++11,CHALLENGED,2848,1513700558,Shadowline,CONTESTANT,CHALLENGES,8,30,2048000
902,A,33430100,GNU C++11,WRONG_ANSWER,4745,1513702445,Shadowline,CONTESTANT,CHALLENGES,0,15,2048000
902,A,33426010,GNU C++,WRONG_ANSWER,3154,1513700854,Shahadat_SUST,CONTESTANT,PRETESTS,2,15,2048000
902,A,33426822,GNU C++,WRONG_ANSWER,3442,1513701142,Shahadat_SUST,CONTESTANT,PRETESTS,4,15,2048000
902,A,33427744,GNU C++,WRONG_ANSWER,3785,1513701485,Shahadat_SUST,CONTESTANT,PRETESTS,2,15,2048000
902,A,33428471,GNU C++,TIME_LIMIT_EXCEEDED,4060,1513701760,Shahadat_SUST,CONTESTANT,PRETESTS,0,1000,2048000
902,A,33429272,GNU C++,WRONG_ANSWER,4386,1513702086,Shahadat_SUST,CONTESTANT,PRETESTS,4,15,2048000
902,A,33430293,GNU C++,WRONG_ANSWER,4815,1513702515,Shahadat_SUST,CONTESTANT,PRETESTS,4,15,2048000
902,A,33431586,GNU C++,WRONG_ANSWER,5402,1513703102,Shahadat_SUST,CONTESTANT,PRETESTS,2,0,2048000
902,A,33432258,GNU C++,WRONG_ANSWER,5741,1513703441,Shahadat_SUST,CONTESTANT,PRETESTS,2,0,2048000
902,A,33433082,GNU C++,WRONG_ANSWER,6150,1513703850,Shahadat_SUST,CONTESTANT,PRETESTS,2,0,2048000
902,A,33416745,C++14 (GCC 6-32),WRONG_ANSWER,906,1513698606,Shahat,CONTESTANT,PRETESTS,2,15,1843200
902,A,33420508,C++14 (GCC 6-32),WRONG_ANSWER,1627,1513699327,Shahat,CONTESTANT,PRETESTS,3,15,1945600
902,A,33421503,C++14 (GCC 6-32),WRONG_ANSWER,1870,1513699570,Shahat,CONTESTANT,PRETESTS,2,15,1843200
902,A,33421548,C++14 (GCC 6-32),WRONG_ANSWER,1881,1513699581,Shahat,CONTESTANT,PRETESTS,3,15,1843200
902,A,33427671,C++14 (GCC 6-32),WRONG_ANSWER,3756,1513701456,Shahat,CONTESTANT,PRETESTS,2,15,1945600
902,A,33428990,C++14 (GCC 6-32),WRONG_ANSWER,4276,1513701976,Shahat,CONTESTANT,TESTS,41,15,1945600
902,B,33435312,C++14 (GCC 6-32),WRONG_ANSWER,7108,1513704808,Shahat,CONTESTANT,PRETESTS,4,15,1945600
902,B,33435560,C++14 (GCC 6-32),WRONG_ANSWER,7176,1513704876,Shahat,CONTESTANT,PRETESTS,4,15,1945600
902,A,33422547,C++14 (GCC 6-32),OK,2139,1513699839,Shahidul1004,CONTESTANT,TESTS,55,15,1945600
902,B,33431614,C++14 (GCC 6-32),OK,5414,1513703114,Shahidul1004,CONTESTANT,TESTS,50,30,2560000
902,A,33415811,C++14 (GCC 6-32),WRONG_ANSWER,766,1513698466,Shahnewaz_Rahi,CONTESTANT,PRETESTS,2,15,1945600
902,A,33424269,C++14 (GCC 6-32),WRONG_ANSWER,2614,1513700314,Shahnewaz_Rahi,CONTESTANT,PRETESTS,2,0,1945600
902,A,33414974,GNU C++11,WRONG_ANSWER,641,1513698341,Shahriar_88,CONTESTANT,PRETESTS,0,0,2048000
902,A,33415168,GNU C++11,WRONG_ANSWER,670,1513698370,Shahriar_88,CONTESTANT,PRETESTS,2,15,2048000
902,A,33416170,GNU C++11,WRONG_ANSWER,818,1513698518,Shahriar_88,CONTESTANT,PRETESTS,2,15,2048000
902,A,33418285,GNU C++11,OK,1165,1513698865,Shahriar_88,CONTESTANT,TESTS,55,30,2048000
902,A,33412896,C++14 (GCC 6-32),WRONG_ANSWER,273,1513697983,Shalchian,CONTESTANT,PRETESTS,1,0,2662400
902,A,33413886,C++14 (GCC 6-32),WRONG_ANSWER,457,1513698168,Shalchian,CONTESTANT,PRETESTS,2,15,2662400
902,A,33415347,C++14 (GCC 6-32),WRONG_ANSWER,687,1513698397,Shalchian,CONTESTANT,PRETESTS,1,15,2662400
902,A,33416724,C++14 (GCC 6-32),WRONG_ANSWER,893,1513698603,Shalchian,CONTESTANT,PRETESTS,0,15,2662400
902,A,33418337,C++14 (GCC 6-32),WRONG_ANSWER,1163,1513698874,Shalchian,CONTESTANT,PRETESTS,1,15,2662400
902,A,33419006,C++14 (GCC 6-32),WRONG_ANSWER,1298,1513699009,Shalchian,CONTESTANT,PRETESTS,6,15,2662400
902,A,33419628,C++14 (GCC 6-32),WRONG_ANSWER,1425,1513699135,Shalchian,CONTESTANT,PRETESTS,5,15,2662400
902,A,33420462,C++14 (GCC 6-32),WRONG_ANSWER,1605,1513699316,Shalchian,CONTESTANT,PRETESTS,5,15,2662400
902,A,33421268,C++14 (GCC 6-32),OK,1800,1513699511,Shalchian,CONTESTANT,TESTS,55,31,2662400
902,B,33423502,C++14 (GCC 6-32),OK,2395,1513700106,Shalchian,CONTESTANT,TESTS,50,15,4403200
902,C,33427553,C++14 (GCC 6-32),WRONG_ANSWER,3702,1513701413,Shalchian,CONTESTANT,PRETESTS,1,0,2662400
902,C,33427969,C++14 (GCC 6-32),OK,3853,1513701564,Shalchian,CONTESTANT,TESTS,45,93,2662400
902,A,33416303,C++14 (GCC 6-32),WRONG_ANSWER,837,1513698537,Shanto462,CONTESTANT,PRETESTS,4,15,1945600
902,A,33417912,C++14 (GCC 6-32),WRONG_ANSWER,1102,1513698802,Shanto462,CONTESTANT,PRETESTS,4,0,1945600
902,A,33418769,C++14 (GCC 6-32),WRONG_ANSWER,1256,1513698956,Shanto462,CONTESTANT,PRETESTS,4,15,1945600
902,A,33420655,C++14 (GCC 6-32),WRONG_ANSWER,1663,1513699363,Shanto462,CONTESTANT,TESTS,16,15,1945600
902,A,33412681,Java 8,OK,190,1513697890,Sharon,CONTESTANT,TESTS,55,170,20992000
902,B,33414561,Java 8,OK,578,1513698278,Sharon,CONTESTANT,TESTS,50,202,21094400
902,C,33421765,Java 8,WRONG_ANSWER,1931,1513699631,Sharon,CONTESTANT,PRETESTS,1,124,20992000
902,C,33424889,Java 8,OK,2796,1513700496,Sharon,CONTESTANT,TESTS,45,1372,21299200
902,A,33418388,C++14 (GCC 6-32),WRONG_ANSWER,1182,1513698882,Sharton,CONTESTANT,PRETESTS,1,0,1843200
902,A,33420126,C++14 (GCC 6-32),OK,1540,1513699240,Sharton,CONTESTANT,TESTS,55,15,1945600
902,B,33427222,C++14 (GCC 6-32),OK,3593,1513701293,Sharton,CONTESTANT,TESTS,50,264,102400000
902,C,33432609,C++14 (GCC 6-32),OK,5922,1513703622,Sharton,CONTESTANT,TESTS,45,109,2252800
902,A,33432401,GNU C++,WRONG_ANSWER,5805,1513703515,Shawon_Tanvir,CONTESTANT,PRETESTS,4,15,2048000
902,A,33415505,GNU C++,OK,723,1513698423,Shayan.Kashefi_A,CONTESTANT,TESTS,55,15,2048000
902,B,33426675,GNU C++11,OK,3391,1513701091,Shayan.Kashefi_A,CONTESTANT,TESTS,50,265,2867200
902,A,33412879,C++14 (GCC 6-32),OK,266,1513697976,Shayan.P,CONTESTANT,TESTS,55,15,1945600
902,B,33416091,C++14 (GCC 6-32),OK,794,1513698504,Shayan.P,CONTESTANT,TESTS,50,31,2662400
902,C,33424252,C++14 (GCC 6-32),WRONG_ANSWER,2599,1513700310,Shayan.P,CONTESTANT,TESTS,14,155,3481600
902,D,33429971,C++14 (GCC 6-32),WRONG_ANSWER,4674,1513702384,Shayan.P,CONTESTANT,PRETESTS,2,0,1843200
902,A,33415789,GNU C,COMPILATION_ERROR,763,1513698463,Sherbini,CONTESTANT,PRETESTS,0,0,0
902,A,33415954,C++14 (GCC 6-32),OK,785,1513698485,Sherbini,CONTESTANT,TESTS,55,15,2048000
902,B,33424902,C++14 (GCC 6-32),RUNTIME_ERROR,2799,1513700499,Sherbini,CONTESTANT,PRETESTS,5,15,2048000
902,B,33426716,C++14 (GCC 6-32),RUNTIME_ERROR,3406,1513701106,Sherbini,CONTESTANT,PRETESTS,5,15,2048000
902,B,33427445,C++14 (GCC 6-32),RUNTIME_ERROR,3672,1513701372,Sherbini,CONTESTANT,PRETESTS,5,15,2048000
902,B,33428998,C++14 (GCC 6-32),OK,4279,1513701979,Sherbini,CONTESTANT,TESTS,50,46,2764800
902,A,33414762,GNU C++11,WRONG_ANSWER,605,1513698305,Sherek,CONTESTANT,PRETESTS,1,31,2048000
902,A,33417020,GNU C++11,WRONG_ANSWER,948,1513698648,Sherek,CONTESTANT,PRETESTS,2,15,2048000
902,A,33418038,GNU C++11,WRONG_ANSWER,1123,1513698823,Sherek,CONTESTANT,PRETESTS,2,0,2048000
902,B,33426739,GNU C++11,OK,3412,1513701112,Sherek,CONTESTANT,TESTS,50,280,2560000
902,A,33429161,GNU C++11,WRONG_ANSWER,4342,1513702042,Sherek,CONTESTANT,PRETESTS,2,0,2048000
902,A,33429803,GNU C++11,WRONG_ANSWER,4618,1513702318,Sherek,CONTESTANT,PRETESTS,2,15,2048000
902,A,33431796,GNU C++11,WRONG_ANSWER,5515,1513703215,Sherek,CONTESTANT,PRETESTS,2,15,2048000
902,A,33419695,C++14 (GCC 6-32),CHALLENGED,1448,1513699148,Shihab_Hossain,CONTESTANT,CHALLENGES,8,15,1945600
902,A,33433667,C++14 (GCC 6-32),WRONG_ANSWER,6412,1513704112,Shihab_Hossain,CONTESTANT,CHALLENGES,0,15,1945600
902,A,33433864,C++14 (GCC 6-32),WRONG_ANSWER,6504,1513704204,Shihab_Hossain,CONTESTANT,CHALLENGES,0,0,1945600
902,A,33435034,C++14 (GCC 6-32),OK,7016,1513704716,Shihab_Hossain,CONTESTANT,TESTS,55,15,1945600
902,A,33414320,GNU C++11,WRONG_ANSWER,537,1513698237,Shinigami007,CONTESTANT,PRETESTS,2,15,3072000
902,A,33416206,GNU C++11,WRONG_ANSWER,822,1513698522,Shinigami007,CONTESTANT,PRETESTS,2,15,3072000
902,A,33422919,GNU C++11,WRONG_ANSWER,2240,1513699940,Shinigami007,CONTESTANT,PRETESTS,2,15,3072000
902,A,33429985,GNU C++11,OK,4688,1513702388,Shinigami007,CONTESTANT,TESTS,55,15,3891200
902,B,33432788,GNU C++11,WRONG_ANSWER,6007,1513703707,Shinigami007,CONTESTANT,PRETESTS,4,0,2355200
902,B,33434502,GNU C++11,WRONG_ANSWER,6806,1513704506,Shinigami007,CONTESTANT,PRETESTS,2,15,2355200
902,B,33434999,GNU C++11,OK,7003,1513704703,Shinigami007,CONTESTANT,TESTS,50,295,2662400
902,A,33413914,GNU C++,OK,473,1513698173,ShivamK,CONTESTANT,TESTS,55,15,2048000
902,B,33420392,GNU C++,OK,1599,1513699299,ShivamK,CONTESTANT,TESTS,50,31,2560000
902,A,33412925,C++14 (GCC 6-32),OK,282,1513697992,Shivram,CONTESTANT,TESTS,55,15,1945600
902,B,33415016,C++14 (GCC 6-32),OK,638,1513698348,Shivram,CONTESTANT,TESTS,50,30,2560000
902,C,33420601,C++14 (GCC 6-32),SKIPPED,1637,1513699348,Shivram,CONTESTANT,PRETESTS,13,31,5939200
902,C,33428128,C++14 (GCC 6-32),OK,3918,1513701628,Shivram,CONTESTANT,TESTS,45,109,9932800
902,D,33435251,C++14 (GCC 6-32),WRONG_ANSWER,7078,1513704788,Shivram,CONTESTANT,PRETESTS,0,0,2048000
902,D,33435379,C++14 (GCC 6-32),WRONG_ANSWER,7118,1513704829,Shivram,CONTESTANT,PRETESTS,4,15,2048000
902,A,33417073,C++14 (GCC 6-32),CHALLENGED,957,1513698657,Shofiq,CONTESTANT,CHALLENGES,8,15,1945600
902,B,33424448,C++14 (GCC 6-32),OK,2672,1513700372,Shofiq,CONTESTANT,TESTS,50,234,2355200
902,A,33430116,C++14 (GCC 6-32),OK,4749,1513702449,Shofiq,CONTESTANT,TESTS,55,15,1945600
902,A,33413375,GNU C++11,OK,380,1513698080,ShokuhouMisaki,CONTESTANT,TESTS,55,15,2048000
902,B,33421411,GNU C++11,OK,1845,1513699545,ShokuhouMisaki,CONTESTANT,TESTS,50,15,12083200
902,C,33425056,GNU C++11,OK,2849,1513700549,ShokuhouMisaki,CONTESTANT,TESTS,45,93,8089600
902,A,33414443,MS C#,WRONG_ANSWER,547,1513698258,ShowStopper728,CONTESTANT,PRETESTS,4,46,11776000
902,A,33415104,MS C#,WRONG_ANSWER,652,1513698362,ShowStopper728,CONTESTANT,PRETESTS,4,46,11673600
902,A,33416253,MS C#,WRONG_ANSWER,818,1513698528,ShowStopper728,CONTESTANT,PRETESTS,1,46,11673600
902,A,33417013,MS C#,WRONG_ANSWER,936,1513698646,ShowStopper728,CONTESTANT,PRETESTS,4,46,11673600
902,A,33417383,MS C#,WRONG_ANSWER,1002,1513698713,ShowStopper728,CONTESTANT,PRETESTS,4,46,11673600
902,A,33420206,MS C#,WRONG_ANSWER,1549,1513699260,ShowStopper728,CONTESTANT,PRETESTS,3,46,11673600
902,A,33420509,MS C#,WRONG_ANSWER,1617,1513699328,ShowStopper728,CONTESTANT,PRETESTS,4,46,11673600
902,A,33433479,MS C#,WRONG_ANSWER,6315,1513704025,ShowStopper728,CONTESTANT,PRETESTS,4,46,11673600
902,A,33434240,MS C#,OK,6678,1513704388,ShowStopper728,CONTESTANT,TESTS,55,46,11776000
902,B,33434815,Java 8,WRONG_ANSWER,6928,1513704639,ShowStopper728,CONTESTANT,PRETESTS,1,108,20582400
902,A,33415516,C++14 (GCC 6-32),OK,724,1513698424,ShubhamAvasthi,CONTESTANT,TESTS,55,15,1945600
902,B,33421034,C++14 (GCC 6-32),OK,1753,1513699453,ShubhamAvasthi,CONTESTANT,TESTS,50,31,2560000
902,C,33427657,C++14 (GCC 6-32),OK,3750,1513701450,ShubhamAvasthi,CONTESTANT,TESTS,45,93,2355200
902,D,33433452,C++14 (GCC 6-32),WRONG_ANSWER,6315,1513704015,ShubhamAvasthi,CONTESTANT,PRETESTS,3,0,1945600
902,D,33434897,C++14 (GCC 6-32),WRONG_ANSWER,6970,1513704670,ShubhamAvasthi,CONTESTANT,PRETESTS,1,0,1843200
902,A,33414259,C++14 (GCC 6-32),OK,527,1513698227,Shudi,CONTESTANT,TESTS,55,15,1945600
902,B,33420732,C++14 (GCC 6-32),OK,1680,1513699380,Shudi,CONTESTANT,TESTS,50,30,2560000
902,C,33431828,C++14 (GCC 6-32),OK,5533,1513703233,Shudi,CONTESTANT,TESTS,45,109,12288000
902,A,33415213,C++14 (GCC 6-32),WRONG_ANSWER,668,1513698378,Shumlyakova_S,CONTESTANT,PRETESTS,2,15,1843200
902,A,33416766,C++14 (GCC 6-32),WRONG_ANSWER,900,1513698611,Shumlyakova_S,CONTESTANT,PRETESTS,4,15,1945600
902,A,33420258,C++14 (GCC 6-32),OK,1559,1513699270,Shumlyakova_S,CONTESTANT,TESTS,55,15,1945600
902,B,33428897,C++14 (GCC 6-32),OK,4225,1513701936,Shumlyakova_S,CONTESTANT,TESTS,50,15,2355200
902,C,33434685,C++14 (GCC 6-32),OK,6868,1513704579,Shumlyakova_S,CONTESTANT,TESTS,45,93,21913600
902,A,33413231,Java 8,OK,345,1513698055,Shun_PI,CONTESTANT,TESTS,55,140,20684800
902,B,33416598,Java 8,OK,872,1513698583,Shun_PI,CONTESTANT,TESTS,50,155,20787200
902,C,33422698,Java 8,WRONG_ANSWER,2170,1513699881,Shun_PI,CONTESTANT,PRETESTS,5,108,20684800
902,C,33424821,Java 8,OK,2767,1513700477,Shun_PI,CONTESTANT,TESTS,45,249,43110400
902,D,33430185,Java 8,WRONG_ANSWER,4765,1513702476,Shun_PI,CONTESTANT,PRETESTS,2,109,20582400
902,A,33414107,GNU C++,WRONG_ANSWER,505,1513698205,Shutki,CONTESTANT,PRETESTS,2,15,2048000
902,A,33414814,GNU C++,WRONG_ANSWER,615,1513698315,Shutki,CONTESTANT,PRETESTS,4,15,2048000
902,A,33415821,GNU C++,WRONG_ANSWER,767,1513698467,Shutterbug,CONTESTANT,PRETESTS,2,15,2048000
902,A,33421960,GNU C++,WRONG_ANSWER,1983,1513699683,Shutterbug,CONTESTANT,PRETESTS,2,15,2048000
902,A,33423887,GNU C++,WRONG_ANSWER,2514,1513700214,Shutterbug,CONTESTANT,PRETESTS,1,15,2048000
902,A,33424608,GNU C++,OK,2717,1513700417,Shutterbug,CONTESTANT,TESTS,55,30,2048000
902,B,33432104,GNU C++,OK,5666,1513703366,Shutterbug,CONTESTANT,TESTS,50,46,2662400
902,A,33420187,C++14 (GCC 6-32),WRONG_ANSWER,1555,1513699255,Shuvo,CONTESTANT,PRETESTS,2,15,1945600
902,A,33421232,C++14 (GCC 6-32),WRONG_ANSWER,1800,1513699500,Shuvo,CONTESTANT,PRETESTS,2,15,1945600
902,A,33422435,C++14 (GCC 6-32),OK,2108,1513699808,Shuvo,CONTESTANT,TESTS,55,15,1945600
902,B,33433977,C++14 (GCC 6-32),OK,6567,1513704267,Shuvo,CONTESTANT,TESTS,50,30,6860800
902,A,33415631,C++14 (GCC 6-32),OK,738,1513698438,SiamH,CONTESTANT,TESTS,55,15,1945600
902,B,33424357,C++14 (GCC 6-32),OK,2639,1513700339,SiamH,CONTESTANT,TESTS,50,31,2560000
902,C,33433199,C++14 (GCC 6-32),OK,6207,1513703907,SiamH,CONTESTANT,TESTS,45,140,2252800
902,A,33422134,C++14 (GCC 6-32),WRONG_ANSWER,2022,1513699722,Sicko,CONTESTANT,TESTS,16,15,2048000
902,A,33422527,C++14 (GCC 6-32),WRONG_ANSWER,2133,1513699833,Sidekick_08,CONTESTANT,PRETESTS,2,0,1843200
902,A,33428240,C++14 (GCC 6-32),WRONG_ANSWER,3970,1513701670,Sidekick_08,CONTESTANT,PRETESTS,2,15,1945600
902,B,33428743,C++14 (GCC 6-32),WRONG_ANSWER,4181,1513701881,Sidekick_08,CONTESTANT,PRETESTS,0,15,1843200
902,A,33429834,C++14 (GCC 6-32),WRONG_ANSWER,4627,1513702327,Sidekick_08,CONTESTANT,PRETESTS,2,0,1945600
902,A,33417183,GNU C++11,WRONG_ANSWER,968,1513698678,Sids2k,CONTESTANT,PRETESTS,4,15,2048000
902,A,33423175,GNU C++11,WRONG_ANSWER,2304,1513700015,Sids2k,CONTESTANT,PRETESTS,4,15,2048000
902,A,33428798,GNU C++11,WRONG_ANSWER,4189,1513701899,Sids2k,CONTESTANT,PRETESTS,0,15,2048000
902,A,33429474,GNU C++11,CHALLENGED,4462,1513702173,Sids2k,CONTESTANT,CHALLENGES,8,15,2048000
902,A,33415184,GNU C++11,WRONG_ANSWER,673,1513698373,Silentselene,CONTESTANT,PRETESTS,3,15,1843200
902,A,33416401,GNU C++11,OK,850,1513698550,Silentselene,CONTESTANT,TESTS,55,15,1843200
902,B,33423523,GNU C++11,OK,2410,1513700110,Silentselene,CONTESTANT,TESTS,50,15,1945600
902,A,33418811,C++14 (GCC 6-32),OK,1253,1513698964,Silver_Fox,CONTESTANT,TESTS,55,15,1945600
902,B,33425011,C++14 (GCC 6-32),OK,2822,1513700532,Silver_Fox,CONTESTANT,TESTS,50,46,2764800
902,C,33429690,C++14 (GCC 6-32),OK,4554,1513702265,Silver_Fox,CONTESTANT,TESTS,45,93,5632000
902,D,33433233,C++14 (GCC 6-32),WRONG_ANSWER,6208,1513703919,Silver_Fox,CONTESTANT,PRETESTS,2,15,1945600
902,A,33421247,C++14 (GCC 6-32),WRONG_ANSWER,1804,1513699504,SimpleProgrammist,CONTESTANT,PRETESTS,2,0,1843200
902,A,33421740,C++14 (GCC 6-32),WRONG_ANSWER,1924,1513699624,SimpleProgrammist,CONTESTANT,PRETESTS,2,15,1945600
902,A,33422107,C++14 (GCC 6-32),WRONG_ANSWER,2015,1513699715,SimpleProgrammist,CONTESTANT,PRETESTS,2,15,1843200
902,A,33423908,C++14 (GCC 6-32),WRONG_ANSWER,2520,1513700220,SimpleProgrammist,CONTESTANT,PRETESTS,2,15,1843200
902,A,33424997,C++14 (GCC 6-32),WRONG_ANSWER,2829,1513700529,SimpleProgrammist,CONTESTANT,PRETESTS,2,15,1843200
902,A,33426310,C++14 (GCC 6-32),WRONG_ANSWER,3257,1513700957,SimpleProgrammist,CONTESTANT,PRETESTS,2,15,1843200
902,A,33427392,C++14 (GCC 6-32),WRONG_ANSWER,3654,1513701354,SimpleProgrammist,CONTESTANT,PRETESTS,4,15,1945600
902,A,33428365,C++14 (GCC 6-32),WRONG_ANSWER,4015,1513701715,SimpleProgrammist,CONTESTANT,PRETESTS,4,0,1945600
902,A,33429644,C++14 (GCC 6-32),WRONG_ANSWER,4550,1513702250,SimpleProgrammist,CONTESTANT,PRETESTS,4,15,1843200
902,A,33430203,C++14 (GCC 6-32),WRONG_ANSWER,4781,1513702481,SimpleProgrammist,CONTESTANT,PRETESTS,4,15,1945600
902,A,33413390,Python 2,WRONG_ANSWER,383,1513698083,SinByCos,CONTESTANT,PRETESTS,2,46,4608000
902,A,33414219,Python 2,OK,522,1513698222,SinByCos,CONTESTANT,TESTS,55,62,4608000
902,B,33421946,C++14 (GCC 6-32),OK,1979,1513699679,SinByCos,CONTESTANT,TESTS,50,296,2662400
902,C,33431211,C++14 (GCC 6-32),OK,5221,1513702921,SinByCos,CONTESTANT,TESTS,45,155,5632000
902,A,33416177,GNU C++11,WRONG_ANSWER,819,1513698519,Sina.Abbasi,CONTESTANT,TESTS,11,15,2048000
902,B,33420197,GNU C++11,OK,1557,1513699257,Sina.Abbasi,CONTESTANT,TESTS,50,31,18432000
902,C,33428943,GNU C++11,SKIPPED,4255,1513701955,Sina.Abbasi,CONTESTANT,PRETESTS,13,46,14131200
902,C,33430202,GNU C++11,OK,4780,1513702480,Sina.Abbasi,CONTESTANT,TESTS,45,265,14131200
902,A,33421311,C++14 (GCC 6-32),WRONG_ANSWER,1821,1513699521,SinaKarimi7,CONTESTANT,PRETESTS,2,15,1945600
902,A,33421538,C++14 (GCC 6-32),WRONG_ANSWER,1878,1513699578,SinaKarimi7,CONTESTANT,PRETESTS,2,15,1843200
902,A,33425034,C++14 (GCC 6-32),OK,2842,1513700542,SinaKarimi7,CONTESTANT,TESTS,55,15,2048000
902,B,33430368,C++14 (GCC 6-32),COMPILATION_ERROR,4846,1513702546,SinaKarimi7,CONTESTANT,PRETESTS,0,0,0
902,B,33430442,C++14 (GCC 6-32),WRONG_ANSWER,4878,1513702578,SinaKarimi7,CONTESTANT,PRETESTS,4,15,1945600
902,A,33413000,C++14 (GCC 6-32),OK,308,1513698008,Sina_Imani,CONTESTANT,TESTS,55,15,1945600
902,B,33417993,C++14 (GCC 6-32),WRONG_ANSWER,1116,1513698816,Sina_Imani,CONTESTANT,PRETESTS,0,0,1843200
902,B,33418252,C++14 (GCC 6-32),OK,1161,1513698861,Sina_Imani,CONTESTANT,TESTS,50,31,2560000
902,C,33425516,GNU C++11,OK,2996,1513700696,Sina_Imani,CONTESTANT,TESTS,45,312,2457600
902,A,33414595,C++14 (GCC 6-32),WRONG_ANSWER,582,1513698282,Sinhov,CONTESTANT,PRETESTS,3,0,1945600
902,A,33418335,C++14 (GCC 6-32),CHALLENGED,1174,1513698874,Sinhov,CONTESTANT,CHALLENGES,8,15,2662400
902,B,33420786,C++14 (GCC 6-32),OK,1695,1513699395,Sinhov,CONTESTANT,TESTS,50,15,2764800
902,C,33434363,C++14 (GCC 6-32),OK,6744,1513704444,Sinhov,CONTESTANT,TESTS,45,109,5836800
902,A,33423503,GNU C++11,WRONG_ANSWER,2406,1513700106,Siriuslight,CONTESTANT,TESTS,11,15,2048000
902,B,33426132,GNU C++11,OK,3199,1513700899,Siriuslight,CONTESTANT,TESTS,50,31,2662400
902,A,33413188,GNU C++11,WRONG_ANSWER,335,1513698045,Sirojiddin,CONTESTANT,TESTS,47,31,2048000
902,B,33418186,GNU C++11,OK,1137,1513698848,Sirojiddin,CONTESTANT,TESTS,50,46,3891200
902,C,33425478,GNU C++11,WRONG_ANSWER,2973,1513700684,Sirojiddin,CONTESTANT,TESTS,39,217,4096000
902,D,33432821,GNU C++11,WRONG_ANSWER,6015,1513703725,Sirojiddin,CONTESTANT,PRETESTS,2,15,2048000
902,A,33416400,GNU C++,OK,850,1513698550,SiuGinHung,CONTESTANT,TESTS,55,15,1843200
902,B,33422013,GNU C++,OK,1996,1513699696,SiuGinHung,CONTESTANT,TESTS,50,15,2457600
902,C,33429622,GNU C++,WRONG_ANSWER,4543,1513702243,SiuGinHung,CONTESTANT,TESTS,16,109,3276800
902,B,33417399,Java 8,WRONG_ANSWER,1004,1513698714,Skypiea,CONTESTANT,PRETESTS,2,109,21299200
902,B,33419092,Java 8,OK,1319,1513699029,Skypiea,CONTESTANT,TESTS,50,155,21606400
902,C,33423357,Java 8,WRONG_ANSWER,2355,1513700066,Skypiea,CONTESTANT,PRETESTS,3,124,21299200
902,A,33418572,GNU C++11,COMPILATION_ERROR,1206,1513698917,Slack_Coder,CONTESTANT,PRETESTS,0,0,0
902,B,33419116,GNU C++11,TIME_LIMIT_EXCEEDED,1326,1513699036,Slack_Coder,CONTESTANT,PRETESTS,0,1000,2048000
902,A,33420129,GNU C++11,WRONG_ANSWER,1531,1513699241,Slack_Coder,CONTESTANT,PRETESTS,4,15,2048000
902,A,33421978,GNU C++11,WRONG_ANSWER,1977,1513699688,Slack_Coder,CONTESTANT,PRETESTS,4,15,2048000
902,A,33424583,GNU C++11,WRONG_ANSWER,2699,1513700410,Slack_Coder,CONTESTANT,PRETESTS,4,15,2048000
902,A,33429300,GNU C++11,WRONG_ANSWER,4386,1513702096,Slack_Coder,CONTESTANT,PRETESTS,4,15,2048000
902,A,33431818,GNU C++11,WRONG_ANSWER,5518,1513703229,Slack_Coder,CONTESTANT,PRETESTS,4,15,2048000
902,A,33418307,Kotlin 1.4,OK,1159,1513698869,SlavaG,CONTESTANT,TESTS,55,171,22118400
902,B,33422151,Kotlin 1.4,OK,2016,1513699727,SlavaG,CONTESTANT,TESTS,50,140,20787200
902,C,33425298,Kotlin 1.4,WRONG_ANSWER,2915,1513700625,SlavaG,CONTESTANT,PRETESTS,3,124,21606400
902,C,33426411,Kotlin 1.4,OK,3283,1513700993,SlavaG,CONTESTANT,TESTS,45,295,33996800
902,D,33430279,Kotlin 1.4,WRONG_ANSWER,4800,1513702510,SlavaG,CONTESTANT,PRETESTS,2,124,22016000
902,D,33435144,Kotlin 1.4,OK,7040,1513704750,SlavaG,CONTESTANT,TESTS,150,156,22323200
902,A,33415679,C++14 (GCC 6-32),OK,745,1513698445,SleepyShashwat,CONTESTANT,TESTS,55,15,2048000
902,B,33421655,C++14 (GCC 6-32),OK,1903,1513699603,SleepyShashwat,CONTESTANT,TESTS,50,46,2560000
902,A,33413104,C++14 (GCC 6-32),WRONG_ANSWER,332,1513698032,Slifoor,CONTESTANT,PRETESTS,3,15,1843200
902,A,33413485,C++14 (GCC 6-32),OK,400,1513698100,Slifoor,CONTESTANT,TESTS,55,15,1945600
902,B,33416841,C++14 (GCC 6-32),OK,921,1513698621,Slifoor,CONTESTANT,TESTS,50,15,2355200
902,C,33425293,C++14 (GCC 6-32),WRONG_ANSWER,2924,1513700624,Slifoor,CONTESTANT,PRETESTS,1,15,3891200
902,C,33426760,C++14 (GCC 6-32),OK,3418,1513701118,Slifoor,CONTESTANT,TESTS,45,92,3891200
902,A,33414791,GNU C++11,OK,612,1513698312,Slmnshamil,CONTESTANT,TESTS,55,15,2048000
902,B,33421818,GNU C++11,OK,1945,1513699645,Slmnshamil,CONTESTANT,TESTS,50,61,2560000
902,C,33432936,GNU C++11,OK,6082,1513703782,Slmnshamil,CONTESTANT,TESTS,45,327,5529600
902,A,33413856,C++14 (GCC 6-32),WRONG_ANSWER,463,1513698163,Slsvcn,CONTESTANT,PRETESTS,2,15,1945600
902,A,33418904,C++14 (GCC 6-32),WRONG_ANSWER,1286,1513698986,Slsvcn,CONTESTANT,TESTS,41,15,1945600
902,B,33428400,C++14 (GCC 6-32),OK,4033,1513701733,Slsvcn,CONTESTANT,TESTS,50,249,2457600
902,A,33415704,GNU C++,OK,749,1513698449,SmilingPudge,CONTESTANT,TESTS,55,31,2048000
902,B,33429505,GNU C++,RUNTIME_ERROR,4488,1513702188,SmilingPudge,CONTESTANT,PRETESTS,0,0,2252800
902,B,33429531,GNU C++,OK,4501,1513702201,SmilingPudge,CONTESTANT,TESTS,50,15,2457600
902,C,33435018,GNU C++,WRONG_ANSWER,7011,1513704711,SmilingPudge,CONTESTANT,PRETESTS,3,15,3686400
902,A,33414480,GNU C11,WRONG_ANSWER,563,1513698263,Smurf1,CONTESTANT,PRETESTS,0,0,1843200
902,A,33415479,GNU C11,OK,718,1513698418,Smurf1,CONTESTANT,TESTS,55,15,1843200
902,B,33422438,Python 3,TIME_LIMIT_EXCEEDED,2109,1513699809,Smurf1,CONTESTANT,PRETESTS,5,1000,6348800
902,B,33424835,GNU C11,OK,2782,1513700482,Smurf1,CONTESTANT,TESTS,50,15,1945600
902,C,33429157,GNU C11,OK,4341,1513702041,Smurf1,CONTESTANT,TESTS,45,1653,3072000
902,A,33424085,C++14 (GCC 6-32),OK,2566,1513700266,Snigdho_Rahman,CONTESTANT,TESTS,55,15,1945600
902,A,33413542,C++14 (GCC 6-32),CHALLENGED,411,1513698111,SoGood,CONTESTANT,CHALLENGES,8,15,1945600
902,B,33434012,C++14 (GCC 6-32),OK,6586,1513704286,SoGood,CONTESTANT,TESTS,50,30,2457600
902,A,33434586,C++14 (GCC 6-32),OK,6836,1513704536,SoGood,CONTESTANT,TESTS,55,15,1945600
902,A,33414126,Python 2,WRONG_ANSWER,507,1513698207,SoSooding,CONTESTANT,PRETESTS,2,62,4608000
902,A,33414925,Python 2,WRONG_ANSWER,633,1513698333,SoSooding,CONTESTANT,PRETESTS,2,62,4608000
902,B,33426104,C++14 (GCC 6-32),OK,3190,1513700890,SoSooding,CONTESTANT,TESTS,50,15,2457600
902,A,33430162,Python 2,OK,4768,1513702468,SoSooding,CONTESTANT,TESTS,55,62,4608000
902,A,33414944,GNU C++11,OK,637,1513698337,Sojal,CONTESTANT,TESTS,55,15,2048000
902,B,33428822,GNU C++11,OK,4209,1513701909,Sojal,CONTESTANT,TESTS,50,218,2457600
902,A,33414390,Java 8,OK,549,1513698249,SomethingIrrelevant,CONTESTANT,TESTS,55,124,20684800
902,B,33424809,Java 8,WRONG_ANSWER,2774,1513700474,SomethingIrrelevant,CONTESTANT,PRETESTS,9,109,20684800
902,B,33427468,Java 8,OK,3683,1513701383,SomethingIrrelevant,CONTESTANT,TESTS,50,155,20787200
902,C,33434427,Java 8,OK,6767,1513704467,SomethingIrrelevant,CONTESTANT,TESTS,45,186,36044800
902,A,33412858,GNU C++11,WRONG_ANSWER,260,1513697971,Sor4ii,CONTESTANT,PRETESTS,2,15,4300800
902,A,33413271,GNU C++11,WRONG_ANSWER,352,1513698063,Sor4ii,CONTESTANT,PRETESTS,2,0,4300800
902,A,33415142,GNU C++11,OK,656,1513698366,Sor4ii,CONTESTANT,TESTS,55,15,4300800
902,B,33420694,GNU C++11,OK,1660,1513699370,Sor4ii,CONTESTANT,TESTS,50,31,13209600
902,C,33424308,GNU C++11,OK,2617,1513700327,Sor4ii,CONTESTANT,TESTS,45,109,3481600
902,A,33414550,C++14 (GCC 6-32),OK,575,1513698275,Soroosh,CONTESTANT,TESTS,55,15,3276800
902,B,33418064,C++14 (GCC 6-32),OK,1126,1513698826,Soroosh,CONTESTANT,TESTS,50,15,3993600
902,C,33423985,C++14 (GCC 6-32),OK,2541,1513700241,Soroosh,CONTESTANT,TESTS,45,108,7270400
902,A,33419774,Python 3,WRONG_ANSWER,1461,1513699161,Space_Whale,CONTESTANT,PRETESTS,2,46,5529600
902,A,33421592,Python 3,WRONG_ANSWER,1890,1513699590,Space_Whale,CONTESTANT,PRETESTS,2,62,5529600
902,A,33424431,Python 3,WRONG_ANSWER,2665,1513700365,Space_Whale,CONTESTANT,PRETESTS,2,46,5529600
902,A,33416061,C++14 (GCC 6-32),OK,800,1513698500,Spanta,CONTESTANT,TESTS,55,15,1945600
902,B,33419903,C++14 (GCC 6-32),OK,1491,1513699191,Spanta,CONTESTANT,TESTS,50,218,2457600
902,C,33426480,C++14 (GCC 6-32),WRONG_ANSWER,3315,1513701015,Spanta,CONTESTANT,PRETESTS,3,15,2252800
902,C,33427282,C++14 (GCC 6-32),WRONG_ANSWER,3616,1513701316,Spanta,CONTESTANT,PRETESTS,3,15,2252800
902,A,33419896,C++14 (GCC 6-32),WRONG_ANSWER,1489,1513699189,Sparrow,CONTESTANT,PRETESTS,2,15,1843200
902,A,33423332,C++14 (GCC 6-32),WRONG_ANSWER,2359,1513700059,Sparrow,CONTESTANT,PRETESTS,2,15,2252800
902,A,33426645,C++14 (GCC 6-32),WRONG_ANSWER,3381,1513701081,Sparrow,CONTESTANT,PRETESTS,2,15,1843200
902,A,33427314,C++14 (GCC 6-32),WRONG_ANSWER,3632,1513701332,Sparrow,CONTESTANT,PRETESTS,2,15,1843200
902,A,33428125,C++14 (GCC 6-32),WRONG_ANSWER,3927,1513701627,Sparrow,CONTESTANT,PRETESTS,2,15,1843200
902,A,33421313,GNU C++11,WRONG_ANSWER,1821,1513699521,SpiffyEight77,CONTESTANT,PRETESTS,4,15,2867200
902,A,33423186,GNU C++11,WRONG_ANSWER,2317,1513700017,SpiffyEight77,CONTESTANT,PRETESTS,4,15,2867200
902,A,33424468,GNU C++11,WRONG_ANSWER,2679,1513700379,SpiffyEight77,CONTESTANT,PRETESTS,4,15,2867200
902,A,33425861,GNU C++11,WRONG_ANSWER,3108,1513700808,SpiffyEight77,CONTESTANT,PRETESTS,4,15,2969600
902,A,33427987,GNU C++11,WRONG_ANSWER,3871,1513701571,SpiffyEight77,CONTESTANT,PRETESTS,2,0,2867200
902,A,33429156,GNU C++11,WRONG_ANSWER,4340,1513702040,SpiffyEight77,CONTESTANT,PRETESTS,4,0,2867200
902,A,33432430,GNU C++11,WRONG_ANSWER,5832,1513703532,SpiffyEight77,CONTESTANT,PRETESTS,3,15,2867200
902,A,33432737,GNU C++11,WRONG_ANSWER,5979,1513703679,SpiffyEight77,CONTESTANT,PRETESTS,2,15,2867200
902,A,33413145,GNU C++11,WRONG_ANSWER,339,1513698039,SpockChan,CONTESTANT,PRETESTS,4,15,2048000
902,A,33414562,GNU C++11,OK,578,1513698278,SpockChan,CONTESTANT,TESTS,55,15,2150400
902,B,33418460,GNU C++11,OK,1195,1513698895,SpockChan,CONTESTANT,TESTS,50,30,2662400
902,C,33422884,GNU C++11,OK,2230,1513699930,SpockChan,CONTESTANT,TESTS,45,108,6348800
902,A,33428042,FPC,OK,3890,1513701590,Stanislav666,CONTESTANT,TESTS,55,15,1638400
902,A,33419912,GNU C++11,WRONG_ANSWER,1493,1513699193,Stargates,CONTESTANT,PRETESTS,2,15,2048000
902,A,33435363,GNU C++11,WRONG_ANSWER,7123,1513704823,Stargates,CONTESTANT,PRETESTS,6,15,2048000
902,A,33416546,C++14 (GCC 6-32),OK,876,1513698576,Starman_,CONTESTANT,TESTS,55,30,1945600
902,B,33423987,C++14 (GCC 6-32),OK,2542,1513700242,Starman_,CONTESTANT,TESTS,50,31,1945600
902,C,33434350,C++14 (GCC 6-32),WRONG_ANSWER,6738,1513704438,Starman_,CONTESTANT,PRETESTS,4,15,1945600
902,C,33435001,C++14 (GCC 6-32),WRONG_ANSWER,7004,1513704704,Starman_,CONTESTANT,PRETESTS,4,15,1843200
902,A,33420385,C++14 (GCC 6-32),OK,1597,1513699297,Stasana,CONTESTANT,TESTS,55,15,1945600
902,B,33423500,C++14 (GCC 6-32),OK,2405,1513700105,Stasana,CONTESTANT,TESTS,50,31,2560000
902,C,33427510,C++14 (GCC 6-32),WRONG_ANSWER,3699,1513701399,Stasana,CONTESTANT,PRETESTS,1,15,1945600
902,C,33427626,C++14 (GCC 6-32),WRONG_ANSWER,3739,1513701439,Stasana,CONTESTANT,PRETESTS,6,15,1945600
902,C,33427915,C++14 (GCC 6-32),WRONG_ANSWER,3845,1513701545,Stasana,CONTESTANT,PRETESTS,6,15,1945600
902,C,33428660,C++14 (GCC 6-32),SKIPPED,4145,1513701845,Stasana,CONTESTANT,PRETESTS,13,62,2252800
902,C,33428797,C++14 (GCC 6-32),WRONG_ANSWER,4199,1513701899,Stasana,CONTESTANT,PRETESTS,1,0,1843200
902,C,33429065,C++14 (GCC 6-32),WRONG_ANSWER,4302,1513702002,Stasana,CONTESTANT,TESTS,38,140,3891200
902,A,33414744,C++14 (GCC 6-32),OK,603,1513698303,Stasenko,CONTESTANT,TESTS,55,15,1945600
902,B,33426201,C++14 (GCC 6-32),OK,3222,1513700922,Stasenko,CONTESTANT,TESTS,50,15,2457600
902,A,33417387,C++14 (GCC 6-32),WRONG_ANSWER,1013,1513698713,StefanMajonez,CONTESTANT,PRETESTS,0,0,1843200
902,A,33418686,C++14 (GCC 6-32),WRONG_ANSWER,1239,1513698939,StefanMajonez,CONTESTANT,PRETESTS,0,0,1945600
902,A,33419543,C++14 (GCC 6-32),WRONG_ANSWER,1419,1513699119,StefanMajonez,CONTESTANT,PRETESTS,3,15,1945600
902,A,33420833,C++14 (GCC 6-32),WRONG_ANSWER,1704,1513699404,StefanMajonez,CONTESTANT,PRETESTS,3,0,1843200
902,A,33422623,C++14 (GCC 6-32),OK,2160,1513699860,StefanMajonez,CONTESTANT,TESTS,55,15,1945600
902,B,33428174,C++14 (GCC 6-32),OK,3947,1513701647,StefanMajonez,CONTESTANT,TESTS,50,93,2252800
902,A,33421590,GNU C++11,WRONG_ANSWER,1889,1513699589,Stormer007,CONTESTANT,PRETESTS,2,15,2048000
902,A,33429066,GNU C++11,WRONG_ANSWER,4303,1513702003,Stormer007,CONTESTANT,PRETESTS,5,15,2048000
902,A,33413187,GNU C++11,OK,345,1513698045,Storminteacup,CONTESTANT,TESTS,55,31,2048000
902,B,33415733,GNU C++11,OK,754,1513698454,Storminteacup,CONTESTANT,TESTS,50,31,2457600
902,C,33422218,GNU C++11,OK,2040,1513699740,Storminteacup,CONTESTANT,TESTS,45,109,7270400
902,D,33434406,GNU C++11,WRONG_ANSWER,6758,1513704458,Storminteacup,CONTESTANT,PRETESTS,4,15,2355200
902,D,33434646,GNU C++11,WRONG_ANSWER,6864,1513704564,Storminteacup,CONTESTANT,PRETESTS,5,15,2355200
902,D,33435132,GNU C++11,WRONG_ANSWER,7045,1513704745,Storminteacup,CONTESTANT,TESTS,11,15,2355200
902,A,33423256,Java 8,WRONG_ANSWER,2343,1513700043,Stormsho,CONTESTANT,PRETESTS,2,139,20992000
902,A,33429790,GNU C++11,WRONG_ANSWER,4609,1513702309,StrangeMan12,CONTESTANT,PRETESTS,2,15,2048000
902,A,33430173,GNU C++11,WRONG_ANSWER,4771,1513702471,StrangeMan12,CONTESTANT,PRETESTS,2,15,2048000
902,A,33430634,GNU C++11,WRONG_ANSWER,4964,1513702664,StrangeMan12,CONTESTANT,PRETESTS,2,0,2048000
902,A,33431110,GNU C++11,WRONG_ANSWER,5168,1513702868,StrangeMan12,CONTESTANT,PRETESTS,2,15,2048000
902,A,33413287,C++14 (GCC 6-32),OK,355,1513698066,Straw,CONTESTANT,TESTS,55,15,2662400
902,B,33418655,C++14 (GCC 6-32),OK,1224,1513698934,Straw,CONTESTANT,TESTS,50,30,5120000
902,C,33423368,C++14 (GCC 6-32),WRONG_ANSWER,2360,1513700070,Straw,CONTESTANT,PRETESTS,3,15,2662400
902,C,33425354,C++14 (GCC 6-32),OK,2936,1513700646,Straw,CONTESTANT,TESTS,45,78,5324800
902,A,33416199,C++14 (GCC 6-32),WRONG_ANSWER,821,1513698521,StrawManFallacy,CONTESTANT,TESTS,11,15,1843200
902,B,33425899,C++14 (GCC 6-32),OK,3119,1513700819,StrawManFallacy,CONTESTANT,TESTS,50,15,2560000
902,A,33414917,GNU C++,WRONG_ANSWER,632,1513698332,Straw_Berry,CONTESTANT,PRETESTS,1,15,2048000
902,A,33421689,GNU C++,OK,1912,1513699612,Straw_Berry,CONTESTANT,TESTS,55,30,2048000
902,B,33422540,GNU C++,OK,2137,1513699837,Straw_Berry,CONTESTANT,TESTS,50,15,2560000
902,C,33428102,GNU C++,WRONG_ANSWER,3917,1513701617,Straw_Berry,CONTESTANT,PRETESTS,3,15,4505600
902,C,33428739,GNU C++,WRONG_ANSWER,4177,1513701877,Straw_Berry,CONTESTANT,PRETESTS,1,15,4505600
902,C,33428881,GNU C++,CHALLENGED,4232,1513701932,Straw_Berry,CONTESTANT,CHALLENGES,13,15,4505600
902,C,33435085,GNU C++,WRONG_ANSWER,7028,1513704728,Straw_Berry,CONTESTANT,PRETESTS,7,15,4505600
902,A,33414132,GNU C++11,WRONG_ANSWER,508,1513698208,Strive-for-excellence,CONTESTANT,PRETESTS,2,15,2048000
902,A,33414427,GNU C++11,WRONG_ANSWER,556,1513698256,Strive-for-excellence,CONTESTANT,PRETESTS,3,15,2048000
902,A,33414607,GNU C++11,WRONG_ANSWER,584,1513698284,Strive-for-excellence,CONTESTANT,PRETESTS,3,0,2048000
902,A,33415295,GNU C++11,WRONG_ANSWER,690,1513698390,Strive-for-excellence,CONTESTANT,PRETESTS,3,15,2048000
902,A,33418044,GNU C++11,OK,1124,1513698824,Strive-for-excellence,CONTESTANT,TESTS,55,15,2048000
902,B,33422673,GNU C++11,OK,2175,1513699875,Strive-for-excellence,CONTESTANT,TESTS,50,15,2457600
902,C,33430240,GNU C++11,WRONG_ANSWER,4795,1513702495,Strive-for-excellence,CONTESTANT,PRETESTS,1,15,2867200
902,C,33430376,GNU C++11,OK,4849,1513702549,Strive-for-excellence,CONTESTANT,TESTS,45,93,2867200
902,A,33414812,C++14 (GCC 6-32),WRONG_ANSWER,604,1513698315,Stroller,CONTESTANT,PRETESTS,1,0,1843200
902,A,33415699,C++14 (GCC 6-32),WRONG_ANSWER,748,1513698448,Stroller,CONTESTANT,PRETESTS,1,15,1843200
902,A,33417826,C++14 (GCC 6-32),WRONG_ANSWER,1077,1513698787,Stroller,CONTESTANT,PRETESTS,3,15,1945600
902,A,33421300,C++14 (GCC 6-32),OK,1808,1513699519,Stroller,CONTESTANT,TESTS,55,15,1945600
902,B,33427065,C++14 (GCC 6-32),OK,3522,1513701232,Stroller,CONTESTANT,TESTS,50,31,2560000
902,C,33433299,C++14 (GCC 6-32),WRONG_ANSWER,6237,1513703947,Stroller,CONTESTANT,PRETESTS,1,0,1843200
902,C,33434044,C++14 (GCC 6-32),OK,6593,1513704303,Stroller,CONTESTANT,TESTS,45,92,2355200
902,A,33413302,GNU C++11,OK,357,1513698067,StupidTurtle,CONTESTANT,TESTS,55,15,2048000
902,B,33420095,GNU C++11,OK,1523,1513699234,StupidTurtle,CONTESTANT,TESTS,50,46,2457600
902,C,33429662,GNU C++11,OK,4545,1513702255,StupidTurtle,CONTESTANT,TESTS,45,327,2867200
902,D,33434086,GNU C++11,WRONG_ANSWER,6609,1513704319,StupidTurtle,CONTESTANT,PRETESTS,2,0,2048000
902,D,33435332,GNU C++11,WRONG_ANSWER,7103,1513704814,StupidTurtle,CONTESTANT,PRETESTS,1,15,2048000
902,A,33414994,GNU C++11,WRONG_ANSWER,646,1513698346,Subhashis_CSE,CONTESTANT,PRETESTS,2,15,2048000
902,A,33417301,GNU C++11,WRONG_ANSWER,999,1513698699,Subhashis_CSE,CONTESTANT,PRETESTS,2,0,2048000
902,A,33422741,GNU C++11,CHALLENGED,2193,1513699893,Subhashis_CSE,CONTESTANT,CHALLENGES,8,15,2048000
902,A,33416289,C++14 (GCC 6-32),WRONG_ANSWER,835,1513698535,Suchith,CONTESTANT,PRETESTS,4,0,1945600
902,A,33419534,C++14 (GCC 6-32),WRONG_ANSWER,1417,1513699117,Suchith,CONTESTANT,PRETESTS,4,15,1945600
902,A,33421838,C++14 (GCC 6-32),WRONG_ANSWER,1949,1513699649,Suchith,CONTESTANT,PRETESTS,2,15,1945600
902,A,33424317,C++14 (GCC 6-32),OK,2630,1513700330,Suchith,CONTESTANT,TESTS,55,15,1945600
902,A,33414536,C++14 (GCC 6-32),WRONG_ANSWER,573,1513698273,SugA,CONTESTANT,PRETESTS,2,0,1843200
902,A,33415658,C++14 (GCC 6-32),OK,741,1513698441,SugA,CONTESTANT,TESTS,55,15,1945600
902,B,33422908,C++14 (GCC 6-32),OK,2236,1513699936,SugA,CONTESTANT,TESTS,50,46,2560000
902,C,33432275,C++14 (GCC 6-32),OK,5752,1513703452,SugA,CONTESTANT,TESTS,45,234,18534400
902,A,33413655,GNU C++,OK,431,1513698131,Sugardorj,CONTESTANT,TESTS,55,30,7475200
902,B,33418594,GNU C++,OK,1221,1513698921,Sugardorj,CONTESTANT,TESTS,50,46,7475200
902,D,33435220,GNU C++,OK,7078,1513704778,Sugardorj,CONTESTANT,TESTS,150,30,7475200
902,A,33413869,C++14 (GCC 6-32),OK,464,1513698164,SuginaMiku,CONTESTANT,TESTS,55,15,1945600
902,B,33416376,C++14 (GCC 6-32),OK,846,1513698546,SuginaMiku,CONTESTANT,TESTS,50,31,2560000
902,C,33423458,C++14 (GCC 6-32),WRONG_ANSWER,2394,1513700094,SuginaMiku,CONTESTANT,PRETESTS,4,15,1945600
902,C,33424407,C++14 (GCC 6-32),OK,2658,1513700358,SuginaMiku,CONTESTANT,TESTS,45,78,5222400
902,A,33424025,GNU C++11,WRONG_ANSWER,2552,1513700252,Suhaill,CONTESTANT,PRETESTS,2,15,2048000
902,A,33427679,GNU C++11,WRONG_ANSWER,3760,1513701460,Suhaill,CONTESTANT,PRETESTS,2,15,2048000
902,A,33429575,GNU C++11,WRONG_ANSWER,4521,1513702221,Suhaill,CONTESTANT,PRETESTS,1,31,2048000
902,A,33430940,GNU C++11,WRONG_ANSWER,5086,1513702786,Suhaill,CONTESTANT,PRETESTS,2,0,2048000
902,A,33413160,C++14 (GCC 6-32),WRONG_ANSWER,341,1513698041,Suhaylee,CONTESTANT,PRETESTS,2,0,2662400
902,A,33413764,C++14 (GCC 6-32),WRONG_ANSWER,449,1513698149,Suhaylee,CONTESTANT,PRETESTS,3,0,2662400
902,A,33414569,C++14 (GCC 6-32),OK,579,1513698279,Suhaylee,CONTESTANT,TESTS,55,15,2662400
902,B,33421241,C++14 (GCC 6-32),OK,1803,1513699503,Suhaylee,CONTESTANT,TESTS,50,31,4198400
902,A,33418939,GNU C,WRONG_ANSWER,1294,1513698994,Sumukh_Bhardwaj,CONTESTANT,PRETESTS,2,15,1843200
902,A,33421994,GNU C,WRONG_ANSWER,1992,1513699692,Sumukh_Bhardwaj,CONTESTANT,PRETESTS,2,15,1843200
902,A,33425456,GNU C,WRONG_ANSWER,2978,1513700678,Sumukh_Bhardwaj,CONTESTANT,PRETESTS,2,0,1843200
902,A,33431336,GNU C,WRONG_ANSWER,5280,1513702980,Sumukh_Bhardwaj,CONTESTANT,PRETESTS,2,15,1843200
902,A,33433103,GNU C,WRONG_ANSWER,6157,1513703857,Sumukh_Bhardwaj,CONTESTANT,PRETESTS,2,15,1843200
902,A,33435133,GNU C,WRONG_ANSWER,7045,1513704745,Sumukh_Bhardwaj,CONTESTANT,PRETESTS,1,0,1843200
902,A,33435374,GNU C,WRONG_ANSWER,7127,1513704827,Sumukh_Bhardwaj,CONTESTANT,PRETESTS,2,0,1843200
902,A,33422854,GNU C++,WRONG_ANSWER,2223,1513699923,Sun_and_Moon,CONTESTANT,PRETESTS,4,15,2048000
902,A,33424001,GNU C++,WRONG_ANSWER,2546,1513700246,Sun_and_Moon,CONTESTANT,PRETESTS,2,15,2048000
902,A,33425005,GNU C++,WRONG_ANSWER,2831,1513700531,Sun_and_Moon,CONTESTANT,PRETESTS,0,0,2048000
902,A,33426081,GNU C++,WRONG_ANSWER,3182,1513700882,Sun_and_Moon,CONTESTANT,TESTS,41,15,2048000
902,C,33431760,GNU C++,WRONG_ANSWER,5493,1513703193,Sun_and_Moon,CONTESTANT,PRETESTS,4,0,4915200
902,C,33433052,GNU C++,WRONG_ANSWER,6135,1513703835,Sun_and_Moon,CONTESTANT,PRETESTS,4,15,4915200
902,C,33434477,GNU C++,OK,6793,1513704493,Sun_and_Moon,CONTESTANT,TESTS,45,109,4915200
902,A,33420333,GNU C++,OK,1584,1513699284,Super_Saiyan,CONTESTANT,TESTS,55,15,2048000
902,A,33414861,GNU C++11,WRONG_ANSWER,614,1513698325,SupreMo,CONTESTANT,PRETESTS,2,0,2048000
902,A,33415651,GNU C++11,WRONG_ANSWER,741,1513698441,SupreMo,CONTESTANT,PRETESTS,2,15,2048000
902,A,33416552,GNU C++11,OK,866,1513698576,SupreMo,CONTESTANT,TESTS,55,31,2048000
902,B,33425894,GNU C++11,WRONG_ANSWER,3107,1513700818,SupreMo,CONTESTANT,PRETESTS,9,187,2560000
902,B,33430667,GNU C++11,TIME_LIMIT_EXCEEDED,4969,1513702679,SupreMo,CONTESTANT,PRETESTS,5,1000,2560000
902,B,33433477,GNU C++11,WRONG_ANSWER,6324,1513704024,SupreMo,CONTESTANT,PRETESTS,9,155,2457600
902,B,33435162,GNU C++11,WRONG_ANSWER,7047,1513704758,SupreMo,CONTESTANT,PRETESTS,9,187,2457600
902,A,33419318,GNU C++,OK,1359,1513699070,SurajPrakash,CONTESTANT,TESTS,55,15,2048000
902,B,33427697,GNU C++,OK,3765,1513701465,SurajPrakash,CONTESTANT,TESTS,50,46,2560000
902,A,33418968,C++14 (GCC 6-32),OK,1290,1513699000,Surana,CONTESTANT,TESTS,55,15,1945600
902,B,33423493,C++14 (GCC 6-32),OK,2393,1513700103,Surana,CONTESTANT,TESTS,50,30,2867200
902,A,33418839,C++14 (GCC 6-32),OK,1269,1513698969,Suvrajit,CONTESTANT,TESTS,55,15,1843200
902,A,33416413,C++14 (GCC 6-32),OK,852,1513698552,Swan,CONTESTANT,TESTS,55,15,1945600
902,A,33425724,GNU C,WRONG_ANSWER,3065,1513700765,Swetha.n,CONTESTANT,PRETESTS,2,15,1843200
902,A,33418049,C++14 (GCC 6-32),OK,1124,1513698825,SyavaPrd,CONTESTANT,TESTS,55,15,1945600
902,B,33423115,C++14 (GCC 6-32),OK,2297,1513699997,SyavaPrd,CONTESTANT,TESTS,50,15,2560000
902,C,33427818,C++14 (GCC 6-32),RUNTIME_ERROR,3809,1513701509,SyavaPrd,CONTESTANT,TESTS,13,77,2662400
902,A,33420185,C++14 (GCC 6-32),WRONG_ANSWER,1553,1513699253,Synthra,CONTESTANT,PRETESTS,2,0,1843200
902,A,33423473,C++14 (GCC 6-32),WRONG_ANSWER,2398,1513700098,Synthra,CONTESTANT,PRETESTS,3,15,1945600
902,B,33431445,C++14 (GCC 6-32),OK,5331,1513703031,Synthra,CONTESTANT,TESTS,50,46,2662400
902,A,33431850,C++14 (GCC 6-32),WRONG_ANSWER,5543,1513703243,Synthra,CONTESTANT,PRETESTS,4,15,1945600
902,A,33412818,C++14 (GCC 6-32),WRONG_ANSWER,257,1513697957,Systa,CONTESTANT,PRETESTS,2,15,1945600
902,A,33413409,C++14 (GCC 6-32),WRONG_ANSWER,386,1513698086,Systa,CONTESTANT,PRETESTS,2,15,1843200
902,A,33416227,C++14 (GCC 6-32),WRONG_ANSWER,825,1513698525,Systa,CONTESTANT,PRETESTS,1,15,2252800
902,A,33419410,C++14 (GCC 6-32),CHALLENGED,1388,1513699088,Systa,CONTESTANT,CHALLENGES,8,15,2252800
902,A,33422053,C++14 (GCC 6-32),OK,2004,1513699704,Systa,CONTESTANT,TESTS,55,15,2252800
902,B,33426590,C++14 (GCC 6-32),WRONG_ANSWER,3357,1513701057,Systa,CONTESTANT,PRETESTS,4,15,3584000
902,B,33427131,C++14 (GCC 6-32),RUNTIME_ERROR,3554,1513701254,Systa,CONTESTANT,PRETESTS,5,46,3788800
902,B,33427342,C++14 (GCC 6-32),OK,3639,1513701339,Systa,CONTESTANT,TESTS,50,249,3891200
902,A,33413152,C++14 (GCC 6-32),OK,340,1513698040,T.V_N,CONTESTANT,TESTS,55,15,1945600
902,B,33416734,C++14 (GCC 6-32),OK,904,1513698604,T.V_N,CONTESTANT,TESTS,50,46,3993600
902,C,33424094,C++14 (GCC 6-32),OK,2569,1513700269,T.V_N,CONTESTANT,TESTS,45,156,3072000
902,A,33417061,FPC,WRONG_ANSWER,955,1513698655,T0uRistq,CONTESTANT,PRETESTS,2,15,1638400
902,A,33425338,FPC,WRONG_ANSWER,2941,1513700641,T0uRistq,CONTESTANT,PRETESTS,2,0,1638400
902,A,33425540,FPC,WRONG_ANSWER,3004,1513700704,T0uRistq,CONTESTANT,PRETESTS,4,15,1638400
902,A,33428368,FPC,WRONG_ANSWER,4016,1513701716,T0uRistq,CONTESTANT,PRETESTS,4,15,1638400
902,A,33418813,GNU C++11,WRONG_ANSWER,1264,1513698964,TEMUZEN,CONTESTANT,PRETESTS,0,15,2048000
902,A,33426311,GNU C++11,RUNTIME_ERROR,3258,1513700958,TEMUZEN,CONTESTANT,PRETESTS,0,0,2048000
902,A,33426631,GNU C++,RUNTIME_ERROR,3378,1513701078,TEMUZEN,CONTESTANT,PRETESTS,0,0,2048000
902,A,33426809,GNU C++,RUNTIME_ERROR,3438,1513701138,TEMUZEN,CONTESTANT,PRETESTS,0,0,2048000
902,A,33427099,GNU C++11,RUNTIME_ERROR,3543,1513701243,TEMUZEN,CONTESTANT,PRETESTS,0,15,2048000
902,A,33428476,GNU C++11,RUNTIME_ERROR,4063,1513701763,TEMUZEN,CONTESTANT,PRETESTS,0,15,2048000
902,A,33429003,GNU C++11,RUNTIME_ERROR,4280,1513701980,TEMUZEN,CONTESTANT,PRETESTS,0,0,2048000
902,A,33429932,GNU C++11,RUNTIME_ERROR,4664,1513702364,TEMUZEN,CONTESTANT,PRETESTS,0,15,2048000
902,A,33433187,GNU C++11,WRONG_ANSWER,6191,1513703901,TEMUZEN,CONTESTANT,PRETESTS,1,15,2048000
902,A,33433451,GNU C++11,WRONG_ANSWER,6303,1513704014,TEMUZEN,CONTESTANT,PRETESTS,1,15,2048000
902,A,33433950,GNU C++11,WRONG_ANSWER,6540,1513704250,TEMUZEN,CONTESTANT,PRETESTS,0,15,2048000
902,A,33413640,C++14 (GCC 6-32),OK,427,1513698127,TG_2000_TG,CONTESTANT,TESTS,55,15,17920000
902,B,33418089,C++14 (GCC 6-32),OK,1130,1513698830,TG_2000_TG,CONTESTANT,TESTS,50,31,30310400
902,C,33423416,C++14 (GCC 6-32),WRONG_ANSWER,2383,1513700083,TG_2000_TG,CONTESTANT,PRETESTS,1,0,9932800
902,C,33424767,C++14 (GCC 6-32),WRONG_ANSWER,2764,1513700464,TG_2000_TG,CONTESTANT,PRETESTS,4,15,9932800
902,C,33426273,C++14 (GCC 6-32),OK,3246,1513700946,TG_2000_TG,CONTESTANT,TESTS,45,108,9932800
902,D,33433383,C++14 (GCC 6-32),WRONG_ANSWER,6286,1513703986,TG_2000_TG,CONTESTANT,PRETESTS,0,0,25907200
902,D,33434066,C++14 (GCC 6-32),WRONG_ANSWER,6610,1513704310,TG_2000_TG,CONTESTANT,PRETESTS,0,15,25907200
902,D,33434166,C++14 (GCC 6-32),OK,6654,1513704354,TG_2000_TG,CONTESTANT,TESTS,150,15,25907200
902,A,33414032,C++14 (GCC 6-32),WRONG_ANSWER,494,1513698194,TICSMTC,CONTESTANT,PRETESTS,2,15,1945600
902,A,33414317,C++14 (GCC 6-32),WRONG_ANSWER,536,1513698236,TICSMTC,CONTESTANT,PRETESTS,2,15,1843200
902,A,33414983,C++14 (GCC 6-32),OK,644,1513698344,TICSMTC,CONTESTANT,TESTS,55,15,1945600
902,B,33421729,C++14 (GCC 6-32),OK,1922,1513699622,TICSMTC,CONTESTANT,TESTS,50,46,2560000
902,C,33432268,C++14 (GCC 6-32),WRONG_ANSWER,5747,1513703447,TICSMTC,CONTESTANT,PRETESTS,0,15,2252800
902,C,33432337,C++14 (GCC 6-32),WRONG_ANSWER,5782,1513703482,TICSMTC,CONTESTANT,PRETESTS,0,0,2457600
902,C,33432426,C++14 (GCC 6-32),OK,5827,1513703527,TICSMTC,CONTESTANT,TESTS,45,140,2252800
902,A,33422374,C++14 (GCC 6-32),WRONG_ANSWER,2089,1513699789,TMW9,CONTESTANT,PRETESTS,2,0,1843200
902,A,33423310,C++14 (GCC 6-32),WRONG_ANSWER,2353,1513700053,TMW9,CONTESTANT,PRETESTS,2,15,1843200
902,A,33424482,C++14 (GCC 6-32),WRONG_ANSWER,2683,1513700383,TMW9,CONTESTANT,PRETESTS,2,0,1843200
902,A,33430723,C++14 (GCC 6-32),WRONG_ANSWER,5003,1513702703,TMW9,CONTESTANT,PRETESTS,2,15,1843200
902,C,33418319,GNU C++,WRONG_ANSWER,1171,1513698871,TONYTRAN,CONTESTANT,TESTS,39,343,5324800
902,D,33426842,GNU C++,WRONG_ANSWER,3453,1513701153,TONYTRAN,CONTESTANT,PRETESTS,0,15,2048000
902,D,33427478,GNU C++,WRONG_ANSWER,3686,1513701386,TONYTRAN,CONTESTANT,PRETESTS,2,15,2048000
902,D,33428207,GNU C++,WRONG_ANSWER,3959,1513701659,TONYTRAN,CONTESTANT,PRETESTS,2,0,2048000
902,D,33428619,GNU C++,OK,4125,1513701825,TONYTRAN,CONTESTANT,TESTS,150,15,2048000
902,B,33430915,GNU C++,OK,5078,1513702778,TONYTRAN,CONTESTANT,TESTS,50,31,7168000
902,A,33431816,GNU C++,WRONG_ANSWER,5527,1513703227,TONYTRAN,CONTESTANT,PRETESTS,1,15,7065600
902,A,33431945,GNU C++,WRONG_ANSWER,5589,1513703289,TONYTRAN,CONTESTANT,PRETESTS,0,15,6860800
902,A,33432246,GNU C++,WRONG_ANSWER,5736,1513703436,TONYTRAN,CONTESTANT,PRETESTS,3,15,6860800
902,A,33432346,GNU C++,OK,5786,1513703486,TONYTRAN,CONTESTANT,TESTS,55,15,6860800
902,A,33415781,GNU C++,OK,762,1513698462,TRAUMER_1,CONTESTANT,TESTS,55,15,2048000
902,B,33423028,GNU C++,OK,2269,1513699969,TRAUMER_1,CONTESTANT,TESTS,50,46,2662400
902,C,33427423,GNU C++,OK,3665,1513701365,TRAUMER_1,CONTESTANT,TESTS,45,311,2457600
902,A,33418343,GNU C++11,OK,1175,1513698875,TSWDD,CONTESTANT,TESTS,55,15,2048000
902,B,33420909,GNU C++11,OK,1721,1513699421,TSWDD,CONTESTANT,TESTS,50,30,2150400
902,C,33426197,GNU C++11,OK,3221,1513700921,TSWDD,CONTESTANT,TESTS,45,109,4096000
902,A,33415376,FPC,WRONG_ANSWER,703,1513698403,TShT,CONTESTANT,PRETESTS,5,15,2355200
902,A,33415790,FPC,WRONG_ANSWER,763,1513698463,TShT,CONTESTANT,PRETESTS,5,0,2355200
902,A,33416324,FPC,OK,840,1513698540,TShT,CONTESTANT,TESTS,55,15,2457600
902,A,33412819,C++14 (GCC 6-32),OK,246,1513697957,TSky.64,CONTESTANT,TESTS,55,15,1945600
902,B,33418153,C++14 (GCC 6-32),OK,1130,1513698841,TSky.64,CONTESTANT,TESTS,50,15,2457600
902,C,33424077,C++14 (GCC 6-32),OK,2554,1513700265,TSky.64,CONTESTANT,TESTS,45,78,2355200
902,A,33412759,GNU C++11,OK,233,1513697933,Tagl,CONTESTANT,TESTS,55,15,2048000
902,B,33415999,GNU C++11,OK,792,1513698492,Tagl,CONTESTANT,TESTS,50,46,2560000
902,C,33422504,GNU C++11,OK,2127,1513699827,Tagl,CONTESTANT,TESTS,45,327,4608000
902,A,33414131,GNU C++11,WRONG_ANSWER,508,1513698208,Tahseen,CONTESTANT,PRETESTS,2,0,2048000
902,A,33415336,GNU C++11,WRONG_ANSWER,696,1513698396,Tahseen,CONTESTANT,PRETESTS,2,15,2048000
902,A,33416893,GNU C++11,WRONG_ANSWER,929,1513698629,Tahseen,CONTESTANT,PRETESTS,2,0,2048000
902,A,33417335,GNU C++11,WRONG_ANSWER,1003,1513698703,Tahseen,CONTESTANT,PRETESTS,2,0,2048000
902,A,33419857,GNU C++11,WRONG_ANSWER,1479,1513699179,Tahseen,CONTESTANT,PRETESTS,1,0,2048000
902,A,33421322,GNU C++11,OK,1824,1513699524,Tahseen,CONTESTANT,TESTS,55,15,2048000
902,B,33434476,GNU C++11,WRONG_ANSWER,6793,1513704493,Tahseen,CONTESTANT,PRETESTS,2,0,2048000
902,A,33423394,C++14 (GCC 6-32),WRONG_ANSWER,2377,1513700077,TamimVai,CONTESTANT,PRETESTS,5,15,1945600
902,A,33426270,C++14 (GCC 6-32),WRONG_ANSWER,3245,1513700945,TamimVai,CONTESTANT,PRETESTS,5,15,1945600
902,A,33415609,C++14 (GCC 6-32),WRONG_ANSWER,734,1513698434,TangYuanqing,CONTESTANT,PRETESTS,4,15,1945600
902,A,33417762,C++14 (GCC 6-32),OK,1077,1513698777,TangYuanqing,CONTESTANT,TESTS,55,15,1945600
902,A,33412881,Python 3,OK,278,1513697978,TanyaCheremkhina,CONTESTANT,TESTS,55,62,5529600
902,B,33417333,GNU C++11,OK,1003,1513698703,TanyaCheremkhina,CONTESTANT,TESTS,50,46,2662400
902,C,33425522,GNU C++11,OK,2998,1513700698,TanyaCheremkhina,CONTESTANT,TESTS,45,327,2867200
902,A,33418463,C++14 (GCC 6-32),OK,1196,1513698896,Taran106,CONTESTANT,TESTS,55,15,1945600
902,B,33429906,C++14 (GCC 6-32),OK,4650,1513702350,Taran106,CONTESTANT,TESTS,50,405,6860800
902,C,33435421,C++14 (GCC 6-32),WRONG_ANSWER,7141,1513704841,Taran106,CONTESTANT,PRETESTS,1,15,6656000
902,A,33426838,GNU C++11,WRONG_ANSWER,3451,1513701151,Tarek_Aloui,CONTESTANT,PRETESTS,4,15,2048000
902,A,33430727,GNU C++11,WRONG_ANSWER,5005,1513702705,Tarek_Aloui,CONTESTANT,TESTS,16,15,2048000
902,A,33429640,C++14 (GCC 6-32),CHALLENGED,4548,1513702248,TareqMahmudHridoy,CONTESTANT,CHALLENGES,8,15,1945600
902,B,33432151,C++14 (GCC 6-32),OK,5690,1513703390,TareqMahmudHridoy,CONTESTANT,TESTS,50,280,2457600
902,A,33416308,GNU C++,OK,838,1513698538,Tarik_mouallem,CONTESTANT,TESTS,55,15,2150400
902,B,33423529,GNU C++,OK,2412,1513700112,Tarik_mouallem,CONTESTANT,TESTS,50,31,2560000
902,C,33430806,GNU C++,WRONG_ANSWER,5039,1513702739,Tarik_mouallem,CONTESTANT,PRETESTS,1,15,2252800
902,C,33431191,GNU C++,OK,5212,1513702912,Tarik_mouallem,CONTESTANT,TESTS,45,109,3072000
902,A,33416232,C++14 (GCC 6-32),WRONG_ANSWER,825,1513698525,Tasnim_Ridi,CONTESTANT,PRETESTS,2,15,1843200
902,A,33419186,C++14 (GCC 6-32),WRONG_ANSWER,1348,1513699048,Tasnim_Ridi,CONTESTANT,PRETESTS,3,15,1945600
902,A,33421013,C++14 (GCC 6-32),WRONG_ANSWER,1748,1513699448,Tasnim_Ridi,CONTESTANT,TESTS,47,15,1945600
902,A,33429185,C++14 (GCC 6-32),WRONG_ANSWER,4351,1513702051,TasrinSultana,CONTESTANT,PRETESTS,2,15,1843200
902,A,33431759,C++14 (GCC 6-32),WRONG_ANSWER,5492,1513703192,TasrinSultana,CONTESTANT,PRETESTS,3,15,1945600
902,A,33433265,C++14 (GCC 6-32),WRONG_ANSWER,6235,1513703935,TasrinSultana,CONTESTANT,PRETESTS,3,15,1843200
902,A,33412637,C++14 (GCC 6-32),OK,134,1513697834,TearinFree,CONTESTANT,TESTS,55,15,1843200
902,B,33413698,C++14 (GCC 6-32),OK,439,1513698139,TearinFree,CONTESTANT,TESTS,50,15,2457600
902,C,33416629,C++14 (GCC 6-32),OK,887,1513698587,TearinFree,CONTESTANT,TESTS,45,93,2252800
902,D,33424365,C++14 (GCC 6-32),WRONG_ANSWER,2642,1513700342,TearinFree,CONTESTANT,PRETESTS,2,15,1843200
902,D,33426051,C++14 (GCC 6-32),WRONG_ANSWER,3169,1513700869,TearinFree,CONTESTANT,PRETESTS,2,15,1843200
902,D,33433511,C++14 (GCC 6-32),WRONG_ANSWER,6338,1513704038,TearinFree,CONTESTANT,PRETESTS,0,0,1843200
902,D,33433681,C++14 (GCC 6-32),WRONG_ANSWER,6416,1513704116,TearinFree,CONTESTANT,TESTS,10,15,1843200
902,A,33424212,GNU C++11,WRONG_ANSWER,2598,1513700298,TejasP812,CONTESTANT,TESTS,14,15,2048000
902,A,33415765,PascalABC.NET,WRONG_ANSWER,759,1513698459,TemaKorrec,CONTESTANT,PRETESTS,2,46,16896000
902,A,33413680,GNU C++,WRONG_ANSWER,424,1513698135,Tgotp,CONTESTANT,PRETESTS,2,15,2048000
902,A,33414359,GNU C++,WRONG_ANSWER,533,1513698243,Tgotp,CONTESTANT,PRETESTS,3,15,2048000
902,A,33415107,GNU C++,OK,652,1513698362,Tgotp,CONTESTANT,TESTS,55,30,2048000
902,B,33418045,GNU C++,OK,1114,1513698824,Tgotp,CONTESTANT,TESTS,50,15,4608000
902,C,33425064,GNU C++,WRONG_ANSWER,2841,1513700551,Tgotp,CONTESTANT,PRETESTS,1,15,2457600
902,C,33426052,GNU C++,WRONG_ANSWER,3160,1513700870,Tgotp,CONTESTANT,PRETESTS,4,15,2457600
902,C,33428902,GNU C++,OK,4226,1513701937,Tgotp,CONTESTANT,TESTS,45,109,6860800
902,A,33413724,FPC,OK,431,1513698142,Th1nhNg0,CONTESTANT,TESTS,55,15,1638400
902,B,33417954,FPC,RUNTIME_ERROR,1098,1513698809,Th1nhNg0,CONTESTANT,PRETESTS,5,0,5836800
902,B,33422376,FPC,TIME_LIMIT_EXCEEDED,2079,1513699789,Th1nhNg0,CONTESTANT,PRETESTS,5,1000,11571200
902,B,33424810,FPC,RUNTIME_ERROR,2764,1513700474,Th1nhNg0,CONTESTANT,PRETESTS,5,15,1638400
902,B,33425170,FPC,OK,2871,1513700582,Th1nhNg0,CONTESTANT,TESTS,50,30,1740800
902,A,33434624,C++14 (GCC 6-32),WRONG_ANSWER,6854,1513704554,ThECrAzYBoSs,CONTESTANT,PRETESTS,1,0,1945600
902,A,33428616,C++14 (GCC 6-32),WRONG_ANSWER,4123,1513701823,Thachvictory,CONTESTANT,PRETESTS,5,15,1945600
902,A,33430143,C++14 (GCC 6-32),WRONG_ANSWER,4759,1513702459,Thachvictory,CONTESTANT,PRETESTS,5,15,1843200
902,A,33432171,GNU C++11,WRONG_ANSWER,5698,1513703398,Thakur13,CONTESTANT,TESTS,11,15,2048000
902,A,33420255,C++14 (GCC 6-32),WRONG_ANSWER,1569,1513699269,The.Alien,CONTESTANT,PRETESTS,2,15,1945600
902,A,33414134,C++14 (GCC 6-32),WRONG_ANSWER,498,1513698209,TheBuggyMan,CONTESTANT,PRETESTS,2,15,1945600
902,A,33415203,C++14 (GCC 6-32),WRONG_ANSWER,667,1513698377,TheBuggyMan,CONTESTANT,PRETESTS,2,15,1843200
902,A,33417272,C++14 (GCC 6-32),WRONG_ANSWER,983,1513698694,TheBuggyMan,CONTESTANT,PRETESTS,4,15,1843200
902,A,33420163,C++14 (GCC 6-32),WRONG_ANSWER,1538,1513699249,TheBuggyMan,CONTESTANT,PRETESTS,4,15,1945600
902,A,33426107,C++14 (GCC 6-32),WRONG_ANSWER,3181,1513700891,TheBuggyMan,CONTESTANT,PRETESTS,4,15,1843200
902,A,33426324,C++14 (GCC 6-32),WRONG_ANSWER,3250,1513700961,TheBuggyMan,CONTESTANT,PRETESTS,4,15,1945600
902,A,33427346,C++14 (GCC 6-32),WRONG_ANSWER,3631,1513701341,TheBuggyMan,CONTESTANT,PRETESTS,4,15,1945600
902,A,33427725,C++14 (GCC 6-32),WRONG_ANSWER,3768,1513701479,TheBuggyMan,CONTESTANT,PRETESTS,4,15,1945600
902,A,33428083,C++14 (GCC 6-32),WRONG_ANSWER,3898,1513701609,TheBuggyMan,CONTESTANT,PRETESTS,4,15,1843200
902,A,33430486,C++14 (GCC 6-32),OK,4884,1513702594,TheBuggyMan,CONTESTANT,TESTS,55,15,1843200
902,A,33415279,C++14 (GCC 6-32),WRONG_ANSWER,689,1513698389,TheCallingOne,CONTESTANT,PRETESTS,2,15,1843200
902,A,33416075,C++14 (GCC 6-32),WRONG_ANSWER,802,1513698502,TheCallingOne,CONTESTANT,PRETESTS,3,15,1843200
902,A,33416728,C++14 (GCC 6-32),WRONG_ANSWER,904,1513698604,TheCallingOne,CONTESTANT,PRETESTS,3,15,1945600
902,A,33417809,C++14 (GCC 6-32),WRONG_ANSWER,1085,1513698785,TheCallingOne,CONTESTANT,PRETESTS,3,15,1945600
902,A,33419135,C++14 (GCC 6-32),OK,1338,1513699038,TheCallingOne,CONTESTANT,TESTS,55,15,1945600
902,B,33428691,C++14 (GCC 6-32),OK,4158,1513701858,TheCallingOne,CONTESTANT,TESTS,50,46,2457600
902,A,33416228,C++14 (GCC 6-32),WRONG_ANSWER,814,1513698525,TheDarkning,CONTESTANT,PRETESTS,4,15,1945600
902,A,33419675,C++14 (GCC 6-32),OK,1434,1513699144,TheDarkning,CONTESTANT,TESTS,55,15,1945600
902,B,33425435,C++14 (GCC 6-32),RUNTIME_ERROR,2960,1513700670,TheDarkning,CONTESTANT,PRETESTS,5,30,2355200
902,B,33425625,C++14 (GCC 6-32),RUNTIME_ERROR,3019,1513700729,TheDarkning,CONTESTANT,PRETESTS,5,15,2355200
902,B,33425788,C++14 (GCC 6-32),OK,3075,1513700785,TheDarkning,CONTESTANT,TESTS,50,31,2457600
902,A,33414612,C++14 (GCC 6-32),OK,584,1513698284,TheMn,CONTESTANT,TESTS,55,15,1945600
902,B,33424780,C++14 (GCC 6-32),OK,2767,1513700467,TheMn,CONTESTANT,TESTS,50,46,2457600
902,A,33412868,C++14 (GCC 6-32),WRONG_ANSWER,274,1513697974,ThePtrocanfer,CONTESTANT,PRETESTS,2,0,1843200
902,A,33413037,C++14 (GCC 6-32),OK,317,1513698017,ThePtrocanfer,CONTESTANT,TESTS,55,15,1945600
902,B,33418323,C++14 (GCC 6-32),OK,1172,1513698872,ThePtrocanfer,CONTESTANT,TESTS,50,31,2457600
902,C,33421266,C++14 (GCC 6-32),WRONG_ANSWER,1810,1513699510,ThePtrocanfer,CONTESTANT,PRETESTS,1,0,1945600
902,C,33422869,C++14 (GCC 6-32),OK,2227,1513699927,ThePtrocanfer,CONTESTANT,TESTS,45,155,2252800
902,D,33425564,C++14 (GCC 6-32),WRONG_ANSWER,3014,1513700714,ThePtrocanfer,CONTESTANT,PRETESTS,2,15,1945600
902,D,33429062,C++14 (GCC 6-32),OK,4301,1513702001,ThePtrocanfer,CONTESTANT,TESTS,150,31,2048000
902,A,33430932,C++14 (GCC 6-32),CHALLENGED,5072,1513702782,TheRed_Viper,CONTESTANT,CHALLENGES,8,15,1945600
902,A,33419338,C++14 (GCC 6-32),WRONG_ANSWER,1362,1513699073,The_Dragon_Warrior,CONTESTANT,PRETESTS,2,15,1843200
902,A,33421294,C++14 (GCC 6-32),WRONG_ANSWER,1816,1513699516,The_Dragon_Warrior,CONTESTANT,PRETESTS,2,15,1945600
902,A,33430075,C++14 (GCC 6-32),OK,4732,1513702432,The_Dragon_Warrior,CONTESTANT,TESTS,55,15,2048000
902,A,33421799,C++14 (GCC 6-32),WRONG_ANSWER,1929,1513699639,The_girl,CONTESTANT,PRETESTS,2,15,11264000
902,B,33426582,C++14 (GCC 6-32),OK,3342,1513701053,The_girl,CONTESTANT,TESTS,50,46,11776000
902,A,33428994,C++14 (GCC 6-32),WRONG_ANSWER,4266,1513701977,The_girl,CONTESTANT,PRETESTS,2,15,11264000
902,A,33430451,C++14 (GCC 6-32),WRONG_ANSWER,4872,1513702582,The_girl,CONTESTANT,PRETESTS,2,0,11264000
902,A,33433840,C++14 (GCC 6-32),OK,6479,1513704189,The_girl,CONTESTANT,TESTS,55,15,11264000
902,A,33413747,C++14 (GCC 6-32),OK,445,1513698145,TheeLooser,CONTESTANT,TESTS,55,15,1945600
902,B,33418083,C++14 (GCC 6-32),OK,1129,1513698829,TheeLooser,CONTESTANT,TESTS,50,46,2355200
902,C,33424044,C++14 (GCC 6-32),WRONG_ANSWER,2555,1513700255,TheeLooser,CONTESTANT,PRETESTS,3,15,2662400
902,A,33415462,C++14 (GCC 6-32),OK,715,1513698415,Thirrash,CONTESTANT,TESTS,55,15,1945600
902,B,33426198,C++14 (GCC 6-32),OK,3221,1513700921,Thirrash,CONTESTANT,TESTS,50,265,2457600
902,A,33429831,C++14 (GCC 6-32),WRONG_ANSWER,4627,1513702327,Thunder-,CONTESTANT,PRETESTS,2,0,1945600
902,A,33431000,C++14 (GCC 6-32),WRONG_ANSWER,5118,1513702818,Thunder-,CONTESTANT,PRETESTS,2,15,1843200
902,A,33434978,C++14 (GCC 6-32),WRONG_ANSWER,6994,1513704695,Thunder-,CONTESTANT,PRETESTS,0,0,1843200
902,A,33435211,C++14 (GCC 6-32),WRONG_ANSWER,7075,1513704775,Thunder-,CONTESTANT,PRETESTS,2,15,1843200
902,A,33435282,C++14 (GCC 6-32),WRONG_ANSWER,7098,1513704798,Thunder-,CONTESTANT,PRETESTS,2,0,1945600
902,A,33429522,C++14 (GCC 6-32),WRONG_ANSWER,4497,1513702197,TiMoFeY_KZ,CONTESTANT,TESTS,14,15,1945600
902,A,33419742,Java 8,CHALLENGED,1444,1513699155,TiPo,CONTESTANT,CHALLENGES,8,109,20787200
902,A,33413990,Python 3,OK,487,1513698187,TianCilliers,CONTESTANT,TESTS,55,62,5529600
902,B,33419196,Python 3,RUNTIME_ERROR,1349,1513699049,TianCilliers,CONTESTANT,TESTS,17,248,7475200
902,C,33426245,Python 3,SKIPPED,3238,1513700938,TianCilliers,CONTESTANT,PRETESTS,13,218,10854400
902,D,33432435,Python 3,WRONG_ANSWER,5837,1513703537,TianCilliers,CONTESTANT,PRETESTS,2,46,5529600
902,D,33433214,Python 3,WRONG_ANSWER,6210,1513703910,TianCilliers,CONTESTANT,PRETESTS,2,46,5529600
902,C,33433554,Python 3,WRONG_ANSWER,6359,1513704059,TianCilliers,CONTESTANT,PRETESTS,1,46,5529600
902,C,33433635,Python 3,WRONG_ANSWER,6398,1513704098,TianCilliers,CONTESTANT,PRETESTS,1,62,5529600
902,C,33433908,Python 3,SKIPPED,6525,1513704225,TianCilliers,CONTESTANT,PRETESTS,13,545,11366400
902,C,33434174,Python 3,OK,6659,1513704359,TianCilliers,CONTESTANT,TESTS,45,327,19660800
902,D,33434899,Python 3,WRONG_ANSWER,6971,1513704671,TianCilliers,CONTESTANT,PRETESTS,1,61,5529600
902,D,33435561,Python 3,WRONG_ANSWER,7177,1513704877,TianCilliers,CONTESTANT,PRETESTS,2,46,5529600
902,A,33414215,C++14 (GCC 6-32),WRONG_ANSWER,521,1513698221,Titan15,CONTESTANT,PRETESTS,3,0,1843200
902,A,33415727,C++14 (GCC 6-32),WRONG_ANSWER,753,1513698453,Titan15,CONTESTANT,PRETESTS,3,0,1945600
902,A,33423132,C++14 (GCC 6-32),OK,2304,1513700004,Titan15,CONTESTANT,TESTS,55,15,1945600
902,B,33428753,C++14 (GCC 6-32),OK,4185,1513701885,Titan15,CONTESTANT,TESTS,50,233,2457600
902,A,33413946,C++14 (GCC 6-32),OK,479,1513698179,Tlalafuda__Tlalafu,CONTESTANT,TESTS,55,15,3072000
902,B,33423360,C++14 (GCC 6-32),RUNTIME_ERROR,2369,1513700069,Tlalafuda__Tlalafu,CONTESTANT,PRETESTS,0,15,3686400
902,B,33423663,C++14 (GCC 6-32),SKIPPED,2450,1513700150,Tlalafuda__Tlalafu,CONTESTANT,PRETESTS,10,15,3788800
902,B,33424899,C++14 (GCC 6-32),OK,2798,1513700498,Tlalafuda__Tlalafu,CONTESTANT,TESTS,50,202,3891200
902,A,33414634,GNU C++,OK,588,1513698288,ToErr,CONTESTANT,TESTS,55,15,2048000
902,B,33420643,GNU C++,OK,1658,1513699358,ToErr,CONTESTANT,TESTS,50,30,2560000
902,C,33430556,GNU C++,OK,4926,1513702626,ToErr,CONTESTANT,TESTS,45,109,5836800
902,A,33412973,C++14 (GCC 6-32),OK,304,1513698004,ToMmyDong,CONTESTANT,TESTS,55,31,1945600
902,B,33417907,C++14 (GCC 6-32),OK,1102,1513698802,ToMmyDong,CONTESTANT,TESTS,50,31,2560000
902,C,33428621,C++14 (GCC 6-32),WRONG_ANSWER,4126,1513701826,ToMmyDong,CONTESTANT,PRETESTS,1,15,1843200
902,C,33428733,C++14 (GCC 6-32),WRONG_ANSWER,4173,1513701874,ToMmyDong,CONTESTANT,PRETESTS,4,15,1843200
902,C,33433938,C++14 (GCC 6-32),WRONG_ANSWER,6542,1513704242,ToMmyDong,CONTESTANT,PRETESTS,1,0,1843200
902,C,33434515,C++14 (GCC 6-32),OK,6812,1513704512,ToMmyDong,CONTESTANT,TESTS,45,140,9318400
902,A,33413870,C++14 (GCC 6-32),OK,455,1513698165,Tokixix,CONTESTANT,TESTS,55,15,1945600
902,B,33418059,C++14 (GCC 6-32),OK,1115,1513698825,Tokixix,CONTESTANT,TESTS,50,31,2560000
902,C,33423771,C++14 (GCC 6-32),WRONG_ANSWER,2475,1513700185,Tokixix,CONTESTANT,PRETESTS,0,0,1843200
902,C,33423979,C++14 (GCC 6-32),WRONG_ANSWER,2530,1513700241,Tokixix,CONTESTANT,PRETESTS,1,0,1843200
902,C,33424613,C++14 (GCC 6-32),WRONG_ANSWER,2708,1513700419,Tokixix,CONTESTANT,PRETESTS,1,15,1843200
902,C,33424825,C++14 (GCC 6-32),WRONG_ANSWER,2768,1513700479,Tokixix,CONTESTANT,PRETESTS,4,15,1843200
902,C,33426622,C++14 (GCC 6-32),OK,3363,1513701073,Tokixix,CONTESTANT,TESTS,45,140,3891200
902,D,33432983,C++14 (GCC 6-32),WRONG_ANSWER,6090,1513703800,Tokixix,CONTESTANT,PRETESTS,4,15,1945600
902,D,33434223,C++14 (GCC 6-32),WRONG_ANSWER,6669,1513704380,Tokixix,CONTESTANT,TESTS,10,15,1945600
902,A,33414882,C++14 (GCC 6-32),OK,628,1513698328,Tolmachev,CONTESTANT,TESTS,55,15,1945600
902,B,33420013,C++14 (GCC 6-32),OK,1515,1513699215,Tolmachev,CONTESTANT,TESTS,50,30,2764800
902,C,33424279,C++14 (GCC 6-32),OK,2618,1513700318,Tolmachev,CONTESTANT,TESTS,45,93,6656000
902,A,33413162,GNU C++11,WRONG_ANSWER,341,1513698041,Tonks,CONTESTANT,PRETESTS,2,0,3072000
902,A,33415757,GNU C++11,OK,758,1513698458,Tonks,CONTESTANT,TESTS,55,15,2048000
902,B,33418223,GNU C++11,OK,1154,1513698854,Tonks,CONTESTANT,TESTS,50,46,19456000
902,C,33423415,GNU C++11,OK,2383,1513700083,Tonks,CONTESTANT,TESTS,45,327,6041600
902,A,33425268,C++14 (GCC 6-32),WRONG_ANSWER,2915,1513700615,Tonto_codificador,CONTESTANT,PRETESTS,5,15,1945600
902,A,33433579,C++14 (GCC 6-32),CHALLENGED,6371,1513704071,Tonto_codificador,CONTESTANT,CHALLENGES,8,15,1945600
902,A,33413198,C++14 (GCC 6-32),OK,337,1513698048,TooObvious,CONTESTANT,TESTS,55,15,1945600
902,B,33418362,C++14 (GCC 6-32),OK,1168,1513698878,TooObvious,CONTESTANT,TESTS,50,31,2764800
902,C,33423644,C++14 (GCC 6-32),OK,2433,1513700143,TooObvious,CONTESTANT,TESTS,45,171,3686400
902,A,33417215,C++14 (GCC 6-32),OK,985,1513698685,Too_stupid,CONTESTANT,TESTS,55,15,4608000
902,B,33423939,C++14 (GCC 6-32),OK,2530,1513700230,Too_stupid,CONTESTANT,TESTS,50,234,2662400
902,C,33433969,C++14 (GCC 6-32),WRONG_ANSWER,6562,1513704262,Too_stupid,CONTESTANT,PRETESTS,3,15,22630400
902,C,33434651,C++14 (GCC 6-32),WRONG_ANSWER,6865,1513704565,Too_stupid,CONTESTANT,PRETESTS,3,15,6860800
902,A,33424163,C++14 (GCC 6-32),WRONG_ANSWER,2588,1513700288,ToooLazy,CONTESTANT,PRETESTS,2,15,1843200
902,A,33429395,C++14 (GCC 6-32),WRONG_ANSWER,4437,1513702137,ToooLazy,CONTESTANT,PRETESTS,2,15,1843200
902,A,33413414,C++14 (GCC 6-32),OK,389,1513698089,TopDog,CONTESTANT,TESTS,55,15,1945600
902,B,33418137,C++14 (GCC 6-32),OK,1139,1513698839,TopDog,CONTESTANT,TESTS,50,186,236953600
902,C,33425229,C++14 (GCC 6-32),WRONG_ANSWER,2902,1513700602,TopDog,CONTESTANT,PRETESTS,5,15,1945600
902,C,33426913,C++14 (GCC 6-32),OK,3474,1513701174,TopDog,CONTESTANT,TESTS,45,187,11161600
902,A,33419105,GNU C,WRONG_ANSWER,1334,1513699034,Topology_l,CONTESTANT,PRETESTS,2,0,1843200
902,A,33431039,GNU C,WRONG_ANSWER,5125,1513702835,Topology_l,CONTESTANT,TESTS,47,15,1843200
902,A,33412740,GNU C++11,OK,223,1513697923,Tosic,CONTESTANT,TESTS,55,15,2048000
902,B,33419727,GNU C++11,OK,1453,1513699153,Tosic,CONTESTANT,TESTS,50,31,3276800
902,C,33426722,GNU C++11,WRONG_ANSWER,3408,1513701108,Tosic,CONTESTANT,PRETESTS,1,0,4096000
902,C,33426962,GNU C++11,WRONG_ANSWER,3491,1513701191,Tosic,CONTESTANT,PRETESTS,4,15,4096000
902,C,33429154,GNU C++11,WRONG_ANSWER,4339,1513702039,Tosic,CONTESTANT,PRETESTS,4,15,4096000
902,C,33429290,GNU C++11,OK,4393,1513702093,Tosic,CONTESTANT,TESTS,45,234,4096000
902,A,33424083,MS C++,COMPILATION_ERROR,2566,1513700266,Tosik2020,CONTESTANT,PRETESTS,0,0,0
902,A,33424264,MS C++,WRONG_ANSWER,2614,1513700314,Tosik2020,CONTESTANT,PRETESTS,2,0,2048000
902,A,33429031,MS C++,WRONG_ANSWER,4291,1513701991,Tosik2020,CONTESTANT,PRETESTS,2,0,2048000
902,A,33430514,MS C++,WRONG_ANSWER,4908,1513702608,Tosik2020,CONTESTANT,PRETESTS,2,15,2048000
902,A,33431527,MS C++,WRONG_ANSWER,5375,1513703075,Tosik2020,CONTESTANT,PRETESTS,2,15,2048000
902,A,33432159,MS C++,WRONG_ANSWER,5694,1513703394,Tosik2020,CONTESTANT,PRETESTS,2,0,2048000
902,A,33432449,MS C++,WRONG_ANSWER,5842,1513703542,Tosik2020,CONTESTANT,PRETESTS,2,0,2048000
902,A,33433397,MS C++,WRONG_ANSWER,6294,1513703994,Tosik2020,CONTESTANT,PRETESTS,0,15,2048000
902,A,33434548,MS C++,WRONG_ANSWER,6821,1513704521,Tosik2020,CONTESTANT,PRETESTS,2,0,2048000
902,A,33435623,MS C++,WRONG_ANSWER,7188,1513704888,Tosik2020,CONTESTANT,PRETESTS,2,0,2048000
902,A,33419495,FPC,WRONG_ANSWER,1407,1513699107,TouRIst_____________,CONTESTANT,PRETESTS,2,15,1638400
902,A,33420339,FPC,OK,1585,1513699285,TouRIst_____________,CONTESTANT,TESTS,55,15,1638400
902,B,33426835,FPC,OK,3448,1513701148,TouRIst_____________,CONTESTANT,TESTS,50,15,2048000
902,B,33419403,C++14 (GCC 6-32),WRONG_ANSWER,1386,1513699086,Tristan_Tate,CONTESTANT,PRETESTS,5,31,2560000
902,B,33423485,C++14 (GCC 6-32),WRONG_ANSWER,2400,1513700100,Tristan_Tate,CONTESTANT,PRETESTS,5,234,2764800
902,B,33424483,C++14 (GCC 6-32),WRONG_ANSWER,2683,1513700383,Tristan_Tate,CONTESTANT,PRETESTS,5,233,2560000
902,B,33424838,C++14 (GCC 6-32),WRONG_ANSWER,2783,1513700483,Tristan_Tate,CONTESTANT,PRETESTS,5,233,2560000
902,B,33425640,C++14 (GCC 6-32),WRONG_ANSWER,3034,1513700734,Tristan_Tate,CONTESTANT,PRETESTS,5,249,2560000
902,B,33427201,C++14 (GCC 6-32),OK,3587,1513701287,Tristan_Tate,CONTESTANT,TESTS,50,249,3174400
902,A,33429637,C++14 (GCC 6-32),RUNTIME_ERROR,4547,1513702247,Tristan_Tate,CONTESTANT,PRETESTS,0,0,2048000
902,A,33429857,C++14 (GCC 6-32),WRONG_ANSWER,4636,1513702336,Tristan_Tate,CONTESTANT,PRETESTS,2,15,1843200
902,A,33430025,C++14 (GCC 6-32),WRONG_ANSWER,4708,1513702408,Tristan_Tate,CONTESTANT,PRETESTS,2,15,1945600
902,A,33430288,C++14 (GCC 6-32),WRONG_ANSWER,4813,1513702513,Tristan_Tate,CONTESTANT,PRETESTS,4,15,1945600
902,A,33430384,C++14 (GCC 6-32),WRONG_ANSWER,4853,1513702553,Tristan_Tate,CONTESTANT,PRETESTS,4,15,1945600
902,A,33430810,C++14 (GCC 6-32),WRONG_ANSWER,5040,1513702740,Tristan_Tate,CONTESTANT,PRETESTS,1,15,1843200
902,A,33430938,C++14 (GCC 6-32),WRONG_ANSWER,5085,1513702785,Tristan_Tate,CONTESTANT,PRETESTS,4,15,1945600
902,A,33431446,C++14 (GCC 6-32),COMPILATION_ERROR,5332,1513703032,Tristan_Tate,CONTESTANT,PRETESTS,0,0,0
902,A,33431528,C++14 (GCC 6-32),WRONG_ANSWER,5375,1513703075,Tristan_Tate,CONTESTANT,PRETESTS,4,15,1843200
902,A,33431857,C++14 (GCC 6-32),COMPILATION_ERROR,5548,1513703248,Tristan_Tate,CONTESTANT,PRETESTS,0,0,0
902,A,33432051,C++14 (GCC 6-32),WRONG_ANSWER,5637,1513703337,Tristan_Tate,CONTESTANT,PRETESTS,0,0,1843200
902,A,33432374,C++14 (GCC 6-32),WRONG_ANSWER,5796,1513703496,Tristan_Tate,CONTESTANT,PRETESTS,2,15,1945600
902,A,33419323,GNU C++11,WRONG_ANSWER,1371,1513699071,True__Love,CONTESTANT,PRETESTS,2,0,2048000
902,A,33420781,GNU C++,WRONG_ANSWER,1684,1513699394,True__Love,CONTESTANT,PRETESTS,2,0,2048000
902,A,33423155,GNU C++,WRONG_ANSWER,2299,1513700010,True__Love,CONTESTANT,PRETESTS,4,15,2048000
902,A,33423467,GNU C++,OK,2385,1513700096,True__Love,CONTESTANT,TESTS,55,15,2048000
902,A,33421053,GNU C++11,OK,1757,1513699457,TuGSGeReL,CONTESTANT,TESTS,55,15,2150400
902,B,33428264,GNU C++11,OK,3980,1513701680,TuGSGeReL,CONTESTANT,TESTS,50,46,27852800
902,C,33433869,GNU C++11,WRONG_ANSWER,6509,1513704209,TuGSGeReL,CONTESTANT,PRETESTS,1,0,2969600
902,C,33433990,GNU C++11,WRONG_ANSWER,6573,1513704273,TuGSGeReL,CONTESTANT,PRETESTS,1,15,2969600
902,A,33416612,C++14 (GCC 6-32),OK,884,1513698584,Tufayel_LUS,CONTESTANT,TESTS,55,15,2150400
902,A,33415539,GNU C++11,OK,727,1513698427,Tuhin_RU,CONTESTANT,TESTS,55,31,2048000
902,B,33421243,GNU C++11,OK,1803,1513699503,Tuhin_RU,CONTESTANT,TESTS,50,46,2252800
902,D,33431436,GNU C++11,WRONG_ANSWER,5325,1513703025,Tuhin_RU,CONTESTANT,PRETESTS,4,15,2048000
902,A,33421395,GNU C++17 Diagnostics,WRONG_ANSWER,1829,1513699540,TuongVan,CONTESTANT,TESTS,11,810,98201600
902,B,33432096,GNU C++17 Diagnostics,TIME_LIMIT_EXCEEDED,5650,1513703361,TuongVan,CONTESTANT,PRETESTS,5,1000,103424000
902,B,33433894,GNU C++17 Diagnostics,TIME_LIMIT_EXCEEDED,6509,1513704220,TuongVan,CONTESTANT,PRETESTS,5,1000,101580800
902,B,33434415,GNU C++17 Diagnostics,TIME_LIMIT_EXCEEDED,6750,1513704461,TuongVan,CONTESTANT,PRETESTS,5,1000,102297600
902,B,33434636,GNU C++17 Diagnostics,TIME_LIMIT_EXCEEDED,6849,1513704560,TuongVan,CONTESTANT,PRETESTS,5,1000,101580800
902,B,33435307,GNU C++17 Diagnostics,TIME_LIMIT_EXCEEDED,7095,1513704806,TuongVan,CONTESTANT,PRETESTS,5,1000,102297600
902,A,33416335,C++14 (GCC 6-32),WRONG_ANSWER,831,1513698541,TwITe,CONTESTANT,PRETESTS,2,15,1945600
902,A,33417695,C++14 (GCC 6-32),WRONG_ANSWER,1055,1513698765,TwITe,CONTESTANT,PRETESTS,2,0,1945600
902,A,33419768,C++14 (GCC 6-32),WRONG_ANSWER,1449,1513699160,TwITe,CONTESTANT,PRETESTS,1,15,1843200
902,A,33425524,C++14 (GCC 6-32),WRONG_ANSWER,2989,1513700699,TwITe,CONTESTANT,PRETESTS,5,15,1945600
902,A,33429210,GNU C++,WRONG_ANSWER,4360,1513702060,U.Harika,CONTESTANT,PRETESTS,2,15,2048000
902,A,33422247,C++14 (GCC 6-32),WRONG_ANSWER,2049,1513699749,UNDEFINED_MEHEDI,CONTESTANT,PRETESTS,4,15,1843200
902,A,33422537,C++14 (GCC 6-32),WRONG_ANSWER,2136,1513699836,UNDEFINED_MEHEDI,CONTESTANT,PRETESTS,4,15,1843200
902,A,33424877,C++14 (GCC 6-32),WRONG_ANSWER,2792,1513700492,UNDEFINED_MEHEDI,CONTESTANT,PRETESTS,4,15,1843200
902,A,33425501,C++14 (GCC 6-32),WRONG_ANSWER,2991,1513700691,UNDEFINED_MEHEDI,CONTESTANT,PRETESTS,2,15,1843200
902,A,33425855,C++14 (GCC 6-32),OK,3107,1513700807,UNDEFINED_MEHEDI,CONTESTANT,TESTS,55,15,1945600
902,B,33431157,C++14 (GCC 6-32),OK,5193,1513702893,UNDEFINED_MEHEDI,CONTESTANT,TESTS,50,265,3993600
902,A,33415693,GNU C++11,WRONG_ANSWER,747,1513698447,UZB_Yusufboy,CONTESTANT,PRETESTS,2,0,2048000
902,A,33421677,GNU C++11,WRONG_ANSWER,1909,1513699609,UZB_Yusufboy,CONTESTANT,PRETESTS,2,0,2048000
902,A,33423593,GNU C++11,WRONG_ANSWER,2430,1513700130,UZB_Yusufboy,CONTESTANT,PRETESTS,4,15,2048000
902,A,33424121,GNU C++11,WRONG_ANSWER,2576,1513700276,UZB_Yusufboy,CONTESTANT,PRETESTS,4,15,2048000
902,A,33426703,GNU C++11,WRONG_ANSWER,3403,1513701103,UZB_Yusufboy,CONTESTANT,PRETESTS,2,15,2048000
902,A,33427110,GNU C++11,WRONG_ANSWER,3547,1513701247,UZB_Yusufboy,CONTESTANT,PRETESTS,2,15,2048000
902,A,33416286,C++14 (GCC 6-32),OK,834,1513698534,Udit_Maniyar,CONTESTANT,TESTS,55,15,4096000
902,B,33423646,C++14 (GCC 6-32),OK,2445,1513700145,Udit_Maniyar,CONTESTANT,TESTS,50,15,5529600
902,C,33431404,C++14 (GCC 6-32),OK,5313,1513703013,Udit_Maniyar,CONTESTANT,TESTS,45,109,5836800
902,A,33413364,C++14 (GCC 6-32),WRONG_ANSWER,378,1513698078,UltimateChoker,CONTESTANT,PRETESTS,2,15,1945600
902,A,33414947,C++14 (GCC 6-32),WRONG_ANSWER,637,1513698337,UltimateChoker,CONTESTANT,PRETESTS,3,15,1945600
902,A,33415725,C++14 (GCC 6-32),COMPILATION_ERROR,752,1513698452,UltimateChoker,CONTESTANT,PRETESTS,0,0,0
902,A,33415868,C++14 (GCC 6-32),WRONG_ANSWER,773,1513698473,UltimateChoker,CONTESTANT,TESTS,14,15,1945600
902,B,33427261,C++14 (GCC 6-32),WRONG_ANSWER,3607,1513701307,UltimateChoker,CONTESTANT,PRETESTS,4,15,2355200
902,B,33427959,C++14 (GCC 6-32),OK,3859,1513701559,UltimateChoker,CONTESTANT,TESTS,50,46,2764800
902,A,33418410,C++14 (GCC 6-32),OK,1186,1513698886,UltraRus26laN,CONTESTANT,TESTS,55,15,2764800
902,B,33422550,C++14 (GCC 6-32),OK,2140,1513699840,UltraRus26laN,CONTESTANT,TESTS,50,31,4505600
902,C,33430191,C++14 (GCC 6-32),OK,4777,1513702477,UltraRus26laN,CONTESTANT,TESTS,45,109,5324800
902,A,33414900,GNU C++11,OK,630,1513698330,Ulugbek_ABDlMANABOV,CONTESTANT,TESTS,55,15,2048000
902,B,33431415,GNU C++11,OK,5316,1513703016,Ulugbek_ABDlMANABOV,CONTESTANT,TESTS,50,31,4915200
902,A,33420752,C++14 (GCC 6-32),OK,1687,1513699387,UnfilledDreams,CONTESTANT,TESTS,55,15,2662400
902,B,33427338,C++14 (GCC 6-32),OK,3638,1513701338,UnfilledDreams,CONTESTANT,TESTS,50,15,4505600
902,C,33432540,C++14 (GCC 6-32),WRONG_ANSWER,5890,1513703590,UnfilledDreams,CONTESTANT,PRETESTS,3,15,5120000
902,C,33432695,C++14 (GCC 6-32),WRONG_ANSWER,5960,1513703660,UnfilledDreams,CONTESTANT,PRETESTS,3,15,5120000
902,C,33433251,C++14 (GCC 6-32),WRONG_ANSWER,6228,1513703928,UnfilledDreams,CONTESTANT,PRETESTS,1,15,5120000
902,C,33433919,C++14 (GCC 6-32),OK,6530,1513704230,UnfilledDreams,CONTESTANT,TESTS,45,109,5120000
902,A,33417471,GNU C++11,WRONG_ANSWER,1027,1513698727,Uniontake,CONTESTANT,PRETESTS,2,0,2048000
902,A,33420003,GNU C++11,OK,1513,1513699213,Uniontake,CONTESTANT,TESTS,55,15,2048000
902,B,33428837,GNU C++11,OK,4217,1513701917,Uniontake,CONTESTANT,TESTS,50,31,2662400
902,A,33412871,GNU C++11,OK,274,1513697974,Unnar,CONTESTANT,TESTS,55,15,2048000
902,B,33422065,GNU C++11,OK,2006,1513699706,Unnar,CONTESTANT,TESTS,50,46,2457600
902,C,33431116,GNU C++11,WRONG_ANSWER,5171,1513702871,Unnar,CONTESTANT,PRETESTS,3,15,2048000
902,C,33434390,GNU C++11,WRONG_ANSWER,6754,1513704454,Unnar,CONTESTANT,PRETESTS,3,15,2048000
902,C,33434871,GNU C++11,WRONG_ANSWER,6958,1513704658,Unnar,CONTESTANT,PRETESTS,2,15,2048000
902,C,33435381,GNU C++11,WRONG_ANSWER,7129,1513704829,Unnar,CONTESTANT,PRETESTS,1,15,2048000
902,C,33435491,GNU C++11,WRONG_ANSWER,7162,1513704862,Unnar,CONTESTANT,PRETESTS,2,15,2048000
902,A,33412979,C++14 (GCC 6-32),OK,305,1513698005,UoA_Kaori,CONTESTANT,TESTS,55,15,1945600
902,B,33414393,C++14 (GCC 6-32),OK,550,1513698250,UoA_Kaori,CONTESTANT,TESTS,50,30,3788800
902,C,33418857,C++14 (GCC 6-32),OK,1274,1513698974,UoA_Kaori,CONTESTANT,TESTS,45,109,7475200
902,E,33431647,C++14 (GCC 6-32),WRONG_ANSWER,5425,1513703136,UoA_Kaori,CONTESTANT,PRETESTS,2,858,58163200
902,E,33432769,C++14 (GCC 6-32),OK,5985,1513703696,UoA_Kaori,CONTESTANT,TESTS,59,1029,62771200
902,A,33416585,C++14 (GCC 6-32),OK,881,1513698581,Urooj,CONTESTANT,TESTS,55,15,2867200
902,B,33421816,C++14 (GCC 6-32),WRONG_ANSWER,1943,1513699643,Urooj,CONTESTANT,PRETESTS,0,0,2048000
902,B,33422512,C++14 (GCC 6-32),OK,2129,1513699829,Urooj,CONTESTANT,TESTS,50,46,2457600
902,C,33432725,C++14 (GCC 6-32),WRONG_ANSWER,5975,1513703675,Urooj,CONTESTANT,PRETESTS,1,0,1945600
902,C,33418583,GNU C++11,WRONG_ANSWER,1219,1513698919,UselessDev,CONTESTANT,PRETESTS,0,15,2048000
902,C,33418700,GNU C++11,OK,1243,1513698943,UselessDev,CONTESTANT,TESTS,45,249,2457600
902,B,33422750,GNU C++11,OK,2196,1513699896,UselessDev,CONTESTANT,TESTS,50,31,2457600
902,A,33424005,GNU C++11,OK,2547,1513700247,UselessDev,CONTESTANT,TESTS,55,15,2048000
902,D,33431934,GNU C++11,WRONG_ANSWER,5584,1513703284,UselessDev,CONTESTANT,PRETESTS,2,15,2048000
902,D,33432400,GNU C++11,WRONG_ANSWER,5815,1513703515,UselessDev,CONTESTANT,PRETESTS,2,15,2048000
902,D,33434233,GNU C++11,WRONG_ANSWER,6686,1513704386,UselessDev,CONTESTANT,PRETESTS,2,15,2048000
902,D,33434526,GNU C++11,WRONG_ANSWER,6815,1513704515,UselessDev,CONTESTANT,PRETESTS,2,15,2048000
902,A,33414407,C++14 (GCC 6-32),TIME_LIMIT_EXCEEDED,553,1513698253,Uteza,CONTESTANT,PRETESTS,3,1000,2662400
902,A,33415785,C++14 (GCC 6-32),OK,763,1513698463,Uteza,CONTESTANT,TESTS,55,15,2662400
902,B,33424424,C++14 (GCC 6-32),OK,2662,1513700362,Uteza,CONTESTANT,TESTS,50,31,5734400
902,A,33413328,C++14 (GCC 6-32),WRONG_ANSWER,372,1513698072,Uzumaki_Narutoo,CONTESTANT,PRETESTS,3,15,2867200
902,A,33413689,C++14 (GCC 6-32),OK,438,1513698138,Uzumaki_Narutoo,CONTESTANT,TESTS,55,15,2867200
902,B,33418844,C++14 (GCC 6-32),OK,1270,1513698970,Uzumaki_Narutoo,CONTESTANT,TESTS,50,30,3481600
902,A,33412778,C++14 (GCC 6-32),WRONG_ANSWER,240,1513697940,V..,CONTESTANT,PRETESTS,3,15,1843200
902,A,33412886,C++14 (GCC 6-32),OK,279,1513697979,V..,CONTESTANT,TESTS,55,15,1945600
902,B,33420854,C++14 (GCC 6-32),OK,1711,1513699411,V..,CONTESTANT,TESTS,50,46,2457600
902,C,33426692,C++14 (GCC 6-32),OK,3398,1513701098,V..,CONTESTANT,TESTS,45,171,2355200
902,A,33413691,GNU C++11,OK,427,1513698138,VLamarca,CONTESTANT,TESTS,55,15,2048000
902,B,33417039,GNU C++11,OK,940,1513698651,VLamarca,CONTESTANT,TESTS,50,31,2867200
902,C,33424361,GNU C++11,WRONG_ANSWER,2630,1513700340,VLamarca,CONTESTANT,PRETESTS,1,0,2048000
902,C,33425546,GNU C++11,OK,2996,1513700706,VLamarca,CONTESTANT,TESTS,45,124,5529600
902,A,33418911,C++14 (GCC 6-32),OK,1287,1513698987,Valiors,CONTESTANT,TESTS,55,30,15155200
902,B,33421273,C++14 (GCC 6-32),OK,1812,1513699512,Valiors,CONTESTANT,TESTS,50,31,19353600
902,C,33427991,C++14 (GCC 6-32),OK,3872,1513701572,Valiors,CONTESTANT,TESTS,45,93,13926400
902,A,33415853,C++14 (GCC 6-32),WRONG_ANSWER,761,1513698471,VanHung,CONTESTANT,PRETESTS,4,15,1945600
902,A,33420879,C++14 (GCC 6-32),WRONG_ANSWER,1705,1513699415,VanHung,CONTESTANT,TESTS,47,15,1945600
902,A,33413212,GNU C++11,WRONG_ANSWER,352,1513698052,Vasiljko,CONTESTANT,PRETESTS,3,15,2048000
902,A,33414470,GNU C++11,OK,561,1513698261,Vasiljko,CONTESTANT,TESTS,55,15,2048000
902,B,33417627,GNU C++11,OK,1055,1513698755,Vasiljko,CONTESTANT,TESTS,50,31,2662400
902,C,33428674,GNU C++11,WRONG_ANSWER,4149,1513701849,Vasiljko,CONTESTANT,PRETESTS,4,15,4505600
902,C,33429543,GNU C++11,WRONG_ANSWER,4506,1513702206,Vasiljko,CONTESTANT,PRETESTS,3,15,4505600
902,C,33430221,GNU C++11,WRONG_ANSWER,4790,1513702490,Vasiljko,CONTESTANT,PRETESTS,8,15,4505600
902,C,33430437,GNU C++11,RUNTIME_ERROR,4876,1513702576,Vasiljko,CONTESTANT,PRETESTS,12,62,6451200
902,C,33430586,GNU C++11,OK,4942,1513702642,Vasiljko,CONTESTANT,TESTS,45,280,11776000
902,A,33415383,C++14 (GCC 6-32),SKIPPED,704,1513698404,Vector.Zero,CONTESTANT,PRETESTS,8,15,1843200
902,A,33415878,C++14 (GCC 6-32),OK,774,1513698474,Vector.Zero,CONTESTANT,TESTS,55,30,2867200
902,B,33425959,C++14 (GCC 6-32),OK,3139,1513700839,Vector.Zero,CONTESTANT,TESTS,50,31,2457600
902,B,33414391,C++14 (GCC 6-32),OK,550,1513698250,Vegito,CONTESTANT,TESTS,50,15,4198400
902,A,33416857,C++14 (GCC 6-32),OK,923,1513698623,Vegito,CONTESTANT,TESTS,55,15,1945600
902,C,33424456,C++14 (GCC 6-32),OK,2674,1513700374,Vegito,CONTESTANT,TESTS,45,93,2252800
902,A,33420821,C++14 (GCC 6-32),WRONG_ANSWER,1691,1513699402,Vermeer,CONTESTANT,PRETESTS,0,0,1945600
902,A,33421086,C++14 (GCC 6-32),OK,1755,1513699465,Vermeer,CONTESTANT,TESTS,55,15,1945600
902,A,33417833,MS C++,OK,1090,1513698790,Veronika00,CONTESTANT,TESTS,55,15,2048000
902,A,33412629,C++14 (GCC 6-32),WRONG_ANSWER,119,1513697819,Vetand,CONTESTANT,PRETESTS,2,0,2048000
902,A,33412776,C++14 (GCC 6-32),OK,240,1513697940,Vetand,CONTESTANT,TESTS,55,30,2048000
902,B,33416403,C++14 (GCC 6-32),OK,850,1513698550,Vetand,CONTESTANT,TESTS,50,46,6246400
902,C,33422343,C++14 (GCC 6-32),WRONG_ANSWER,2078,1513699778,Vetand,CONTESTANT,PRETESTS,4,0,2764800
902,A,33413275,Java 8,WRONG_ANSWER,364,1513698064,ViciousCoder,CONTESTANT,PRETESTS,4,139,20992000
902,A,33415402,Java 8,WRONG_ANSWER,706,1513698406,ViciousCoder,CONTESTANT,PRETESTS,4,140,20992000
902,A,33418593,Java 8,WRONG_ANSWER,1221,1513698921,ViciousCoder,CONTESTANT,TESTS,41,156,20992000
902,B,33424489,Java 8,OK,2686,1513700386,ViciousCoder,CONTESTANT,TESTS,50,218,21299200
902,A,33416623,GNU C++,WRONG_ANSWER,886,1513698586,Vickymhs,CONTESTANT,PRETESTS,0,15,2048000
902,A,33425841,GNU C,RUNTIME_ERROR,3102,1513700802,ViharikaBadugu,CONTESTANT,PRETESTS,4,30,1843200
902,A,33427167,GNU C,RUNTIME_ERROR,3571,1513701271,ViharikaBadugu,CONTESTANT,PRETESTS,4,15,1843200
902,A,33427823,GNU C,RUNTIME_ERROR,3811,1513701511,ViharikaBadugu,CONTESTANT,PRETESTS,4,15,1843200
902,A,33418802,GNU C++,WRONG_ANSWER,1263,1513698963,Vito_Corleone,CONTESTANT,PRETESTS,2,0,2048000
902,A,33419546,GNU C++,WRONG_ANSWER,1420,1513699120,Vito_Corleone,CONTESTANT,PRETESTS,2,15,2048000
902,A,33413767,C++14 (GCC 6-32),OK,450,1513698150,Vlad1k,CONTESTANT,TESTS,55,15,1945600
902,B,33419432,C++14 (GCC 6-32),OK,1394,1513699094,Vlad1k,CONTESTANT,TESTS,50,31,4300800
902,C,33423803,C++14 (GCC 6-32),WRONG_ANSWER,2492,1513700192,Vlad1k,CONTESTANT,PRETESTS,1,15,3891200
902,C,33424064,C++14 (GCC 6-32),OK,2561,1513700261,Vlad1k,CONTESTANT,TESTS,45,78,3891200
902,D,33428989,C++14 (GCC 6-32),WRONG_ANSWER,4276,1513701976,Vlad1k,CONTESTANT,PRETESTS,0,0,1843200
902,D,33429186,C++14 (GCC 6-32),OK,4351,1513702051,Vlad1k,CONTESTANT,TESTS,150,15,2150400
902,A,33414038,GNU C++11,OK,495,1513698195,VoIdJMp,CONTESTANT,TESTS,55,15,2048000
902,B,33418302,GNU C++11,OK,1167,1513698867,VoIdJMp,CONTESTANT,TESTS,50,46,6041600
902,C,33429605,GNU C++11,OK,4534,1513702234,VoIdJMp,CONTESTANT,TESTS,45,343,5324800
902,A,33414954,C++14 (GCC 6-32),OK,627,1513698338,Volpe,CONTESTANT,TESTS,55,15,3276800
902,B,33418958,C++14 (GCC 6-32),OK,1287,1513698998,Volpe,CONTESTANT,TESTS,50,46,3993600
902,C,33428055,C++14 (GCC 6-32),OK,3882,1513701593,Volpe,CONTESTANT,TESTS,45,109,16588800
902,D,33432822,C++14 (GCC 6-32),WRONG_ANSWER,6015,1513703725,Volpe,CONTESTANT,PRETESTS,2,15,1843200
902,A,33424748,MS C++,WRONG_ANSWER,2747,1513700458,VorivaN,CONTESTANT,PRETESTS,0,0,2048000
902,A,33426550,MS C++,WRONG_ANSWER,3331,1513701042,VorivaN,CONTESTANT,PRETESTS,0,0,2048000
902,A,33414810,MS C++,OK,604,1513698315,Vrezhtml,CONTESTANT,TESTS,55,30,2048000
902,B,33420389,MS C++,OK,1588,1513699299,Vrezhtml,CONTESTANT,TESTS,50,31,2560000
902,C,33428467,MS C++,OK,4047,1513701758,Vrezhtml,CONTESTANT,TESTS,45,280,4915200
902,A,33417779,GNU C++,WRONG_ANSWER,1081,1513698781,Vsevolod_Kaplin,CONTESTANT,PRETESTS,2,15,2048000
902,A,33419681,GNU C++,WRONG_ANSWER,1445,1513699145,Vsevolod_Kaplin,CONTESTANT,PRETESTS,2,0,2048000
902,A,33422641,GNU C++,OK,2165,1513699865,Vsevolod_Kaplin,CONTESTANT,TESTS,55,15,2048000
902,B,33433723,GNU C++,OK,6434,1513704134,Vsevolod_Kaplin,CONTESTANT,TESTS,50,264,2560000
902,A,33416266,C++14 (GCC 6-32),OK,831,1513698531,Vshining,CONTESTANT,TESTS,55,15,1945600
902,C,33427729,C++14 (GCC 6-32),OK,3781,1513701481,Vshining,CONTESTANT,TESTS,45,156,2252800
902,A,33417523,GNU C,WRONG_ANSWER,1025,1513698736,WA_Specialist,CONTESTANT,PRETESTS,2,0,1843200
902,A,33418306,GNU C,WRONG_ANSWER,1158,1513698869,WA_Specialist,CONTESTANT,PRETESTS,0,0,1843200
902,A,33423039,GNU C,WRONG_ANSWER,2262,1513699972,WA_Specialist,CONTESTANT,PRETESTS,4,15,1843200
902,A,33413902,GNU C++,WRONG_ANSWER,471,1513698172,WC4F,CONTESTANT,PRETESTS,3,15,2048000
902,A,33417604,GNU C++,WRONG_ANSWER,1051,1513698751,WC4F,CONTESTANT,PRETESTS,4,15,2048000
902,A,33420400,GNU C++,OK,1601,1513699301,WC4F,CONTESTANT,TESTS,55,15,2048000
902,B,33426933,GNU C++,OK,3481,1513701181,WC4F,CONTESTANT,TESTS,50,62,2560000
902,C,33430074,GNU C++,WRONG_ANSWER,4732,1513702432,WC4F,CONTESTANT,PRETESTS,4,15,2048000
902,C,33431716,GNU C++,OK,5470,1513703170,WC4F,CONTESTANT,TESTS,45,312,2457600
902,A,33412940,C++14 (GCC 6-32),WRONG_ANSWER,295,1513697995,WYJ20154348,CONTESTANT,PRETESTS,2,15,2662400
902,A,33413300,C++14 (GCC 6-32),WRONG_ANSWER,367,1513698067,WYJ20154348,CONTESTANT,PRETESTS,2,0,2662400
902,A,33414654,C++14 (GCC 6-32),CHALLENGED,590,1513698290,WYJ20154348,CONTESTANT,CHALLENGES,8,15,2662400
902,B,33416551,C++14 (GCC 6-32),OK,876,1513698576,WYJ20154348,CONTESTANT,TESTS,50,31,2662400
902,C,33421392,C++14 (GCC 6-32),WRONG_ANSWER,1839,1513699539,WYJ20154348,CONTESTANT,PRETESTS,0,15,2662400
902,C,33421485,C++14 (GCC 6-32),WRONG_ANSWER,1865,1513699565,WYJ20154348,CONTESTANT,PRETESTS,1,15,2662400
902,C,33421870,C++14 (GCC 6-32),WRONG_ANSWER,1957,1513699657,WYJ20154348,CONTESTANT,PRETESTS,3,15,2662400
902,C,33423588,C++14 (GCC 6-32),WRONG_ANSWER,2429,1513700129,WYJ20154348,CONTESTANT,TESTS,37,109,2662400
902,A,33434519,C++14 (GCC 6-32),OK,6813,1513704514,WYJ20154348,CONTESTANT,TESTS,55,15,2662400
902,A,33418735,GNU C++,WRONG_ANSWER,1240,1513698950,WYJ20154348_1,CONTESTANT,PRETESTS,3,15,2048000
902,B,33419019,GNU C++,OK,1302,1513699013,WYJ20154348_1,CONTESTANT,TESTS,50,46,2150400
902,A,33420775,GNU C++,OK,1682,1513699392,WYJ20154348_1,CONTESTANT,TESTS,55,15,2048000
902,C,33423073,GNU C++,OK,2271,1513699981,WYJ20154348_1,CONTESTANT,TESTS,45,93,3686400
902,D,33432861,Java 8,WRONG_ANSWER,6034,1513703744,WYJ20154348_1,CONTESTANT,PRETESTS,0,124,21094400
902,D,33433173,Java 8,WRONG_ANSWER,6183,1513703893,WYJ20154348_1,CONTESTANT,PRETESTS,7,140,21196800
902,A,33419515,GNU C++,OK,1411,1513699111,WalkingDeade,CONTESTANT,TESTS,55,15,2048000
902,B,33425999,GNU C++,WRONG_ANSWER,3150,1513700850,WalkingDeade,CONTESTANT,PRETESTS,2,15,2457600
902,B,33427292,GNU C++,OK,3621,1513701321,WalkingDeade,CONTESTANT,TESTS,50,46,2560000
902,C,33434323,GNU C++,OK,6723,1513704423,WalkingDeade,CONTESTANT,TESTS,45,327,3276800
902,A,33413877,GNU C++11,WRONG_ANSWER,456,1513698166,WalterBright,CONTESTANT,PRETESTS,1,15,2048000
902,A,33415204,GNU C++11,OK,667,1513698377,WalterBright,CONTESTANT,TESTS,55,15,2048000
902,B,33420349,GNU C++11,OK,1578,1513699288,WalterBright,CONTESTANT,TESTS,50,30,2560000
902,C,33426176,GNU C++11,WRONG_ANSWER,3203,1513700914,WalterBright,CONTESTANT,PRETESTS,3,15,4505600
902,C,33427435,GNU C++11,OK,3669,1513701369,WalterBright,CONTESTANT,TESTS,45,124,4505600
902,A,33417996,C++14 (GCC 6-32),WRONG_ANSWER,1106,1513698817,Wandoka,CONTESTANT,TESTS,11,15,2252800
902,B,33424682,C++14 (GCC 6-32),OK,2728,1513700439,Wandoka,CONTESTANT,TESTS,50,31,2867200
902,C,33433166,C++14 (GCC 6-32),WRONG_ANSWER,6181,1513703892,Wandoka,CONTESTANT,PRETESTS,4,15,2048000
902,C,33433455,C++14 (GCC 6-32),WRONG_ANSWER,6305,1513704015,Wandoka,CONTESTANT,PRETESTS,4,0,2048000
902,C,33434037,C++14 (GCC 6-32),WRONG_ANSWER,6589,1513704299,Wandoka,CONTESTANT,PRETESTS,4,15,2048000
902,A,33419260,GNU C,WRONG_ANSWER,1361,1513699061,Wanghkkkkkkk,CONTESTANT,PRETESTS,2,15,1843200
902,A,33425382,GNU C,WRONG_ANSWER,2954,1513700654,Wanghkkkkkkk,CONTESTANT,PRETESTS,2,15,1843200
902,A,33427259,GNU C,WRONG_ANSWER,3607,1513701307,Wanghkkkkkkk,CONTESTANT,PRETESTS,2,15,1843200
902,A,33427521,GNU C,WRONG_ANSWER,3707,1513701407,Wanghkkkkkkk,CONTESTANT,PRETESTS,2,15,1843200
902,A,33429550,GNU C,OK,4509,1513702209,Wanghkkkkkkk,CONTESTANT,TESTS,55,15,1843200
902,B,33433071,GNU C,OK,6144,1513703844,Wanghkkkkkkk,CONTESTANT,TESTS,50,15,1945600
902,A,33416855,C++14 (GCC 6-32),WRONG_ANSWER,912,1513698623,Warawreh,CONTESTANT,PRETESTS,2,0,1945600
902,A,33416911,C++14 (GCC 6-32),WRONG_ANSWER,921,1513698632,Warawreh,CONTESTANT,PRETESTS,2,0,1945600
902,A,33417316,C++14 (GCC 6-32),WRONG_ANSWER,989,1513698700,Warawreh,CONTESTANT,PRETESTS,2,0,1945600
902,A,33417867,C++14 (GCC 6-32),WRONG_ANSWER,1086,1513698796,Warawreh,CONTESTANT,PRETESTS,2,15,1945600
902,B,33420240,C++14 (GCC 6-32),OK,1557,1513699267,Warawreh,CONTESTANT,TESTS,50,31,2355200
902,A,33423251,C++14 (GCC 6-32),WRONG_ANSWER,2330,1513700041,Warawreh,CONTESTANT,PRETESTS,2,15,1945600
902,C,33427486,C++14 (GCC 6-32),WRONG_ANSWER,3677,1513701388,Warawreh,CONTESTANT,PRETESTS,3,15,2252800
902,C,33429524,C++14 (GCC 6-32),WRONG_ANSWER,4487,1513702197,Warawreh,CONTESTANT,PRETESTS,1,15,2252800
902,C,33430261,C++14 (GCC 6-32),WRONG_ANSWER,4793,1513702503,Warawreh,CONTESTANT,PRETESTS,3,15,2252800
902,C,33431011,C++14 (GCC 6-32),OK,5113,1513702824,Warawreh,CONTESTANT,TESTS,45,155,5222400
902,A,33431670,C++14 (GCC 6-32),WRONG_ANSWER,5433,1513703143,Warawreh,CONTESTANT,PRETESTS,2,0,1945600
902,A,33432091,C++14 (GCC 6-32),OK,5647,1513703357,Warawreh,CONTESTANT,TESTS,55,15,1945600
902,A,33424334,C++14 (GCC 6-32),WRONG_ANSWER,2632,1513700332,WassimBzn,CONTESTANT,PRETESTS,2,15,41984000
902,A,33425107,C++14 (GCC 6-32),WRONG_ANSWER,2864,1513700564,WassimBzn,CONTESTANT,PRETESTS,0,15,41984000
902,A,33425279,C++14 (GCC 6-32),WRONG_ANSWER,2919,1513700619,WassimBzn,CONTESTANT,PRETESTS,2,15,41984000
902,A,33434362,C++14 (GCC 6-32),WRONG_ANSWER,6743,1513704443,WassimBzn,CONTESTANT,PRETESTS,2,15,41984000
902,A,33434494,C++14 (GCC 6-32),WRONG_ANSWER,6803,1513704503,WassimBzn,CONTESTANT,PRETESTS,2,31,41984000
902,D,33435258,C++14 (GCC 6-32),WRONG_ANSWER,7090,1513704790,WassimBzn,CONTESTANT,PRETESTS,0,15,41984000
902,D,33435571,C++14 (GCC 6-32),WRONG_ANSWER,7179,1513704879,WassimBzn,CONTESTANT,PRETESTS,0,0,1843200
902,A,33413211,C++14 (GCC 6-32),WRONG_ANSWER,351,1513698051,Wesam,CONTESTANT,PRETESTS,1,15,1843200
902,A,33413456,C++14 (GCC 6-32),WRONG_ANSWER,395,1513698095,Wesam,CONTESTANT,PRETESTS,1,15,1945600
902,A,33414414,C++14 (GCC 6-32),OK,554,1513698254,Wesam,CONTESTANT,TESTS,55,15,1945600
902,B,33424561,C++14 (GCC 6-32),WRONG_ANSWER,2704,1513700404,Wesam,CONTESTANT,PRETESTS,1,0,2662400
902,B,33425351,C++14 (GCC 6-32),WRONG_ANSWER,2945,1513700645,Wesam,CONTESTANT,PRETESTS,0,0,2662400
902,B,33426313,C++14 (GCC 6-32),WRONG_ANSWER,3258,1513700958,Wesam,CONTESTANT,PRETESTS,3,15,2662400
902,B,33429753,C++14 (GCC 6-32),WRONG_ANSWER,4594,1513702294,Wesam,CONTESTANT,PRETESTS,0,0,2662400
902,B,33431864,C++14 (GCC 6-32),WRONG_ANSWER,5553,1513703253,Wesam,CONTESTANT,PRETESTS,4,15,2662400
902,B,33432389,C++14 (GCC 6-32),WRONG_ANSWER,5805,1513703505,Wesam,CONTESTANT,PRETESTS,2,0,2662400
902,B,33432803,C++14 (GCC 6-32),WRONG_ANSWER,6014,1513703714,Wesam,CONTESTANT,PRETESTS,4,0,2662400
902,B,33433382,C++14 (GCC 6-32),OK,6285,1513703985,Wesam,CONTESTANT,TESTS,50,31,2355200
902,A,33430814,GNU C++,OK,5031,1513702742,Wesckeley,CONTESTANT,TESTS,55,15,2048000
902,A,33414973,GNU C++,WRONG_ANSWER,641,1513698341,Windbreaker,CONTESTANT,PRETESTS,2,15,2048000
902,A,33419275,GNU C++,OK,1364,1513699064,Windbreaker,CONTESTANT,TESTS,55,15,2048000
902,B,33427540,GNU C++,OK,3711,1513701411,Windbreaker,CONTESTANT,TESTS,50,15,2457600
902,A,33414605,GNU C++11,WRONG_ANSWER,584,1513698284,WinstonWolf,CONTESTANT,TESTS,47,15,2048000
902,B,33432468,GNU C++11,OK,5847,1513703547,WinstonWolf,CONTESTANT,TESTS,50,15,2560000
902,A,33420428,Java 8,WRONG_ANSWER,1609,1513699309,WisdenCoder,CONTESTANT,PRETESTS,4,124,20684800
902,A,33421410,Java 8,WRONG_ANSWER,1845,1513699545,WisdenCoder,CONTESTANT,PRETESTS,4,124,20582400
902,A,33423119,Java 8,WRONG_ANSWER,2299,1513699999,WisdenCoder,CONTESTANT,PRETESTS,4,124,20684800
902,A,33424654,Java 8,WRONG_ANSWER,2731,1513700431,WisdenCoder,CONTESTANT,PRETESTS,5,124,20582400
902,A,33425471,Java 8,COMPILATION_ERROR,2982,1513700682,WisdenCoder,CONTESTANT,PRETESTS,0,0,0
902,A,33425665,Java 8,WRONG_ANSWER,3042,1513700742,WisdenCoder,CONTESTANT,PRETESTS,5,109,20684800
902,A,33428145,Java 8,RUNTIME_ERROR,3935,1513701636,WisdenCoder,CONTESTANT,PRETESTS,1,109,20582400
902,A,33428355,Java 8,WRONG_ANSWER,4012,1513701712,WisdenCoder,CONTESTANT,PRETESTS,3,109,20582400
902,A,33431955,Java 8,CHALLENGED,5593,1513703293,WisdenCoder,CONTESTANT,CHALLENGES,8,109,20684800
902,A,33416179,GNU C++,WRONG_ANSWER,819,1513698519,WizKim,CONTESTANT,PRETESTS,3,15,2048000
902,A,33417846,GNU C++,OK,1093,1513698793,WizKim,CONTESTANT,TESTS,55,15,2048000
902,B,33420565,GNU C++,WRONG_ANSWER,1641,1513699341,WizKim,CONTESTANT,PRETESTS,9,31,2150400
902,B,33421517,GNU C++,OK,1872,1513699572,WizKim,CONTESTANT,TESTS,50,46,2150400
902,C,33427713,GNU C++,WRONG_ANSWER,3774,1513701474,WizKim,CONTESTANT,PRETESTS,1,0,4096000
902,C,33429192,GNU C++,WRONG_ANSWER,4355,1513702055,WizKim,CONTESTANT,PRETESTS,3,0,4096000
902,C,33429357,GNU C++,WRONG_ANSWER,4420,1513702120,WizKim,CONTESTANT,PRETESTS,3,0,4096000
902,C,33430051,GNU C++,OK,4718,1513702418,WizKim,CONTESTANT,TESTS,45,358,6041600
902,A,33416045,C++14 (GCC 6-32),WRONG_ANSWER,798,1513698498,WkUp_MoNtU,CONTESTANT,PRETESTS,5,15,1945600
902,A,33417980,C++14 (GCC 6-32),WRONG_ANSWER,1114,1513698814,WkUp_MoNtU,CONTESTANT,PRETESTS,5,15,1945600
902,A,33420046,C++14 (GCC 6-32),WRONG_ANSWER,1523,1513699223,WkUp_MoNtU,CONTESTANT,PRETESTS,5,15,1843200
902,A,33421649,C++14 (GCC 6-32),OK,1903,1513699603,WkUp_MoNtU,CONTESTANT,TESTS,55,15,1945600
902,A,33417589,Java 8,WRONG_ANSWER,1049,1513698749,WolfBlue,CONTESTANT,PRETESTS,0,124,20992000
902,A,33419067,Java 8,OK,1325,1513699025,WolfBlue,CONTESTANT,TESTS,55,155,20992000
902,B,33426007,Java 8,OK,3152,1513700852,WolfBlue,CONTESTANT,TESTS,50,888,21299200
902,C,33429768,Java 8,OK,4600,1513702300,WolfBlue,CONTESTANT,TESTS,45,343,34918400
902,A,33423014,GNU C++11,WRONG_ANSWER,2263,1513699963,Wolve_rine,CONTESTANT,PRETESTS,5,15,2048000
902,B,33431795,GNU C++11,WRONG_ANSWER,5514,1513703214,Wolve_rine,CONTESTANT,TESTS,35,483,2867200
902,A,33433204,GNU C++11,WRONG_ANSWER,6207,1513703907,Wolve_rine,CONTESTANT,PRETESTS,5,15,2048000
902,A,33434686,GNU C++11,OK,6882,1513704582,Wolve_rine,CONTESTANT,TESTS,55,15,11776000
902,A,33416114,C++14 (GCC 6-32),WRONG_ANSWER,808,1513698508,Wolverine_99,CONTESTANT,PRETESTS,2,15,1945600
902,A,33418289,C++14 (GCC 6-32),TIME_LIMIT_EXCEEDED,1166,1513698866,Wolverine_99,CONTESTANT,PRETESTS,0,1000,1843200
902,A,33421081,C++14 (GCC 6-32),TIME_LIMIT_EXCEEDED,1764,1513699464,Wolverine_99,CONTESTANT,PRETESTS,2,1000,1843200
902,A,33421814,C++14 (GCC 6-32),TIME_LIMIT_EXCEEDED,1943,1513699643,Wolverine_99,CONTESTANT,PRETESTS,2,1000,1945600
902,A,33424153,C++14 (GCC 6-32),OK,2585,1513700285,Wolverine_99,CONTESTANT,TESTS,55,15,2048000
902,B,33429979,C++14 (GCC 6-32),OK,4687,1513702387,Wolverine_99,CONTESTANT,TESTS,50,234,2867200
902,A,33424294,GNU C++11,WRONG_ANSWER,2624,1513700324,Wrq123456,CONTESTANT,PRETESTS,2,15,1843200
902,A,33425808,GNU C++11,WRONG_ANSWER,3091,1513700791,Wrq123456,CONTESTANT,PRETESTS,2,15,1843200
902,A,33429072,GNU C++11,WRONG_ANSWER,4307,1513702007,Wrq123456,CONTESTANT,PRETESTS,4,15,1843200
902,A,33430340,GNU C++11,WRONG_ANSWER,4838,1513702538,Wrq123456,CONTESTANT,PRETESTS,3,0,1843200
902,A,33430963,GNU C++11,WRONG_ANSWER,5100,1513702800,Wrq123456,CONTESTANT,PRETESTS,3,30,1843200
902,A,33431373,GNU C++11,WRONG_ANSWER,5299,1513702999,Wrq123456,CONTESTANT,PRETESTS,3,0,1843200
902,A,33432506,GNU C++11,WRONG_ANSWER,5869,1513703569,Wrq123456,CONTESTANT,PRETESTS,3,0,1843200
902,A,33432668,GNU C++11,WRONG_ANSWER,5949,1513703649,Wrq123456,CONTESTANT,PRETESTS,3,0,1843200
902,A,33433207,GNU C++11,WRONG_ANSWER,6208,1513703908,Wrq123456,CONTESTANT,PRETESTS,3,15,1843200
902,A,33434029,GNU C++11,WRONG_ANSWER,6595,1513704295,Wrq123456,CONTESTANT,PRETESTS,0,15,1843200
902,A,33434577,GNU C++11,WRONG_ANSWER,6833,1513704533,Wrq123456,CONTESTANT,PRETESTS,3,15,1843200
902,A,33435100,GNU C++11,WRONG_ANSWER,7034,1513704734,Wrq123456,CONTESTANT,PRETESTS,3,15,1843200
902,A,33412777,GNU C++11,WRONG_ANSWER,240,1513697940,Wubaizhe,CONTESTANT,PRETESTS,2,0,1843200
902,A,33413566,GNU C++11,OK,416,1513698116,Wubaizhe,CONTESTANT,TESTS,55,31,1843200
902,B,33418640,GNU C++11,OK,1230,1513698930,Wubaizhe,CONTESTANT,TESTS,50,30,3584000
902,C,33422931,GNU C++11,WRONG_ANSWER,2244,1513699944,Wubaizhe,CONTESTANT,PRETESTS,1,15,2252800
902,C,33423309,GNU C++11,WRONG_ANSWER,2353,1513700053,Wubaizhe,CONTESTANT,PRETESTS,3,0,2252800
902,C,33423794,GNU C++11,WRONG_ANSWER,2491,1513700191,Wubaizhe,CONTESTANT,PRETESTS,3,0,2252800
902,C,33426926,GNU C++11,WRONG_ANSWER,3478,1513701178,Wubaizhe,CONTESTANT,PRETESTS,1,0,2252800
902,C,33427072,GNU C++11,OK,3534,1513701235,Wubaizhe,CONTESTANT,TESTS,45,109,2252800
902,A,33416606,C++14 (GCC 6-32),WRONG_ANSWER,884,1513698584,Wuddle,CONTESTANT,PRETESTS,4,15,1843200
902,A,33415100,GNU C++11,WRONG_ANSWER,661,1513698361,XRater,CONTESTANT,PRETESTS,5,15,2048000
902,A,33417105,GNU C++11,OK,963,1513698663,XRater,CONTESTANT,TESTS,55,15,2048000
902,B,33420606,GNU C++11,OK,1650,1513699350,XRater,CONTESTANT,TESTS,50,46,2560000
902,C,33425434,GNU C++11,OK,2970,1513700670,XRater,CONTESTANT,TESTS,45,327,5017600
902,D,33429538,GNU C++11,WRONG_ANSWER,4503,1513702203,XRater,CONTESTANT,PRETESTS,0,0,2048000
902,D,33430738,GNU C++11,OK,5009,1513702709,XRater,CONTESTANT,TESTS,150,15,2048000
902,A,33414728,GNU C++11,OK,601,1513698301,XamarinDev,CONTESTANT,TESTS,55,15,3276800
902,B,33424504,GNU C++11,OK,2689,1513700389,XamarinDev,CONTESTANT,TESTS,50,202,5632000
902,A,33413314,C++14 (GCC 6-32),OK,369,1513698069,Xander23333,CONTESTANT,TESTS,55,15,1945600
902,B,33418405,C++14 (GCC 6-32),OK,1185,1513698885,Xander23333,CONTESTANT,TESTS,50,31,2457600
902,C,33425835,C++14 (GCC 6-32),OK,3099,1513700799,Xander23333,CONTESTANT,TESTS,45,77,4300800
902,A,33415321,Java 8,WRONG_ANSWER,694,1513698394,Xanhil,CONTESTANT,PRETESTS,2,139,20992000
902,A,33415753,Java 8,WRONG_ANSWER,757,1513698457,Xanhil,CONTESTANT,PRETESTS,2,155,20992000
902,A,33417922,Java 8,WRONG_ANSWER,1104,1513698804,Xanhil,CONTESTANT,PRETESTS,2,140,20992000
902,A,33419454,Java 8,OK,1398,1513699098,Xanhil,CONTESTANT,TESTS,55,156,20992000
902,A,33412959,GNU C++11,OK,301,1513698001,XmtosX,CONTESTANT,TESTS,55,15,2048000
902,B,33416242,GNU C++11,OK,827,1513698527,XmtosX,CONTESTANT,TESTS,50,62,2764800
902,C,33428358,GNU C++11,OK,4013,1513701713,XmtosX,CONTESTANT,TESTS,45,93,3686400
902,A,33414985,GNU C++,WRONG_ANSWER,644,1513698344,YAMWD,CONTESTANT,PRETESTS,4,15,2048000
902,A,33416735,GNU C++,WRONG_ANSWER,904,1513698604,YAMWD,CONTESTANT,PRETESTS,4,15,2048000
902,A,33419890,GNU C++,WRONG_ANSWER,1488,1513699188,YAMWD,CONTESTANT,PRETESTS,4,15,2048000
902,A,33432456,C++14 (GCC 6-32),WRONG_ANSWER,5843,1513703543,YAMWD,CONTESTANT,PRETESTS,4,15,1843200
902,A,33414615,GNU C++,WRONG_ANSWER,585,1513698285,YESMAKHAN,CONTESTANT,PRETESTS,4,15,2252800
902,A,33417478,GNU C++,OK,1028,1513698728,YESMAKHAN,CONTESTANT,TESTS,55,15,2355200
902,B,33426239,GNU C++,OK,3237,1513700937,YESMAKHAN,CONTESTANT,TESTS,50,280,5734400
902,C,33430207,GNU C++,WRONG_ANSWER,4782,1513702482,YESMAKHAN,CONTESTANT,PRETESTS,3,15,2969600
902,C,33430469,GNU C++,WRONG_ANSWER,4888,1513702588,YESMAKHAN,CONTESTANT,PRETESTS,3,15,2969600
902,C,33433927,GNU C++,WRONG_ANSWER,6537,1513704237,YESMAKHAN,CONTESTANT,PRETESTS,3,15,2969600
902,C,33434527,GNU C++,WRONG_ANSWER,6815,1513704515,YESMAKHAN,CONTESTANT,PRETESTS,3,15,2969600
902,A,33413938,C++14 (GCC 6-32),WRONG_ANSWER,477,1513698178,YJEthan,CONTESTANT,PRETESTS,1,0,1843200
902,A,33416342,C++14 (GCC 6-32),WRONG_ANSWER,842,1513698542,YJEthan,CONTESTANT,PRETESTS,5,15,1843200
902,A,33417320,C++14 (GCC 6-32),OK,1001,1513698701,YJEthan,CONTESTANT,TESTS,55,15,1945600
902,A,33417824,C++14 (GCC 6-32),WRONG_ANSWER,1087,1513698787,YUXIAOKANG,CONTESTANT,PRETESTS,4,15,1843200
902,A,33421362,C++14 (GCC 6-32),OK,1833,1513699533,YUXIAOKANG,CONTESTANT,TESTS,55,15,2048000
902,A,33412955,C++14 (GCC 6-32),OK,300,1513698000,YalG,CONTESTANT,TESTS,55,15,1945600
902,B,33417097,C++14 (GCC 6-32),OK,962,1513698662,YalG,CONTESTANT,TESTS,50,31,2457600
902,C,33422792,C++14 (GCC 6-32),WRONG_ANSWER,2208,1513699908,YalG,CONTESTANT,PRETESTS,1,0,1945600
902,C,33423366,C++14 (GCC 6-32),OK,2370,1513700070,YalG,CONTESTANT,TESTS,45,93,5222400
902,D,33428710,C++14 (GCC 6-32),WRONG_ANSWER,4164,1513701864,YalG,CONTESTANT,PRETESTS,4,15,1843200
902,A,33429148,GNU C++11,WRONG_ANSWER,4337,1513702037,Yaman_Alnabulsi,CONTESTANT,PRETESTS,2,15,2048000
902,A,33424665,GNU C11,WRONG_ANSWER,2723,1513700433,Yaminokaze,CONTESTANT,PRETESTS,2,15,1843200
902,A,33426894,GNU C,WRONG_ANSWER,3458,1513701169,Yaminokaze,CONTESTANT,PRETESTS,2,15,1843200
902,A,33416817,C++14 (GCC 6-32),WRONG_ANSWER,917,1513698617,YaraFarid,CONTESTANT,PRETESTS,4,15,1843200
902,A,33419978,C++14 (GCC 6-32),WRONG_ANSWER,1508,1513699208,YaraFarid,CONTESTANT,TESTS,47,15,1945600
902,B,33432986,C++14 (GCC 6-32),OK,6102,1513703802,YaraFarid,CONTESTANT,TESTS,50,31,3993600
902,A,33416388,C++14 (GCC 6-32),CHALLENGED,849,1513698549,YashPratapSingh,CONTESTANT,CHALLENGES,8,15,1945600
902,A,33429144,C++14 (GCC 6-32),WRONG_ANSWER,4335,1513702035,YashPratapSingh,CONTESTANT,PRETESTS,3,15,1843200
902,B,33431736,C++14 (GCC 6-32),OK,5481,1513703181,YashPratapSingh,CONTESTANT,TESTS,50,15,2764800
902,A,33434121,C++14 (GCC 6-32),WRONG_ANSWER,6634,1513704334,YashPratapSingh,CONTESTANT,PRETESTS,3,15,1945600
902,A,33434705,C++14 (GCC 6-32),WRONG_ANSWER,6888,1513704588,YashPratapSingh,CONTESTANT,PRETESTS,3,15,1945600
902,A,33435279,C++14 (GCC 6-32),COMPILATION_ERROR,7097,1513704797,YashPratapSingh,CONTESTANT,PRETESTS,0,0,0
902,A,33435597,C++14 (GCC 6-32),WRONG_ANSWER,7183,1513704883,YashPratapSingh,CONTESTANT,PRETESTS,3,15,1843200
902,A,33417631,C++14 (GCC 6-32),OK,1056,1513698756,Yash_P,CONTESTANT,TESTS,55,15,1945600
902,B,33423688,C++14 (GCC 6-32),WRONG_ANSWER,2458,1513700158,Yash_P,CONTESTANT,PRETESTS,9,46,2048000
902,B,33424527,C++14 (GCC 6-32),WRONG_ANSWER,2695,1513700395,Yash_P,CONTESTANT,PRETESTS,9,78,2048000
902,B,33427717,C++14 (GCC 6-32),OK,3775,1513701475,Yash_P,CONTESTANT,TESTS,50,234,2355200
902,A,33416718,C++14 (GCC 6-32),WRONG_ANSWER,902,1513698602,Yashar_H,CONTESTANT,PRETESTS,4,15,1843200
902,A,33417555,C++14 (GCC 6-32),COMPILATION_ERROR,1041,1513698741,Yashar_H,CONTESTANT,PRETESTS,0,0,0
902,A,33418770,C++14 (GCC 6-32),OK,1256,1513698956,Yashar_H,CONTESTANT,TESTS,55,15,1945600
902,B,33430490,C++14 (GCC 6-32),TIME_LIMIT_EXCEEDED,4895,1513702595,Yashar_H,CONTESTANT,TESTS,17,1000,53452800
902,A,33423971,Java 8,WRONG_ANSWER,2527,1513700238,Yatharth97,CONTESTANT,PRETESTS,2,140,20992000
902,A,33425364,Java 8,RUNTIME_ERROR,2938,1513700649,Yatharth97,CONTESTANT,PRETESTS,3,139,20992000
902,A,33426776,Java 8,WRONG_ANSWER,3414,1513701124,Yatharth97,CONTESTANT,PRETESTS,4,170,20992000
902,A,33428482,Java 8,WRONG_ANSWER,4058,1513701769,Yatharth97,CONTESTANT,PRETESTS,4,155,20992000
902,A,33414299,C++14 (GCC 6-32),RUNTIME_ERROR,523,1513698234,YazanRi,CONTESTANT,PRETESTS,2,15,2048000
902,A,33414921,C++14 (GCC 6-32),OK,622,1513698333,YazanRi,CONTESTANT,TESTS,55,15,2048000
902,B,33418454,C++14 (GCC 6-32),OK,1183,1513698894,YazanRi,CONTESTANT,TESTS,50,46,2560000
902,C,33427077,C++14 (GCC 6-32),OK,3526,1513701237,YazanRi,CONTESTANT,TESTS,45,140,2355200
902,A,33423290,C++14 (GCC 6-32),OK,2349,1513700049,Yazdanra,CONTESTANT,TESTS,55,15,1945600
902,B,33427053,C++14 (GCC 6-32),COMPILATION_ERROR,3527,1513701227,Yazdanra,CONTESTANT,PRETESTS,0,0,0
902,B,33427498,C++14 (GCC 6-32),OK,3694,1513701394,Yazdanra,CONTESTANT,TESTS,50,46,22732800
902,A,33413703,C++14 (GCC 6-32),WRONG_ANSWER,440,1513698140,YepYet,CONTESTANT,PRETESTS,2,15,1945600
902,A,33414701,C++14 (GCC 6-32),WRONG_ANSWER,596,1513698296,YepYet,CONTESTANT,PRETESTS,4,15,1843200
902,A,33415681,C++14 (GCC 6-32),OK,745,1513698445,YepYet,CONTESTANT,TESTS,55,15,1945600
902,B,33419955,C++14 (GCC 6-32),OK,1503,1513699203,YepYet,CONTESTANT,TESTS,50,31,2764800
902,C,33427837,C++14 (GCC 6-32),WRONG_ANSWER,3815,1513701515,YepYet,CONTESTANT,PRETESTS,3,15,2048000
902,C,33429277,C++14 (GCC 6-32),WRONG_ANSWER,4388,1513702088,YepYet,CONTESTANT,PRETESTS,3,15,2048000
902,C,33429519,C++14 (GCC 6-32),WRONG_ANSWER,4495,1513702195,YepYet,CONTESTANT,PRETESTS,3,15,2048000
902,C,33431628,C++14 (GCC 6-32),MEMORY_LIMIT_EXCEEDED,5424,1513703124,YepYet,CONTESTANT,PRETESTS,12,249,268390400
902,C,33432422,C++14 (GCC 6-32),WRONG_ANSWER,5825,1513703525,YepYet,CONTESTANT,PRETESTS,4,0,2048000
902,C,33432802,C++14 (GCC 6-32),MEMORY_LIMIT_EXCEEDED,6013,1513703713,YepYet,CONTESTANT,PRETESTS,12,249,268390400
902,C,33434340,C++14 (GCC 6-32),RUNTIME_ERROR,6733,1513704433,YepYet,CONTESTANT,PRETESTS,4,15,2048000
902,A,33419759,GNU C++11,WRONG_ANSWER,1458,1513699158,Yersh,CONTESTANT,PRETESTS,2,15,4812800
902,A,33431376,GNU C,OK,5300,1513703000,Ygg_Drasil,CONTESTANT,TESTS,55,15,1843200
902,A,33414789,GNU C++11,OK,612,1513698312,Yjsu,CONTESTANT,TESTS,55,15,3686400
902,B,33416982,GNU C++11,OK,942,1513698642,Yjsu,CONTESTANT,TESTS,50,15,10240000
902,C,33421721,GNU C++11,OK,1920,1513699620,Yjsu,CONTESTANT,TESTS,45,108,6860800
902,E,33432692,GNU C++11,OK,5960,1513703660,Yjsu,CONTESTANT,TESTS,59,873,48537600
902,A,33415242,C++14 (GCC 6-32),WRONG_ANSWER,683,1513698383,YogeshKurmi,CONTESTANT,PRETESTS,2,0,1843200
902,A,33419233,C++14 (GCC 6-32),OK,1347,1513699057,YogeshKurmi,CONTESTANT,TESTS,55,15,1945600
902,B,33427467,C++14 (GCC 6-32),OK,3672,1513701382,YogeshKurmi,CONTESTANT,TESTS,50,31,2764800
902,C,33433770,C++14 (GCC 6-32),WRONG_ANSWER,6448,1513704158,YogeshKurmi,CONTESTANT,PRETESTS,1,15,1843200
902,A,33422604,GNU C++11,OK,2156,1513699856,Yoilo,CONTESTANT,TESTS,55,15,2048000
902,A,33414108,C++14 (GCC 6-32),WRONG_ANSWER,505,1513698205,YouKn0wWho,CONTESTANT,PRETESTS,2,15,1843200
902,A,33415261,C++14 (GCC 6-32),WRONG_ANSWER,686,1513698386,YouKn0wWho,CONTESTANT,PRETESTS,2,0,1843200
902,A,33416625,C++14 (GCC 6-32),WRONG_ANSWER,886,1513698586,YouKn0wWho,CONTESTANT,PRETESTS,1,15,1945600
902,A,33418828,C++14 (GCC 6-32),OK,1267,1513698967,YouKn0wWho,CONTESTANT,TESTS,55,31,2048000
902,B,33423976,C++14 (GCC 6-32),TIME_LIMIT_EXCEEDED,2539,1513700239,YouKn0wWho,CONTESTANT,PRETESTS,5,1000,2560000
902,B,33425790,C++14 (GCC 6-32),OK,3087,1513700787,YouKn0wWho,CONTESTANT,TESTS,50,249,2560000
902,A,33412675,C++14 (GCC 6-32),CHALLENGED,185,1513697885,Young_god,CONTESTANT,CHALLENGES,8,15,1945600
902,B,33415717,C++14 (GCC 6-32),OK,750,1513698450,Young_god,CONTESTANT,TESTS,50,30,2457600
902,C,33421235,C++14 (GCC 6-32),OK,1801,1513699501,Young_god,CONTESTANT,TESTS,45,93,5222400
902,D,33434258,C++14 (GCC 6-32),WRONG_ANSWER,6698,1513704398,Young_god,CONTESTANT,PRETESTS,2,15,1945600
902,D,33435000,C++14 (GCC 6-32),OK,7004,1513704704,Young_god,CONTESTANT,TESTS,150,15,2048000
902,B,33420373,C++14 (GCC 6-32),OK,1594,1513699294,YourDada,CONTESTANT,TESTS,50,31,6656000
902,A,33422089,C++14 (GCC 6-32),WRONG_ANSWER,2009,1513699709,YourDada,CONTESTANT,TESTS,11,15,2048000
902,C,33426930,C++14 (GCC 6-32),WRONG_ANSWER,3481,1513701181,YourDada,CONTESTANT,PRETESTS,1,15,8294400
902,C,33427986,C++14 (GCC 6-32),WRONG_ANSWER,3870,1513701570,YourDada,CONTESTANT,PRETESTS,3,15,8294400
902,A,33416238,GNU C++11,WRONG_ANSWER,816,1513698527,Yousri,CONTESTANT,PRETESTS,1,0,2048000
902,A,33419015,GNU C++11,OK,1301,1513699011,Yousri,CONTESTANT,TESTS,55,15,2048000
902,B,33429015,GNU C++11,OK,4274,1513701984,Yousri,CONTESTANT,TESTS,50,249,2457600
902,C,33434042,GNU C++11,WRONG_ANSWER,6592,1513704302,Yousri,CONTESTANT,PRETESTS,1,15,2048000
902,C,33434420,GNU C++11,OK,6754,1513704464,Yousri,CONTESTANT,TESTS,45,234,2457600
902,A,33416573,C++14 (GCC 6-32),WRONG_ANSWER,880,1513698580,Youssef_Hammad,CONTESTANT,PRETESTS,3,0,1843200
902,A,33420555,C++14 (GCC 6-32),WRONG_ANSWER,1639,1513699339,Youssef_Hammad,CONTESTANT,PRETESTS,3,15,1945600
902,A,33421460,C++14 (GCC 6-32),WRONG_ANSWER,1857,1513699557,Youssef_Hammad,CONTESTANT,PRETESTS,3,15,1843200
902,A,33421696,C++14 (GCC 6-32),WRONG_ANSWER,1914,1513699614,Youssef_Hammad,CONTESTANT,PRETESTS,3,15,1945600
902,A,33424207,C++14 (GCC 6-32),WRONG_ANSWER,2597,1513700297,Youssef_Hammad,CONTESTANT,PRETESTS,5,15,1945600
902,A,33425509,C++14 (GCC 6-32),WRONG_ANSWER,2994,1513700694,Youssef_Hammad,CONTESTANT,PRETESTS,5,0,1945600
902,A,33427129,C++14 (GCC 6-32),WRONG_ANSWER,3553,1513701253,Youssef_Hammad,CONTESTANT,PRETESTS,5,15,1945600
902,A,33429548,C++14 (GCC 6-32),WRONG_ANSWER,4508,1513702208,Youssef_Hammad,CONTESTANT,PRETESTS,3,15,1945600
902,A,33430528,C++14 (GCC 6-32),WRONG_ANSWER,4914,1513702614,Youssef_Hammad,CONTESTANT,PRETESTS,5,15,1843200
902,A,33434714,C++14 (GCC 6-32),WRONG_ANSWER,6891,1513704591,Youssef_Hammad,CONTESTANT,PRETESTS,3,15,1945600
902,A,33434828,C++14 (GCC 6-32),WRONG_ANSWER,6943,1513704643,Youssef_Hammad,CONTESTANT,PRETESTS,5,15,1945600
902,A,33434996,C++14 (GCC 6-32),WRONG_ANSWER,7002,1513704702,Youssef_Hammad,CONTESTANT,PRETESTS,5,15,1945600
902,A,33423545,GNU C++11,SKIPPED,2419,1513700119,YoyOyoYOy000y000,CONTESTANT,PRETESTS,8,15,2048000
902,A,33423714,GNU C++11,OK,2466,1513700166,YoyOyoYOy000y000,CONTESTANT,TESTS,55,30,2048000
902,B,33430124,GNU C++11,WRONG_ANSWER,4753,1513702453,YoyOyoYOy000y000,CONTESTANT,PRETESTS,9,31,4608000
902,B,33430424,GNU C++11,OK,4869,1513702569,YoyOyoYOy000y000,CONTESTANT,TESTS,50,46,4710400
902,A,33413207,C++14 (GCC 6-32),WRONG_ANSWER,340,1513698051,YujinYmune,CONTESTANT,PRETESTS,1,0,1843200
902,A,33413798,C++14 (GCC 6-32),OK,444,1513698154,YujinYmune,CONTESTANT,TESTS,55,15,1945600
902,B,33423312,C++14 (GCC 6-32),OK,2344,1513700054,YujinYmune,CONTESTANT,TESTS,50,249,2457600
902,A,33414272,C++14 (GCC 6-32),WRONG_ANSWER,518,1513698229,Yuki726,CONTESTANT,PRETESTS,2,15,1945600
902,A,33415229,C++14 (GCC 6-32),WRONG_ANSWER,670,1513698381,Yuki726,CONTESTANT,PRETESTS,2,15,1843200
902,A,33416489,C++14 (GCC 6-32),OK,855,1513698566,Yuki726,CONTESTANT,TESTS,55,15,1945600
902,B,33420506,C++14 (GCC 6-32),OK,1616,1513699327,Yuki726,CONTESTANT,TESTS,50,46,2457600
902,C,33426611,C++14 (GCC 6-32),OK,3367,1513701067,Yuki726,CONTESTANT,TESTS,45,140,2252800
902,A,33428757,GNU C++11,WRONG_ANSWER,4186,1513701886,Yume_Ayasaki,CONTESTANT,PRETESTS,2,15,2048000
902,A,33429438,FPC,RUNTIME_ERROR,4458,1513702158,Yume_Ayasaki,CONTESTANT,PRETESTS,0,0,1740800
902,A,33429523,FPC,WRONG_ANSWER,4497,1513702197,Yume_Ayasaki,CONTESTANT,PRETESTS,2,15,1638400
902,A,33430037,FPC,WRONG_ANSWER,4712,1513702412,Yume_Ayasaki,CONTESTANT,PRETESTS,0,15,1638400
902,A,33430224,FPC,WRONG_ANSWER,4791,1513702491,Yume_Ayasaki,CONTESTANT,PRETESTS,2,15,1638400
902,A,33432343,GNU C++11,WRONG_ANSWER,5785,1513703485,Yume_Ayasaki,CONTESTANT,PRETESTS,2,15,2048000
902,A,33432547,GNU C++11,WRONG_ANSWER,5893,1513703593,Yume_Ayasaki,CONTESTANT,PRETESTS,2,15,2048000
902,A,33432932,GNU C++11,WRONG_ANSWER,6079,1513703779,Yume_Ayasaki,CONTESTANT,PRETESTS,2,0,2048000
902,A,33433567,GNU C++11,WRONG_ANSWER,6364,1513704064,Yume_Ayasaki,CONTESTANT,PRETESTS,2,15,2048000
902,A,33433673,GNU C++11,WRONG_ANSWER,6414,1513704114,Yume_Ayasaki,CONTESTANT,PRETESTS,1,15,2048000
902,A,33433871,GNU C++11,WRONG_ANSWER,6509,1513704209,Yume_Ayasaki,CONTESTANT,PRETESTS,1,15,2048000
902,A,33434627,GNU C++11,WRONG_ANSWER,6855,1513704555,Yume_Ayasaki,CONTESTANT,PRETESTS,2,15,2048000
902,A,33413674,GNU C++11,OK,433,1513698133,Yusuf_sust,CONTESTANT,TESTS,55,31,2048000
902,B,33419705,GNU C++11,OK,1449,1513699149,Yusuf_sust,CONTESTANT,TESTS,50,218,2560000
902,C,33430744,GNU C++11,WRONG_ANSWER,5012,1513702712,Yusuf_sust,CONTESTANT,PRETESTS,1,15,4505600
902,C,33431390,GNU C++11,WRONG_ANSWER,5306,1513703006,Yusuf_sust,CONTESTANT,PRETESTS,3,15,4505600
902,C,33432074,GNU C++11,WRONG_ANSWER,5646,1513703346,Yusuf_sust,CONTESTANT,TESTS,37,109,4505600
902,B,33424134,GNU C++11,OK,2581,1513700281,Yusup01,CONTESTANT,TESTS,50,30,4915200
902,A,33426694,GNU C++11,OK,3398,1513701098,Yusup01,CONTESTANT,TESTS,55,15,2048000
902,A,33413220,GNU C++11,WRONG_ANSWER,344,1513698054,Z2z,CONTESTANT,PRETESTS,3,0,2150400
902,A,33414937,GNU C++11,OK,624,1513698335,Z2z,CONTESTANT,TESTS,55,15,2150400
902,B,33421922,GNU C++11,OK,1961,1513699672,Z2z,CONTESTANT,TESTS,50,265,2560000
902,C,33426742,GNU C++11,WRONG_ANSWER,3402,1513701113,Z2z,CONTESTANT,PRETESTS,3,15,2457600
902,C,33433225,GNU C++11,WRONG_ANSWER,6204,1513703914,Z2z,CONTESTANT,PRETESTS,3,15,2457600
902,C,33435237,GNU C++11,OK,7072,1513704783,Z2z,CONTESTANT,TESTS,45,249,2457600
902,A,33427634,GNU C++,WRONG_ANSWER,3742,1513701442,Z4R0Mistake,CONTESTANT,PRETESTS,5,15,2048000
902,A,33432101,GNU C++,TIME_LIMIT_EXCEEDED,5663,1513703363,Z4R0Mistake,CONTESTANT,PRETESTS,2,1000,2048000
902,A,33432180,GNU C++,WRONG_ANSWER,5703,1513703403,Z4R0Mistake,CONTESTANT,PRETESTS,0,0,2048000
902,A,33413320,C++14 (GCC 6-32),OK,370,1513698070,Z8N,CONTESTANT,TESTS,55,15,1945600
902,B,33418406,C++14 (GCC 6-32),WRONG_ANSWER,1185,1513698885,Z8N,CONTESTANT,PRETESTS,5,15,2355200
902,D,33422496,C++14 (GCC 6-32),WRONG_ANSWER,2126,1513699826,Z8N,CONTESTANT,PRETESTS,2,15,2252800
902,B,33427908,C++14 (GCC 6-32),OK,3842,1513701542,Z8N,CONTESTANT,TESTS,50,31,2867200
902,C,33431688,C++14 (GCC 6-32),OK,5454,1513703154,Z8N,CONTESTANT,TESTS,45,140,4300800
902,D,33433349,C++14 (GCC 6-32),OK,6272,1513703972,Z8N,CONTESTANT,TESTS,150,15,2252800
902,A,33421539,C++14 (GCC 6-32),WRONG_ANSWER,1878,1513699578,ZBeast,CONTESTANT,PRETESTS,4,15,1945600
902,A,33423296,C++14 (GCC 6-32),OK,2350,1513700050,ZBeast,CONTESTANT,TESTS,55,15,1945600
902,C,33420667,C++14 (GCC 6-32),WRONG_ANSWER,1664,1513699364,ZED_,CONTESTANT,PRETESTS,3,15,2662400
902,C,33423810,C++14 (GCC 6-32),WRONG_ANSWER,2493,1513700193,ZED_,CONTESTANT,PRETESTS,3,15,2662400
902,C,33427362,C++14 (GCC 6-32),WRONG_ANSWER,3646,1513701346,ZED_,CONTESTANT,PRETESTS,3,15,2662400
902,C,33428222,C++14 (GCC 6-32),OK,3963,1513701663,ZED_,CONTESTANT,TESTS,45,171,2662400
902,A,33428898,C++14 (GCC 6-32),OK,4236,1513701936,ZED_,CONTESTANT,TESTS,55,15,2048000
902,B,33431266,C++14 (GCC 6-32),OK,5247,1513702947,ZED_,CONTESTANT,TESTS,50,46,4096000
902,A,33431358,GNU C,COMPILATION_ERROR,5289,1513702989,ZENITH901,CONTESTANT,PRETESTS,0,0,0
902,A,33431450,GNU C++,WRONG_ANSWER,5333,1513703033,ZENITH901,CONTESTANT,PRETESTS,3,15,2048000
902,A,33431812,GNU C++,OK,5524,1513703224,ZENITH901,CONTESTANT,TESTS,55,15,2048000
902,A,33413476,GNU C++,COMPILATION_ERROR,398,1513698098,ZaakDov,CONTESTANT,PRETESTS,0,0,0
902,A,33413766,C++14 (GCC 6-32),OK,450,1513698150,ZaakDov,CONTESTANT,TESTS,55,15,1945600
902,B,33418512,C++14 (GCC 6-32),OK,1205,1513698905,ZaakDov,CONTESTANT,TESTS,50,15,1945600
902,D,33429009,C++14 (GCC 6-32),OK,4283,1513701983,ZaakDov,CONTESTANT,TESTS,150,15,1945600
902,A,33416444,C++14 (GCC 6-32),OK,857,1513698557,Zahra_Mohseni,CONTESTANT,TESTS,55,15,1945600
902,B,33421469,C++14 (GCC 6-32),OK,1859,1513699559,Zahra_Mohseni,CONTESTANT,TESTS,50,31,2560000
902,C,33430150,C++14 (GCC 6-32),OK,4764,1513702464,Zahra_Mohseni,CONTESTANT,TESTS,45,124,13312000
902,A,33417192,C++14 (GCC 6-32),WRONG_ANSWER,979,1513698679,Zain,CONTESTANT,TESTS,11,15,1945600
902,C,33422829,C++14 (GCC 6-32),WRONG_ANSWER,2217,1513699917,Zain,CONTESTANT,PRETESTS,1,0,6656000
902,C,33423578,C++14 (GCC 6-32),WRONG_ANSWER,2427,1513700127,Zain,CONTESTANT,PRETESTS,1,0,6656000
902,C,33423674,C++14 (GCC 6-32),WRONG_ANSWER,2456,1513700156,Zain,CONTESTANT,PRETESTS,3,15,6758400
902,C,33425075,C++14 (GCC 6-32),WRONG_ANSWER,2854,1513700554,Zain,CONTESTANT,PRETESTS,3,0,6656000
902,C,33425515,C++14 (GCC 6-32),OK,2996,1513700696,Zain,CONTESTANT,TESTS,45,156,8908800
902,B,33427283,C++14 (GCC 6-32),OK,3616,1513701316,Zain,CONTESTANT,TESTS,50,31,2867200
902,E,33435643,C++14 (GCC 6-32),COMPILATION_ERROR,7191,1513704891,Zain,CONTESTANT,PRETESTS,0,0,0
902,A,33415140,C++14 (GCC 6-32),WRONG_ANSWER,666,1513698366,Zain_AlDeen,CONTESTANT,PRETESTS,2,0,1843200
902,A,33416599,C++14 (GCC 6-32),OK,883,1513698583,Zain_AlDeen,CONTESTANT,TESTS,55,31,1945600
902,A,33420080,GNU C++,CHALLENGED,1531,1513699231,Zapyatochka,CONTESTANT,CHALLENGES,8,15,2048000
902,B,33423370,GNU C++,OK,2371,1513700071,Zapyatochka,CONTESTANT,TESTS,50,46,2560000
902,A,33427138,GNU C++,OK,3556,1513701256,Zapyatochka,CONTESTANT,TESTS,55,15,2150400
902,A,33413501,C++14 (GCC 6-32),OK,404,1513698104,Zeus726,CONTESTANT,TESTS,55,15,2048000
902,B,33418980,C++14 (GCC 6-32),OK,1303,1513699003,Zeus726,CONTESTANT,TESTS,50,249,2560000
902,C,33425243,C++14 (GCC 6-32),WRONG_ANSWER,2908,1513700608,Zeus726,CONTESTANT,PRETESTS,1,15,4300800
902,C,33426271,C++14 (GCC 6-32),WRONG_ANSWER,3245,1513700945,Zeus726,CONTESTANT,PRETESTS,4,15,4300800
902,C,33426677,C++14 (GCC 6-32),WRONG_ANSWER,3391,1513701091,Zeus726,CONTESTANT,PRETESTS,4,15,4300800
902,C,33428039,C++14 (GCC 6-32),WRONG_ANSWER,3888,1513701588,Zeus726,CONTESTANT,PRETESTS,6,15,4300800
902,C,33429079,C++14 (GCC 6-32),WRONG_ANSWER,4309,1513702009,Zeus726,CONTESTANT,PRETESTS,4,15,4300800
902,C,33430428,C++14 (GCC 6-32),WRONG_ANSWER,4871,1513702571,Zeus726,CONTESTANT,PRETESTS,4,15,4300800
902,C,33430488,C++14 (GCC 6-32),WRONG_ANSWER,4895,1513702595,Zeus726,CONTESTANT,PRETESTS,4,15,4300800
902,C,33430945,C++14 (GCC 6-32),OK,5088,1513702788,Zeus726,CONTESTANT,TESTS,45,78,4300800
902,A,33413168,C++14 (GCC 6-32),OK,342,1513698042,Zhaoyz,CONTESTANT,TESTS,55,15,1945600
902,B,33418427,C++14 (GCC 6-32),OK,1190,1513698890,Zhaoyz,CONTESTANT,TESTS,50,15,3686400
902,C,33426642,C++14 (GCC 6-32),WRONG_ANSWER,3380,1513701080,Zhaoyz,CONTESTANT,PRETESTS,1,0,5939200
902,C,33428651,C++14 (GCC 6-32),WRONG_ANSWER,4141,1513701841,Zhaoyz,CONTESTANT,PRETESTS,3,0,5939200
902,C,33429314,C++14 (GCC 6-32),OK,4403,1513702103,Zhaoyz,CONTESTANT,TESTS,45,109,5939200
902,A,33419518,GNU C++,WRONG_ANSWER,1413,1513699113,Ziiyan,CONTESTANT,PRETESTS,2,15,2048000
902,A,33421703,GNU C++,OK,1916,1513699616,Ziiyan,CONTESTANT,TESTS,55,15,2048000
902,B,33428801,GNU C++,OK,4200,1513701900,Ziiyan,CONTESTANT,TESTS,50,15,2355200
902,A,33413917,GNU C++11,WRONG_ANSWER,474,1513698174,Zimovik007,CONTESTANT,PRETESTS,2,15,2048000
902,A,33416263,GNU C++11,WRONG_ANSWER,830,1513698530,Zimovik007,CONTESTANT,PRETESTS,2,15,2048000
902,A,33416985,GNU C++11,OK,942,1513698642,Zimovik007,CONTESTANT,TESTS,55,15,2048000
902,B,33427470,GNU C++11,WRONG_ANSWER,3683,1513701383,Zimovik007,CONTESTANT,PRETESTS,0,0,2048000
902,B,33427591,GNU C++11,OK,3729,1513701429,Zimovik007,CONTESTANT,TESTS,50,296,2560000
902,C,33431175,GNU C++11,OK,5205,1513702905,Zimovik007,CONTESTANT,TESTS,45,312,2457600
902,A,33414890,C++14 (GCC 6-32),OK,629,1513698329,Zindow,CONTESTANT,TESTS,55,15,5939200
902,B,33419459,C++14 (GCC 6-32),WRONG_ANSWER,1399,1513699099,Zindow,CONTESTANT,PRETESTS,9,15,2048000
902,B,33420880,C++14 (GCC 6-32),OK,1715,1513699415,Zindow,CONTESTANT,TESTS,50,31,2048000
902,C,33429103,C++14 (GCC 6-32),SKIPPED,4320,1513702020,Zindow,CONTESTANT,PRETESTS,13,46,2662400
902,D,33429770,C++14 (GCC 6-32),WRONG_ANSWER,4601,1513702301,Zindow,CONTESTANT,PRETESTS,0,0,2662400
902,C,33429845,C++14 (GCC 6-32),OK,4631,1513702331,Zindow,CONTESTANT,TESTS,45,93,2662400
902,D,33434077,C++14 (GCC 6-32),WRONG_ANSWER,6614,1513704314,Zindow,CONTESTANT,PRETESTS,1,0,1843200
902,A,33425070,GNU C++,OK,2852,1513700552,Ziucay,CONTESTANT,TESTS,55,15,2048000
902,A,33414013,C++14 (GCC 6-32),OK,490,1513698190,Zpaks,CONTESTANT,TESTS,55,15,1945600
902,B,33418467,C++14 (GCC 6-32),WRONG_ANSWER,1197,1513698897,Zpaks,CONTESTANT,PRETESTS,4,15,1945600
902,B,33419646,C++14 (GCC 6-32),WRONG_ANSWER,1439,1513699139,Zpaks,CONTESTANT,PRETESTS,4,15,1945600
902,B,33420464,C++14 (GCC 6-32),WRONG_ANSWER,1616,1513699316,Zpaks,CONTESTANT,PRETESTS,1,30,1945600
902,B,33420881,C++14 (GCC 6-32),OK,1716,1513699416,Zpaks,CONTESTANT,TESTS,50,30,1945600
902,C,33425768,C++14 (GCC 6-32),WRONG_ANSWER,3079,1513700779,Zpaks,CONTESTANT,PRETESTS,1,15,2252800
902,C,33432082,C++14 (GCC 6-32),WRONG_ANSWER,5651,1513703351,Zpaks,CONTESTANT,PRETESTS,3,0,2662400
902,C,33433108,C++14 (GCC 6-32),WRONG_ANSWER,6160,1513703860,Zpaks,CONTESTANT,PRETESTS,3,15,2662400
902,C,33433898,C++14 (GCC 6-32),WRONG_ANSWER,6521,1513704221,Zpaks,CONTESTANT,PRETESTS,1,0,2662400
902,C,33434021,C++14 (GCC 6-32),WRONG_ANSWER,6591,1513704291,Zpaks,CONTESTANT,PRETESTS,5,15,2662400
902,C,33435331,C++14 (GCC 6-32),WRONG_ANSWER,7113,1513704813,Zpaks,CONTESTANT,PRETESTS,5,15,2662400
902,C,33435483,C++14 (GCC 6-32),WRONG_ANSWER,7160,1513704860,Zpaks,CONTESTANT,PRETESTS,1,0,2662400
902,A,33429293,GNU C++17 Diagnostics,RUNTIME_ERROR,4383,1513702094,Zulfat,CONTESTANT,PRETESTS,0,467,94924800
902,A,33414997,C++14 (GCC 6-32),CHALLENGED,646,1513698346,_AUR_,CONTESTANT,CHALLENGES,8,15,1945600
902,B,33430359,C++14 (GCC 6-32),OK,4843,1513702543,_AUR_,CONTESTANT,TESTS,50,202,4300800
902,A,33431200,C++14 (GCC 6-32),WRONG_ANSWER,5215,1513702915,_AUR_,CONTESTANT,PRETESTS,5,15,1945600
902,A,33432223,C++14 (GCC 6-32),WRONG_ANSWER,5724,1513703424,_AUR_,CONTESTANT,PRETESTS,4,15,1945600
902,A,33433870,C++14 (GCC 6-32),OK,6509,1513704209,_AUR_,CONTESTANT,TESTS,55,15,1945600
902,A,33413553,C++14 (GCC 6-32),WRONG_ANSWER,413,1513698113,_Anas__,CONTESTANT,PRETESTS,0,15,1843200
902,A,33414119,C++14 (GCC 6-32),WRONG_ANSWER,507,1513698207,_Anas__,CONTESTANT,PRETESTS,0,0,1843200
902,A,33415284,C++14 (GCC 6-32),WRONG_ANSWER,690,1513698390,_Anas__,CONTESTANT,PRETESTS,2,0,1843200
902,A,33416986,C++14 (GCC 6-32),WRONG_ANSWER,942,1513698642,_Anas__,CONTESTANT,TESTS,14,15,1843200
902,B,33423108,C++14 (GCC 6-32),OK,2294,1513699994,_Anas__,CONTESTANT,TESTS,50,30,2560000
902,A,33416443,C++14 (GCC 6-32),OK,847,1513698557,_Aragorn_,CONTESTANT,TESTS,55,15,5939200
902,B,33426287,C++14 (GCC 6-32),RUNTIME_ERROR,3239,1513700949,_Aragorn_,CONTESTANT,PRETESTS,5,15,2150400
902,B,33426485,C++14 (GCC 6-32),OK,3306,1513701017,_Aragorn_,CONTESTANT,TESTS,50,171,2457600
902,C,33425218,C++14 (GCC 6-32),WRONG_ANSWER,2898,1513700598,_AymanSalah,CONTESTANT,PRETESTS,1,0,1945600
902,C,33426883,C++14 (GCC 6-32),WRONG_ANSWER,3464,1513701164,_AymanSalah,CONTESTANT,PRETESTS,3,0,1945600
902,C,33429464,C++14 (GCC 6-32),WRONG_ANSWER,4470,1513702170,_AymanSalah,CONTESTANT,PRETESTS,5,0,1945600
902,C,33431095,C++14 (GCC 6-32),WRONG_ANSWER,5160,1513702860,_AymanSalah,CONTESTANT,PRETESTS,3,15,2048000
902,A,33431717,C++14 (GCC 6-32),OK,5471,1513703171,_AymanSalah,CONTESTANT,TESTS,55,15,2048000
902,C,33435431,C++14 (GCC 6-32),WRONG_ANSWER,7146,1513704846,_AymanSalah,CONTESTANT,PRETESTS,1,0,1843200
902,A,33416572,GNU C++11,WRONG_ANSWER,880,1513698580,_Badral,CONTESTANT,PRETESTS,3,15,6041600
902,A,33417358,GNU C++11,WRONG_ANSWER,1007,1513698707,_Badral,CONTESTANT,PRETESTS,3,15,6041600
902,A,33417886,GNU C++11,CHALLENGED,1098,1513698798,_Badral,CONTESTANT,CHALLENGES,8,15,6041600
902,A,33414198,C++14 (GCC 6-32),WRONG_ANSWER,518,1513698218,_Comfortably_Numb__,CONTESTANT,PRETESTS,2,15,1843200
902,A,33414968,C++14 (GCC 6-32),WRONG_ANSWER,641,1513698341,_Comfortably_Numb__,CONTESTANT,PRETESTS,3,15,1843200
902,A,33415581,C++14 (GCC 6-32),OK,731,1513698431,_Comfortably_Numb__,CONTESTANT,TESTS,55,15,1843200
902,B,33419246,C++14 (GCC 6-32),OK,1359,1513699059,_Comfortably_Numb__,CONTESTANT,TESTS,50,15,2764800
902,C,33426596,C++14 (GCC 6-32),WRONG_ANSWER,3359,1513701059,_Comfortably_Numb__,CONTESTANT,PRETESTS,3,15,2662400
902,C,33428067,C++14 (GCC 6-32),WRONG_ANSWER,3900,1513701600,_Comfortably_Numb__,CONTESTANT,PRETESTS,7,15,2662400
902,C,33429063,C++14 (GCC 6-32),WRONG_ANSWER,4301,1513702001,_Comfortably_Numb__,CONTESTANT,PRETESTS,7,15,2662400
902,C,33431889,C++14 (GCC 6-32),WRONG_ANSWER,5564,1513703264,_Comfortably_Numb__,CONTESTANT,PRETESTS,7,0,2662400
902,C,33434132,C++14 (GCC 6-32),WRONG_ANSWER,6640,1513704340,_Comfortably_Numb__,CONTESTANT,PRETESTS,7,15,2662400
902,A,33417597,GNU C++11,OK,1040,1513698750,_Cyris,CONTESTANT,TESTS,55,31,2048000
902,A,33413685,GNU C++,WRONG_ANSWER,437,1513698137,_D41_,CONTESTANT,TESTS,11,15,2048000
902,B,33416449,GNU C++,OK,858,1513698558,_D41_,CONTESTANT,TESTS,50,61,2560000
902,C,33420173,GNU C++,OK,1551,1513699251,_D41_,CONTESTANT,TESTS,45,295,2867200
902,D,33433055,GNU C++,WRONG_ANSWER,6137,1513703837,_D41_,CONTESTANT,PRETESTS,0,0,2048000
902,D,33433308,GNU C++,WRONG_ANSWER,6251,1513703951,_D41_,CONTESTANT,PRETESTS,2,0,2048000
902,D,33435244,GNU C++,WRONG_ANSWER,7086,1513704786,_D41_,CONTESTANT,PRETESTS,2,0,2048000
902,A,33417371,C++14 (GCC 6-32),WRONG_ANSWER,1000,1513698710,_Darksider_,CONTESTANT,PRETESTS,4,15,1843200
902,A,33419095,C++14 (GCC 6-32),OK,1320,1513699030,_Darksider_,CONTESTANT,TESTS,55,15,1945600
902,B,33424858,C++14 (GCC 6-32),OK,2776,1513700487,_Darksider_,CONTESTANT,TESTS,50,31,4608000
902,A,33414296,GNU C++11,OK,522,1513698233,_Dreamer_,CONTESTANT,TESTS,55,30,2150400
902,B,33426775,GNU C++11,OK,3414,1513701124,_Dreamer_,CONTESTANT,TESTS,50,296,2560000
902,A,33413839,C++14 (GCC 6-32),WRONG_ANSWER,460,1513698161,_Eidolon,CONTESTANT,PRETESTS,2,15,1843200
902,A,33414206,C++14 (GCC 6-32),WRONG_ANSWER,520,1513698220,_Eidolon,CONTESTANT,PRETESTS,2,15,1843200
902,A,33414580,C++14 (GCC 6-32),WRONG_ANSWER,580,1513698280,_Eidolon,CONTESTANT,PRETESTS,2,15,1843200
902,A,33416174,C++14 (GCC 6-32),OK,818,1513698518,_Eidolon,CONTESTANT,TESTS,55,15,1945600
902,B,33419286,C++14 (GCC 6-32),OK,1365,1513699065,_Eidolon,CONTESTANT,TESTS,50,15,2560000
902,C,33426789,C++14 (GCC 6-32),WRONG_ANSWER,3431,1513701131,_Eidolon,CONTESTANT,PRETESTS,3,15,1945600
902,A,33413463,C++14 (GCC 6-32),SKIPPED,397,1513698097,_FariD_,CONTESTANT,PRETESTS,8,15,1945600
902,A,33420962,C++14 (GCC 6-32),OK,1735,1513699435,_FariD_,CONTESTANT,TESTS,55,15,1945600
902,B,33423173,C++14 (GCC 6-32),OK,2314,1513700014,_FariD_,CONTESTANT,TESTS,50,30,2764800
902,A,33413745,GNU C++11,WRONG_ANSWER,445,1513698145,_Halim_,CONTESTANT,PRETESTS,4,15,2048000
902,A,33414576,GNU C++11,WRONG_ANSWER,580,1513698280,_Halim_,CONTESTANT,PRETESTS,4,15,2048000
902,A,33420254,GNU C++11,CHALLENGED,1569,1513699269,_Halim_,CONTESTANT,CHALLENGES,8,15,2048000
902,B,33434473,GNU C++11,OK,6792,1513704492,_Halim_,CONTESTANT,TESTS,50,31,2662400
902,A,33435229,GNU C++11,WRONG_ANSWER,7081,1513704781,_Halim_,CONTESTANT,PRETESTS,0,0,2048000
902,A,33435556,GNU C++11,OK,7176,1513704876,_Halim_,CONTESTANT,TESTS,55,15,2048000
902,A,33414232,C++14 (GCC 6-32),OK,524,1513698224,_Jaykishan_Parmar,CONTESTANT,TESTS,55,15,1945600
902,B,33420792,C++14 (GCC 6-32),OK,1686,1513699397,_Jaykishan_Parmar,CONTESTANT,TESTS,50,46,2560000
902,C,33431313,C++14 (GCC 6-32),WRONG_ANSWER,5267,1513702967,_Jaykishan_Parmar,CONTESTANT,PRETESTS,1,0,1843200
902,C,33431535,C++14 (GCC 6-32),WRONG_ANSWER,5379,1513703079,_Jaykishan_Parmar,CONTESTANT,PRETESTS,3,15,1945600
902,C,33433742,C++14 (GCC 6-32),WRONG_ANSWER,6444,1513704144,_Jaykishan_Parmar,CONTESTANT,PRETESTS,1,0,1843200
902,C,33433987,C++14 (GCC 6-32),WRONG_ANSWER,6571,1513704271,_Jaykishan_Parmar,CONTESTANT,PRETESTS,5,15,1945600
902,C,33434973,C++14 (GCC 6-32),WRONG_ANSWER,6994,1513704694,_Jaykishan_Parmar,CONTESTANT,PRETESTS,5,15,1945600
902,C,33435102,C++14 (GCC 6-32),WRONG_ANSWER,7034,1513704734,_Jaykishan_Parmar,CONTESTANT,PRETESTS,5,15,1945600
902,C,33435624,C++14 (GCC 6-32),WRONG_ANSWER,7188,1513704888,_Jaykishan_Parmar,CONTESTANT,PRETESTS,1,0,1945600
902,A,33413465,C++14 (GCC 6-32),WRONG_ANSWER,397,1513698097,_Jon_Snow,CONTESTANT,PRETESTS,2,15,1843200
902,A,33414248,C++14 (GCC 6-32),OK,526,1513698226,_Jon_Snow,CONTESTANT,TESTS,55,15,1945600
902,B,33418829,C++14 (GCC 6-32),OK,1267,1513698967,_Jon_Snow,CONTESTANT,TESTS,50,15,3891200
902,A,33417420,C++14 (GCC 6-32),OK,1006,1513698716,_Kodesia,CONTESTANT,TESTS,55,15,1945600
902,A,33416781,C++14 (GCC 6-32),OK,912,1513698612,_MGH_,CONTESTANT,TESTS,55,15,1945600
902,B,33427238,C++14 (GCC 6-32),OK,3598,1513701298,_MGH_,CONTESTANT,TESTS,50,280,2457600
902,C,33419488,C++14 (GCC 6-32),WRONG_ANSWER,1405,1513699105,_Maestroo,CONTESTANT,PRETESTS,1,15,9113600
902,A,33423619,C++14 (GCC 6-32),OK,2435,1513700135,_Maestroo,CONTESTANT,TESTS,55,15,7372800
902,C,33426438,C++14 (GCC 6-32),WRONG_ANSWER,3301,1513701001,_Maestroo,CONTESTANT,PRETESTS,0,15,2252800
902,C,33426798,GNU C++,WRONG_ANSWER,3435,1513701135,_Maestroo,CONTESTANT,PRETESTS,1,15,2457600
902,C,33427087,GNU C++,OK,3540,1513701240,_Maestroo,CONTESTANT,TESTS,45,327,2457600
902,A,33412789,C++14 (GCC 6-32),OK,247,1513697947,_Mr_Fab,CONTESTANT,TESTS,55,15,1945600
902,B,33414618,C++14 (GCC 6-32),OK,585,1513698285,_Mr_Fab,CONTESTANT,TESTS,50,15,3891200
902,C,33421473,C++14 (GCC 6-32),SKIPPED,1850,1513699560,_Mr_Fab,CONTESTANT,PRETESTS,13,31,2252800
902,C,33421499,C++14 (GCC 6-32),OK,1858,1513699568,_Mr_Fab,CONTESTANT,TESTS,45,108,5939200
902,D,33433355,C++14 (GCC 6-32),WRONG_ANSWER,6264,1513703974,_Mr_Fab,CONTESTANT,PRETESTS,4,15,1843200
902,A,33414203,GNU C++,WRONG_ANSWER,519,1513698219,_Nyu_,CONTESTANT,PRETESTS,2,15,2048000
902,A,33417890,GNU C++,WRONG_ANSWER,1099,1513698799,_Nyu_,CONTESTANT,PRETESTS,2,15,2048000
902,A,33427162,GNU C++,WRONG_ANSWER,3569,1513701269,_Nyu_,CONTESTANT,PRETESTS,1,0,2048000
902,A,33427406,GNU C++,WRONG_ANSWER,3660,1513701360,_Nyu_,CONTESTANT,PRETESTS,0,0,2048000
902,A,33427916,GNU C++,WRONG_ANSWER,3845,1513701545,_Nyu_,CONTESTANT,PRETESTS,1,15,2048000
902,A,33429041,GNU C++,OK,4296,1513701996,_Nyu_,CONTESTANT,TESTS,55,31,2048000
902,A,33417485,C++14 (GCC 6-32),WRONG_ANSWER,1019,1513698729,_Ogonyok_,CONTESTANT,PRETESTS,0,0,1843200
902,A,33418363,C++14 (GCC 6-32),WRONG_ANSWER,1168,1513698878,_Ogonyok_,CONTESTANT,PRETESTS,4,15,1945600
902,A,33418683,C++14 (GCC 6-32),OK,1228,1513698939,_Ogonyok_,CONTESTANT,TESTS,55,15,1945600
902,A,33416420,GNU C++11,OK,852,1513698552,_Otabek,CONTESTANT,TESTS,55,15,2048000
902,A,33414209,C++14 (GCC 6-32),WRONG_ANSWER,521,1513698221,_S1MPLE_,CONTESTANT,PRETESTS,2,15,6656000
902,A,33416595,C++14 (GCC 6-32),WRONG_ANSWER,883,1513698583,_S1MPLE_,CONTESTANT,PRETESTS,2,15,6656000
902,A,33418853,C++14 (GCC 6-32),WRONG_ANSWER,1272,1513698972,_S1MPLE_,CONTESTANT,PRETESTS,4,15,6656000
902,A,33420417,C++14 (GCC 6-32),WRONG_ANSWER,1606,1513699306,_S1MPLE_,CONTESTANT,PRETESTS,0,15,6656000
902,A,33421023,C++14 (GCC 6-32),WRONG_ANSWER,1751,1513699451,_S1MPLE_,CONTESTANT,PRETESTS,4,0,6656000
902,A,33423763,C++14 (GCC 6-32),WRONG_ANSWER,2483,1513700183,_S1MPLE_,CONTESTANT,PRETESTS,4,15,6656000
902,A,33428414,C++14 (GCC 6-32),OK,4040,1513701740,_S1MPLE_,CONTESTANT,TESTS,55,15,5529600
902,B,33432501,C++14 (GCC 6-32),OK,5866,1513703566,_S1MPLE_,CONTESTANT,TESTS,50,46,6348800
902,A,33414174,C++14 (GCC 6-32),WRONG_ANSWER,515,1513698215,_Samir,CONTESTANT,PRETESTS,2,15,1945600
902,A,33417044,C++14 (GCC 6-32),CHALLENGED,952,1513698652,_Samir,CONTESTANT,CHALLENGES,8,15,1945600
902,B,33424181,C++14 (GCC 6-32),OK,2592,1513700292,_Samir,CONTESTANT,TESTS,50,46,7475200
902,C,33431435,C++14 (GCC 6-32),WRONG_ANSWER,5324,1513703024,_Samir,CONTESTANT,PRETESTS,3,15,25907200
902,C,33433058,C++14 (GCC 6-32),WRONG_ANSWER,6139,1513703839,_Samir,CONTESTANT,PRETESTS,1,0,25907200
902,C,33434000,C++14 (GCC 6-32),WRONG_ANSWER,6577,1513704277,_Samir,CONTESTANT,PRETESTS,3,0,49971200
902,A,33417425,C++14 (GCC 6-32),OK,1017,1513698717,_Solenya_,CONTESTANT,TESTS,55,15,1945600
902,B,33424030,C++14 (GCC 6-32),OK,2553,1513700253,_Solenya_,CONTESTANT,TESTS,50,249,2457600
902,C,33432714,C++14 (GCC 6-32),WRONG_ANSWER,5969,1513703669,_Solenya_,CONTESTANT,PRETESTS,3,15,3481600
902,C,33433861,C++14 (GCC 6-32),OK,6503,1513704203,_Solenya_,CONTESTANT,TESTS,45,140,3481600
902,A,33420387,FPC,WRONG_ANSWER,1598,1513699298,_Time_Lord_,CONTESTANT,PRETESTS,2,0,1638400
902,A,33420766,FPC,WRONG_ANSWER,1691,1513699391,_Time_Lord_,CONTESTANT,PRETESTS,2,0,1638400
902,A,33423129,FPC,WRONG_ANSWER,2302,1513700002,_Time_Lord_,CONTESTANT,PRETESTS,2,15,1638400
902,A,33427402,FPC,TIME_LIMIT_EXCEEDED,3658,1513701358,_Time_Lord_,CONTESTANT,PRETESTS,2,1000,1638400
902,A,33413657,GNU C++11,OK,431,1513698131,_Weiss,CONTESTANT,TESTS,55,30,2150400
902,B,33418468,GNU C++11,WRONG_ANSWER,1197,1513698897,_Weiss,CONTESTANT,PRETESTS,9,31,2457600
902,B,33419571,GNU C++11,OK,1426,1513699126,_Weiss,CONTESTANT,TESTS,50,46,2457600
902,A,33432913,Mono C#,OK,6072,1513703772,_XEP_bazuka5801,CONTESTANT,TESTS,55,46,9420800
902,A,33415666,C++14 (GCC 6-32),OK,743,1513698443,__--R--__,CONTESTANT,TESTS,55,31,1945600
902,B,33421974,C++14 (GCC 6-32),OK,1986,1513699686,__--R--__,CONTESTANT,TESTS,50,31,2560000
902,C,33432960,C++14 (GCC 6-32),WRONG_ANSWER,6091,1513703791,__--R--__,CONTESTANT,PRETESTS,1,15,2662400
902,C,33435537,C++14 (GCC 6-32),WRONG_ANSWER,7171,1513704871,__--R--__,CONTESTANT,PRETESTS,3,0,2662400
902,A,33415586,GNU C++11,WRONG_ANSWER,732,1513698432,__Boo,CONTESTANT,PRETESTS,3,15,2867200
902,A,33416267,GNU C++11,OK,831,1513698531,__Boo,CONTESTANT,TESTS,55,15,2867200
902,B,33423654,GNU C++11,OK,2447,1513700147,__Boo,CONTESTANT,TESTS,50,31,2252800
902,A,33414026,C++14 (GCC 6-32),WRONG_ANSWER,481,1513698192,__C__,CONTESTANT,TESTS,10,15,1945600
902,B,33417632,C++14 (GCC 6-32),OK,1045,1513698756,__C__,CONTESTANT,TESTS,50,30,2764800
902,C,33423189,C++14 (GCC 6-32),OK,2307,1513700018,__C__,CONTESTANT,TESTS,45,967,2662400
902,E,33435627,C++14 (GCC 6-32),WRONG_ANSWER,7177,1513704888,__C__,CONTESTANT,PRETESTS,0,15,24985600
902,A,33416693,C++14 (GCC 6-32),WRONG_ANSWER,897,1513698597,__Darkmoon,CONTESTANT,TESTS,16,15,1945600
902,B,33423501,C++14 (GCC 6-32),OK,2406,1513700106,__Darkmoon,CONTESTANT,TESTS,50,15,2457600
902,C,33428337,C++14 (GCC 6-32),WRONG_ANSWER,4005,1513701705,__Darkmoon,CONTESTANT,PRETESTS,1,15,2252800
902,C,33429484,C++14 (GCC 6-32),WRONG_ANSWER,4479,1513702179,__Darkmoon,CONTESTANT,PRETESTS,4,15,2252800
902,C,33430463,C++14 (GCC 6-32),WRONG_ANSWER,4886,1513702586,__Darkmoon,CONTESTANT,PRETESTS,4,15,2252800
902,C,33433446,C++14 (GCC 6-32),OK,6313,1513704013,__Darkmoon,CONTESTANT,TESTS,45,93,2252800
902,A,33415055,C++14 (GCC 6-32),WRONG_ANSWER,654,1513698354,__Kordy__,CONTESTANT,PRETESTS,4,15,1945600
902,A,33418896,C++14 (GCC 6-32),WRONG_ANSWER,1284,1513698984,__Kordy__,CONTESTANT,PRETESTS,4,0,1945600
902,A,33420613,C++14 (GCC 6-32),OK,1651,1513699351,__Kordy__,CONTESTANT,TESTS,55,15,1945600
902,B,33429742,C++14 (GCC 6-32),WRONG_ANSWER,4589,1513702289,__Kordy__,CONTESTANT,PRETESTS,9,15,3891200
902,B,33431235,C++14 (GCC 6-32),OK,5233,1513702933,__Kordy__,CONTESTANT,TESTS,50,15,3891200
902,A,33417167,C++14 (GCC 6-32),WRONG_ANSWER,974,1513698674,__Melodies,CONTESTANT,PRETESTS,1,15,1945600
902,A,33419169,C++14 (GCC 6-32),WRONG_ANSWER,1344,1513699044,__Melodies,CONTESTANT,PRETESTS,0,15,1843200
902,A,33419406,C++14 (GCC 6-32),WRONG_ANSWER,1388,1513699088,__Melodies,CONTESTANT,PRETESTS,2,0,1945600
902,A,33420204,C++14 (GCC 6-32),WRONG_ANSWER,1558,1513699258,__Melodies,CONTESTANT,PRETESTS,2,15,1843200
902,A,33422614,C++14 (GCC 6-32),WRONG_ANSWER,2157,1513699857,__Melodies,CONTESTANT,PRETESTS,2,0,1843200
902,A,33422710,C++14 (GCC 6-32),WRONG_ANSWER,2184,1513699884,__Melodies,CONTESTANT,PRETESTS,2,0,1843200
902,A,33423233,C++14 (GCC 6-32),WRONG_ANSWER,2335,1513700035,__Melodies,CONTESTANT,PRETESTS,2,15,1843200
902,A,33425633,C++14 (GCC 6-32),WRONG_ANSWER,3033,1513700733,__Melodies,CONTESTANT,PRETESTS,2,0,1945600
902,A,33419321,C++14 (GCC 6-32),WRONG_ANSWER,1370,1513699070,__Nightmare__,CONTESTANT,PRETESTS,2,15,1945600
902,A,33425981,GNU C++11,WRONG_ANSWER,3145,1513700845,__Nightmare__,CONTESTANT,PRETESTS,4,15,2048000
902,A,33427060,GNU C++11,WRONG_ANSWER,3530,1513701230,__Nightmare__,CONTESTANT,PRETESTS,4,0,2048000
902,A,33432858,C++14 (GCC 6-32),WRONG_ANSWER,6042,1513703742,__Nightmare__,CONTESTANT,TESTS,41,15,3481600
902,B,33419689,GNU C++11,RUNTIME_ERROR,1446,1513699146,__Tasnim__,CONTESTANT,PRETESTS,5,15,2048000
902,B,33419958,GNU C++11,OK,1503,1513699203,__Tasnim__,CONTESTANT,TESTS,50,46,2560000
902,A,33425118,GNU C++11,SKIPPED,2867,1513700567,__Tasnim__,CONTESTANT,PRETESTS,8,15,2150400
902,A,33430698,GNU C++11,OK,4996,1513702696,__Tasnim__,CONTESTANT,TESTS,55,15,2150400
902,A,33416326,C++14 (GCC 6-32),WRONG_ANSWER,841,1513698541,__TooLazy,CONTESTANT,PRETESTS,2,15,1945600
902,A,33424321,C++14 (GCC 6-32),OK,2630,1513700330,__TooLazy,CONTESTANT,TESTS,55,15,1945600
902,B,33430905,C++14 (GCC 6-32),OK,5073,1513702773,__TooLazy,CONTESTANT,TESTS,50,312,2867200
902,A,33412982,C++14 (GCC 6-32),WRONG_ANSWER,305,1513698005,___Johniel,CONTESTANT,PRETESTS,1,15,1945600
902,A,33415756,C++14 (GCC 6-32),OK,757,1513698458,___Johniel,CONTESTANT,TESTS,55,31,1945600
902,B,33418133,C++14 (GCC 6-32),OK,1138,1513698838,___Johniel,CONTESTANT,TESTS,50,15,2457600
902,C,33430768,C++14 (GCC 6-32),WRONG_ANSWER,5023,1513702723,___Johniel,CONTESTANT,PRETESTS,4,15,2662400
902,C,33431624,C++14 (GCC 6-32),WRONG_ANSWER,5423,1513703123,___Johniel,CONTESTANT,PRETESTS,4,15,2662400
902,C,33433967,C++14 (GCC 6-32),WRONG_ANSWER,6560,1513704260,___Johniel,CONTESTANT,PRETESTS,4,15,2662400
902,C,33434329,C++14 (GCC 6-32),WRONG_ANSWER,6725,1513704425,___Johniel,CONTESTANT,PRETESTS,4,15,2662400
902,C,33434942,C++14 (GCC 6-32),WRONG_ANSWER,6983,1513704683,___Johniel,CONTESTANT,PRETESTS,4,15,3481600
902,C,33435226,C++14 (GCC 6-32),WRONG_ANSWER,7080,1513704780,___Johniel,CONTESTANT,PRETESTS,4,15,3481600
902,A,33418224,C++14 (GCC 6-32),OK,1154,1513698854,___Loll,CONTESTANT,TESTS,55,15,1945600
902,A,33419348,GNU C++,OK,1374,1513699074,_aditya,CONTESTANT,TESTS,55,30,2048000
902,B,33427960,GNU C++,OK,3849,1513701559,_aditya,CONTESTANT,TESTS,50,31,2560000
902,A,33415192,Java 8,WRONG_ANSWER,664,1513698374,_bacali,CONTESTANT,PRETESTS,2,109,20582400
902,A,33416022,Java 8,WRONG_ANSWER,784,1513698495,_bacali,CONTESTANT,PRETESTS,2,108,20684800
902,A,33416691,Java 8,WRONG_ANSWER,897,1513698597,_bacali,CONTESTANT,PRETESTS,3,109,20582400
902,A,33417060,Java 8,WRONG_ANSWER,955,1513698655,_bacali,CONTESTANT,PRETESTS,4,124,20582400
902,A,33417963,Java 8,WRONG_ANSWER,1110,1513698810,_bacali,CONTESTANT,PRETESTS,4,109,20582400
902,A,33418867,Java 8,WRONG_ANSWER,1278,1513698978,_bacali,CONTESTANT,PRETESTS,2,108,20582400
902,A,33419581,Java 8,OK,1428,1513699128,_bacali,CONTESTANT,TESTS,55,124,20684800
902,B,33425597,Java 8,RUNTIME_ERROR,3022,1513700722,_bacali,CONTESTANT,PRETESTS,0,248,268390400
902,B,33426584,Java 8,MEMORY_LIMIT_EXCEEDED,3353,1513701053,_bacali,CONTESTANT,PRETESTS,0,233,268390400
902,B,33426803,Java 8,MEMORY_LIMIT_EXCEEDED,3436,1513701136,_bacali,CONTESTANT,PRETESTS,5,280,268390400
902,B,33428545,Java 8,OK,4095,1513701795,_bacali,CONTESTANT,TESTS,50,811,21708800
902,A,33421941,C++14 (GCC 6-32),WRONG_ANSWER,1967,1513699677,_ben10,CONTESTANT,PRETESTS,3,15,1843200
902,A,33427472,C++14 (GCC 6-32),OK,3685,1513701385,_ben10,CONTESTANT,TESTS,55,15,1945600
902,A,33429391,GNU C++,OK,4435,1513702135,_best,CONTESTANT,TESTS,55,15,2048000
902,A,33413707,C++14 (GCC 6-32),WRONG_ANSWER,440,1513698140,_blaNk_,CONTESTANT,PRETESTS,2,0,1843200
902,A,33415157,C++14 (GCC 6-32),WRONG_ANSWER,669,1513698369,_blaNk_,CONTESTANT,PRETESTS,2,0,1843200
902,A,33416807,C++14 (GCC 6-32),WRONG_ANSWER,916,1513698616,_blaNk_,CONTESTANT,PRETESTS,2,15,1945600
902,A,33426426,C++14 (GCC 6-32),OK,3297,1513700997,_blaNk_,CONTESTANT,TESTS,55,15,1945600
902,B,33430711,C++14 (GCC 6-32),OK,5000,1513702700,_blaNk_,CONTESTANT,TESTS,50,46,2457600
902,A,33416767,C++14 (GCC 6-32),WRONG_ANSWER,911,1513698611,_blitzkrieg,CONTESTANT,PRETESTS,2,15,1843200
902,A,33422201,C++14 (GCC 6-32),WRONG_ANSWER,2037,1513699737,_blitzkrieg,CONTESTANT,PRETESTS,4,15,1843200
902,A,33425783,C++14 (GCC 6-32),OK,3083,1513700783,_blitzkrieg,CONTESTANT,TESTS,55,15,1945600
902,B,33424679,GNU C++,WRONG_ANSWER,2738,1513700438,_bruteForce_,CONTESTANT,PRETESTS,2,15,2252800
902,A,33429102,GNU C++,RUNTIME_ERROR,4319,1513702019,_bruteForce_,CONTESTANT,PRETESTS,2,15,2252800
902,A,33429336,GNU C++,RUNTIME_ERROR,4411,1513702111,_bruteForce_,CONTESTANT,PRETESTS,6,15,2252800
902,A,33429516,GNU C++,RUNTIME_ERROR,4493,1513702193,_bruteForce_,CONTESTANT,PRETESTS,2,15,2252800
902,A,33429771,GNU C++,WRONG_ANSWER,4601,1513702301,_bruteForce_,CONTESTANT,TESTS,46,15,2048000
902,B,33432247,GNU C++,OK,5736,1513703436,_bruteForce_,CONTESTANT,TESTS,50,46,2560000
902,A,33414606,C++14 (GCC 6-32),WRONG_ANSWER,573,1513698284,_c_k_r_,CONTESTANT,PRETESTS,2,15,1945600
902,A,33417298,C++14 (GCC 6-32),WRONG_ANSWER,987,1513698698,_c_k_r_,CONTESTANT,TESTS,41,15,1945600
902,B,33428571,C++14 (GCC 6-32),OK,4093,1513701804,_c_k_r_,CONTESTANT,TESTS,50,46,2764800
902,A,33415218,C++14 (GCC 6-32),WRONG_ANSWER,679,1513698379,_coder_,CONTESTANT,PRETESTS,5,15,1945600
902,A,33415335,C++14 (GCC 6-32),WRONG_ANSWER,696,1513698396,_coder_,CONTESTANT,PRETESTS,3,15,1945600
902,A,33416543,C++14 (GCC 6-32),WRONG_ANSWER,875,1513698575,_coder_,CONTESTANT,PRETESTS,2,15,1843200
902,A,33417705,C++14 (GCC 6-32),WRONG_ANSWER,1068,1513698768,_coder_,CONTESTANT,PRETESTS,5,15,1843200
902,A,33418087,C++14 (GCC 6-32),WRONG_ANSWER,1130,1513698830,_coder_,CONTESTANT,PRETESTS,2,15,1843200
902,A,33418970,C++14 (GCC 6-32),WRONG_ANSWER,1300,1513699000,_coder_,CONTESTANT,PRETESTS,5,15,1945600
902,A,33419086,C++14 (GCC 6-32),WRONG_ANSWER,1328,1513699028,_coder_,CONTESTANT,PRETESTS,5,15,1945600
902,A,33421998,C++14 (GCC 6-32),CHALLENGED,1992,1513699692,_coder_,CONTESTANT,CHALLENGES,8,15,1945600
902,B,33423793,C++14 (GCC 6-32),OK,2491,1513700191,_coder_,CONTESTANT,TESTS,50,31,2560000
902,A,33414923,C++14 (GCC 6-32),OK,622,1513698333,_decryptor_,CONTESTANT,TESTS,55,15,2048000
902,B,33421427,C++14 (GCC 6-32),OK,1837,1513699548,_decryptor_,CONTESTANT,TESTS,50,15,2662400
902,C,33429400,C++14 (GCC 6-32),WRONG_ANSWER,4428,1513702138,_decryptor_,CONTESTANT,PRETESTS,3,15,2048000
902,C,33430049,C++14 (GCC 6-32),WRONG_ANSWER,4707,1513702417,_decryptor_,CONTESTANT,PRETESTS,4,15,2048000
902,C,33431570,C++14 (GCC 6-32),WRONG_ANSWER,5383,1513703093,_decryptor_,CONTESTANT,PRETESTS,4,0,2048000
902,C,33432253,C++14 (GCC 6-32),WRONG_ANSWER,5730,1513703440,_decryptor_,CONTESTANT,PRETESTS,3,15,2048000
902,A,33416212,GNU C++11,OK,823,1513698523,_deepak_,CONTESTANT,TESTS,55,15,2048000
902,B,33425114,GNU C++11,OK,2866,1513700566,_deepak_,CONTESTANT,TESTS,50,46,2662400
902,C,33429764,GNU C++11,WRONG_ANSWER,4598,1513702298,_deepak_,CONTESTANT,PRETESTS,1,15,2048000
902,C,33431230,GNU C++11,OK,5230,1513702930,_deepak_,CONTESTANT,TESTS,45,327,2457600
902,A,33414630,C++14 (GCC 6-32),WRONG_ANSWER,587,1513698287,_def1ne,CONTESTANT,PRETESTS,2,0,1843200
902,A,33416948,C++14 (GCC 6-32),WRONG_ANSWER,936,1513698636,_def1ne,CONTESTANT,PRETESTS,5,15,1945600
902,A,33417307,C++14 (GCC 6-32),WRONG_ANSWER,999,1513698699,_def1ne,CONTESTANT,PRETESTS,5,15,1945600
902,A,33418483,C++14 (GCC 6-32),WRONG_ANSWER,1200,1513698900,_def1ne,CONTESTANT,PRETESTS,2,15,1945600
902,A,33420328,C++14 (GCC 6-32),WRONG_ANSWER,1582,1513699282,_def1ne,CONTESTANT,PRETESTS,5,15,1945600
902,A,33416395,GNU C++11,CHALLENGED,849,1513698549,_doubleclick,CONTESTANT,CHALLENGES,8,15,2048000
902,B,33423685,GNU C++11,OK,2458,1513700158,_doubleclick,CONTESTANT,TESTS,50,15,2560000
902,A,33413834,GNU C++11,OK,460,1513698160,_iconer_,CONTESTANT,TESTS,55,15,2048000
902,B,33421011,GNU C++11,OK,1748,1513699448,_iconer_,CONTESTANT,TESTS,50,31,2662400
902,C,33428976,GNU C++11,WRONG_ANSWER,4268,1513701968,_iconer_,CONTESTANT,PRETESTS,3,15,2457600
902,C,33429488,GNU C++11,WRONG_ANSWER,4480,1513702180,_iconer_,CONTESTANT,PRETESTS,3,15,2457600
902,C,33431904,GNU C++11,WRONG_ANSWER,5571,1513703271,_iconer_,CONTESTANT,PRETESTS,3,15,2457600
902,C,33432316,GNU C++11,WRONG_ANSWER,5771,1513703471,_iconer_,CONTESTANT,PRETESTS,3,15,2457600
902,C,33432584,GNU C++11,COMPILATION_ERROR,5913,1513703613,_iconer_,CONTESTANT,PRETESTS,0,0,0
902,C,33432651,GNU C++11,WRONG_ANSWER,5943,1513703643,_iconer_,CONTESTANT,PRETESTS,3,15,2457600
902,C,33434565,GNU C++11,WRONG_ANSWER,6829,1513704529,_iconer_,CONTESTANT,PRETESTS,3,15,2457600
902,C,33435038,GNU C++11,WRONG_ANSWER,7017,1513704717,_iconer_,CONTESTANT,PRETESTS,3,15,2457600
902,A,33418708,GNU C++11,WRONG_ANSWER,1244,1513698944,_ifg,CONTESTANT,PRETESTS,4,15,2048000
902,A,33422819,GNU C++11,WRONG_ANSWER,2214,1513699914,_ifg,CONTESTANT,PRETESTS,4,15,2048000
902,A,33424776,GNU C++11,WRONG_ANSWER,2766,1513700466,_ifg,CONTESTANT,PRETESTS,4,15,2048000
902,A,33427220,GNU C++11,WRONG_ANSWER,3591,1513701291,_ifg,CONTESTANT,PRETESTS,2,15,2048000
902,A,33428814,GNU C++11,OK,4204,1513701904,_ifg,CONTESTANT,TESTS,55,15,2048000
902,B,33432551,GNU C++11,WRONG_ANSWER,5895,1513703595,_ifg,CONTESTANT,PRETESTS,2,0,2048000
902,B,33434635,GNU C++11,OK,6859,1513704559,_ifg,CONTESTANT,TESTS,50,218,2457600
902,A,33432917,GNU C++11,WRONG_ANSWER,6064,1513703774,_index,CONTESTANT,PRETESTS,0,15,2048000
902,B,33433001,GNU C++11,WRONG_ANSWER,6101,1513703811,_index,CONTESTANT,PRETESTS,0,15,2048000
902,A,33416829,GNU C++11,WRONG_ANSWER,919,1513698619,_khavin,CONTESTANT,PRETESTS,5,15,2048000
902,A,33418751,GNU C++11,WRONG_ANSWER,1252,1513698952,_khavin,CONTESTANT,PRETESTS,5,15,2048000
902,A,33421690,GNU C++11,WRONG_ANSWER,1912,1513699612,_khavin,CONTESTANT,PRETESTS,3,15,2048000
902,A,33422993,GNU C++11,OK,2256,1513699956,_khavin,CONTESTANT,TESTS,55,15,2048000
902,B,33430022,GNU C++11,OK,4706,1513702406,_khavin,CONTESTANT,TESTS,50,46,2457600
902,A,33421944,Python 3,WRONG_ANSWER,1979,1513699679,_kkhd,CONTESTANT,PRETESTS,2,62,5529600
902,A,33412945,GNU C++11,WRONG_ANSWER,297,1513697997,_nEro_,CONTESTANT,PRETESTS,1,0,2867200
902,A,33415803,GNU C++11,OK,765,1513698465,_nEro_,CONTESTANT,TESTS,55,30,2048000
902,B,33422832,GNU C++11,OK,2218,1513699918,_nEro_,CONTESTANT,TESTS,50,31,12390400
902,A,33413034,C++14 (GCC 6-32),OK,316,1513698016,_no0B,CONTESTANT,TESTS,55,15,1843200
902,B,33419325,C++14 (GCC 6-32),OK,1371,1513699071,_no0B,CONTESTANT,TESTS,50,15,2560000
902,C,33425369,C++14 (GCC 6-32),WRONG_ANSWER,2949,1513700649,_no0B,CONTESTANT,PRETESTS,1,15,2662400
902,C,33425550,C++14 (GCC 6-32),WRONG_ANSWER,3008,1513700708,_no0B,CONTESTANT,PRETESTS,3,15,2662400
902,C,33427234,C++14 (GCC 6-32),WRONG_ANSWER,3597,1513701297,_no0B,CONTESTANT,PRETESTS,4,0,2662400
902,C,33428362,C++14 (GCC 6-32),OK,4014,1513701714,_no0B,CONTESTANT,TESTS,45,93,2662400
902,A,33415030,GNU C++11,WRONG_ANSWER,640,1513698351,_nova_,CONTESTANT,TESTS,11,15,2150400
902,B,33420033,GNU C++11,OK,1509,1513699220,_nova_,CONTESTANT,TESTS,50,218,2560000
902,C,33425330,GNU C++11,WRONG_ANSWER,2925,1513700636,_nova_,CONTESTANT,PRETESTS,1,0,2048000
902,C,33429415,GNU C++11,OK,4437,1513702148,_nova_,CONTESTANT,TESTS,45,233,4812800
902,D,33431907,GNU C++11,WRONG_ANSWER,5563,1513703273,_nova_,CONTESTANT,PRETESTS,2,15,2048000
902,A,33425152,Python 3,WRONG_ANSWER,2877,1513700577,_oblivion_,CONTESTANT,TESTS,11,61,5529600
902,A,33413678,C++14 (GCC 6-32),WRONG_ANSWER,434,1513698134,_ronin,CONTESTANT,PRETESTS,2,15,1945600
902,A,33418034,C++14 (GCC 6-32),OK,1122,1513698822,_ronin,CONTESTANT,TESTS,55,15,1945600
902,B,33421480,C++14 (GCC 6-32),OK,1864,1513699564,_ronin,CONTESTANT,TESTS,50,46,2867200
902,C,33428163,C++14 (GCC 6-32),OK,3941,1513701641,_ronin,CONTESTANT,TESTS,45,171,9113600
902,A,33415196,C++14 (GCC 6-32),OK,676,1513698376,_shanky,CONTESTANT,TESTS,55,15,1945600
902,B,33419601,C++14 (GCC 6-32),OK,1431,1513699131,_shanky,CONTESTANT,TESTS,50,30,2764800
902,C,33427136,C++14 (GCC 6-32),OK,3556,1513701256,_shanky,CONTESTANT,TESTS,45,109,5939200
902,D,33435614,C++14 (GCC 6-32),WRONG_ANSWER,7186,1513704886,_shanky,CONTESTANT,PRETESTS,3,15,5120000
902,A,33421661,Java 8,WRONG_ANSWER,1905,1513699605,_whatever,CONTESTANT,PRETESTS,2,109,20684800
902,A,33423791,Java 8,WRONG_ANSWER,2490,1513700190,_whatever,CONTESTANT,PRETESTS,0,108,20582400
902,A,33424171,Java 8,WRONG_ANSWER,2590,1513700290,_whatever,CONTESTANT,PRETESTS,2,124,20582400
902,A,33429482,Java 8,RUNTIME_ERROR,4478,1513702178,_whatever,CONTESTANT,PRETESTS,3,108,20582400
902,A,33431830,Java 8,SKIPPED,5534,1513703234,_whatever,CONTESTANT,PRETESTS,8,109,20684800
902,A,33432202,Java 8,WRONG_ANSWER,5712,1513703412,_whatever,CONTESTANT,TESTS,41,124,20684800
902,A,33415398,C++14 (GCC 6-32),OK,706,1513698406,_xenon,CONTESTANT,TESTS,55,15,2048000
902,B,33421064,C++14 (GCC 6-32),OK,1761,1513699461,_xenon,CONTESTANT,TESTS,50,31,4710400
902,C,33429708,C++14 (GCC 6-32),OK,4576,1513702276,_xenon,CONTESTANT,TESTS,45,140,2252800
902,A,33416509,GNU C++,WRONG_ANSWER,869,1513698569,_you_tee_,CONTESTANT,PRETESTS,2,0,2048000
902,A,33419723,GNU C++,WRONG_ANSWER,1452,1513699152,_you_tee_,CONTESTANT,PRETESTS,4,15,2048000
902,A,33431957,GNU C++,WRONG_ANSWER,5593,1513703293,_you_tee_,CONTESTANT,PRETESTS,4,15,2048000
902,B,33432186,GNU C++,OK,5704,1513703404,_you_tee_,CONTESTANT,TESTS,50,46,2457600
902,A,33434778,GNU C++,OK,6921,1513704621,_you_tee_,CONTESTANT,TESTS,55,31,2048000
902,A,33419834,GNU C++,CHALLENGED,1474,1513699174,a.a.a,CONTESTANT,CHALLENGES,8,15,2048000
902,B,33423212,GNU C++,OK,2325,1513700025,a.a.a,CONTESTANT,TESTS,50,46,2560000
902,A,33415601,Java 8,WRONG_ANSWER,733,1513698433,a.j120562,CONTESTANT,TESTS,11,155,20992000
902,A,33427416,GNU C++11,OK,3663,1513701363,a593510703,CONTESTANT,TESTS,55,15,1843200
902,A,33415740,C++14 (GCC 6-32),WRONG_ANSWER,755,1513698455,a_d_i,CONTESTANT,PRETESTS,4,15,1945600
902,A,33417139,C++14 (GCC 6-32),WRONG_ANSWER,971,1513698671,a_d_i,CONTESTANT,PRETESTS,2,15,1945600
902,A,33419185,C++14 (GCC 6-32),WRONG_ANSWER,1348,1513699048,a_d_i,CONTESTANT,PRETESTS,2,15,1945600
902,B,33424985,C++14 (GCC 6-32),OK,2824,1513700524,a_d_i,CONTESTANT,TESTS,50,15,2457600
902,A,33425771,C++14 (GCC 6-32),WRONG_ANSWER,3080,1513700780,a_d_i,CONTESTANT,PRETESTS,4,15,1945600
902,A,33426521,C++14 (GCC 6-32),WRONG_ANSWER,3331,1513701031,a_d_i,CONTESTANT,TESTS,16,15,1945600
902,A,33413915,C++14 (GCC 6-32),CHALLENGED,473,1513698173,a_kk,CONTESTANT,CHALLENGES,8,15,1945600
902,B,33419993,C++14 (GCC 6-32),OK,1510,1513699210,a_kk,CONTESTANT,TESTS,50,15,9932800
902,A,33424474,C++14 (GCC 6-32),OK,2681,1513700381,a_kk,CONTESTANT,TESTS,55,15,1945600
902,C,33431769,C++14 (GCC 6-32),WRONG_ANSWER,5499,1513703199,a_kk,CONTESTANT,PRETESTS,1,15,9932800
902,C,33432599,C++14 (GCC 6-32),WRONG_ANSWER,5918,1513703618,a_kk,CONTESTANT,PRETESTS,1,15,9932800
902,C,33433753,C++14 (GCC 6-32),WRONG_ANSWER,6450,1513704150,a_kk,CONTESTANT,PRETESTS,3,15,9932800
902,C,33435344,C++14 (GCC 6-32),WRONG_ANSWER,7118,1513704818,a_kk,CONTESTANT,PRETESTS,3,15,9932800
902,A,33416246,GNU C++11,WRONG_ANSWER,828,1513698528,a_pramanik,CONTESTANT,PRETESTS,2,15,2048000
902,A,33419775,GNU C++11,WRONG_ANSWER,1461,1513699161,a_pramanik,CONTESTANT,PRETESTS,2,15,2048000
902,A,33423172,GNU C++11,WRONG_ANSWER,2314,1513700014,a_pramanik,CONTESTANT,PRETESTS,2,0,2048000
902,A,33427972,GNU C++11,WRONG_ANSWER,3864,1513701564,a_pramanik,CONTESTANT,PRETESTS,3,15,2048000
902,A,33428261,GNU C++11,WRONG_ANSWER,3978,1513701678,a_pramanik,CONTESTANT,PRETESTS,2,15,2048000
902,A,33428420,GNU C++11,WRONG_ANSWER,4042,1513701742,a_pramanik,CONTESTANT,PRETESTS,2,0,2048000
902,A,33429355,GNU C++11,WRONG_ANSWER,4419,1513702119,a_pramanik,CONTESTANT,PRETESTS,3,15,2048000
902,A,33429907,GNU C++11,CHALLENGED,4651,1513702351,a_pramanik,CONTESTANT,CHALLENGES,8,15,2048000
902,A,33422734,GNU C++11,WRONG_ANSWER,2191,1513699891,a_s1,CONTESTANT,PRETESTS,2,0,2048000
902,B,33422855,GNU C++11,WRONG_ANSWER,2224,1513699924,a_s1,CONTESTANT,PRETESTS,9,31,2355200
902,A,33424023,GNU C++11,WRONG_ANSWER,2552,1513700252,a_s1,CONTESTANT,PRETESTS,2,15,2048000
902,A,33424225,GNU C++11,WRONG_ANSWER,2601,1513700301,a_s1,CONTESTANT,PRETESTS,2,0,2048000
902,A,33425891,GNU C++11,WRONG_ANSWER,3117,1513700817,a_s1,CONTESTANT,PRETESTS,3,15,2048000
902,A,33426515,GNU C++11,WRONG_ANSWER,3330,1513701030,a_s1,CONTESTANT,PRETESTS,3,0,2048000
902,A,33428364,GNU C++11,WRONG_ANSWER,4015,1513701715,a_s1,CONTESTANT,PRETESTS,3,15,2048000
902,A,33430268,GNU C++11,WRONG_ANSWER,4806,1513702506,a_s1,CONTESTANT,PRETESTS,0,15,2252800
902,A,33430305,GNU C++11,WRONG_ANSWER,4823,1513702523,a_s1,CONTESTANT,TESTS,16,15,2048000
902,A,33419339,GNU C++11,WRONG_ANSWER,1373,1513699073,aabccd021,CONTESTANT,PRETESTS,2,15,2048000
902,A,33422212,GNU C++11,OK,2029,1513699739,aabccd021,CONTESTANT,TESTS,55,15,2048000
902,A,33421959,C++14 (GCC 6-32),OK,1982,1513699682,aadil3010,CONTESTANT,TESTS,55,15,1945600
902,A,33416196,C++14 (GCC 6-32),WRONG_ANSWER,821,1513698521,aakarsh2126,CONTESTANT,PRETESTS,2,15,1945600
902,A,33417340,C++14 (GCC 6-32),WRONG_ANSWER,1005,1513698705,aakarsh2126,CONTESTANT,PRETESTS,2,0,1843200
902,A,33421286,C++14 (GCC 6-32),WRONG_ANSWER,1815,1513699515,aakarsh2126,CONTESTANT,PRETESTS,2,15,1843200
902,A,33422617,C++14 (GCC 6-32),WRONG_ANSWER,2158,1513699858,aakarsh2126,CONTESTANT,PRETESTS,1,15,1843200
902,A,33424485,C++14 (GCC 6-32),WRONG_ANSWER,2684,1513700384,aakarsh2126,CONTESTANT,PRETESTS,3,15,1843200
902,A,33427758,C++14 (GCC 6-32),WRONG_ANSWER,3790,1513701490,aakarsh2126,CONTESTANT,PRETESTS,3,15,1945600
902,A,33428701,C++14 (GCC 6-32),WRONG_ANSWER,4162,1513701862,aakarsh2126,CONTESTANT,PRETESTS,2,15,1843200
902,A,33430704,C++14 (GCC 6-32),WRONG_ANSWER,4997,1513702697,aakarsh2126,CONTESTANT,PRETESTS,2,0,1843200
902,A,33431119,C++14 (GCC 6-32),WRONG_ANSWER,5171,1513702871,aakarsh2126,CONTESTANT,PRETESTS,2,15,1945600
902,A,33419618,C++14 (GCC 6-32),OK,1423,1513699134,aakashsinha,CONTESTANT,TESTS,55,15,1945600
902,B,33421331,C++14 (GCC 6-32),OK,1815,1513699525,aakashsinha,CONTESTANT,TESTS,50,31,2048000
902,C,33427217,C++14 (GCC 6-32),OK,3579,1513701290,aakashsinha,CONTESTANT,TESTS,45,171,2662400
902,A,33416802,C++14 (GCC 6-32),OK,915,1513698615,aashifkhanate,CONTESTANT,TESTS,55,15,1945600
902,B,33423159,C++14 (GCC 6-32),OK,2312,1513700012,aashifkhanate,CONTESTANT,TESTS,50,31,2560000
902,C,33434756,C++14 (GCC 6-32),TIME_LIMIT_EXCEEDED,6902,1513704613,aashifkhanate,CONTESTANT,TESTS,13,2000,16281600
902,A,33412916,GNU C++,OK,288,1513697988,aayush13,CONTESTANT,TESTS,55,15,2048000
902,B,33415084,GNU C++,OK,658,1513698358,aayush13,CONTESTANT,TESTS,50,46,2150400
902,C,33421851,GNU C++,WRONG_ANSWER,1953,1513699653,aayush13,CONTESTANT,PRETESTS,4,15,2048000
902,C,33423334,GNU C++,WRONG_ANSWER,2360,1513700060,aayush13,CONTESTANT,PRETESTS,1,15,2048000
902,C,33423615,GNU C++,WRONG_ANSWER,2434,1513700134,aayush13,CONTESTANT,PRETESTS,6,15,2048000
902,C,33424362,GNU C++,OK,2641,1513700341,aayush13,CONTESTANT,TESTS,45,327,2457600
902,D,33434461,GNU C++,WRONG_ANSWER,6784,1513704484,aayush13,CONTESTANT,PRETESTS,1,0,2048000
902,A,33415919,GNU C++11,CHALLENGED,779,1513698479,aayush97,CONTESTANT,CHALLENGES,8,15,2048000
902,B,33421717,GNU C++11,OK,1919,1513699619,aayush97,CONTESTANT,TESTS,50,46,2150400
902,C,33428270,GNU C++11,WRONG_ANSWER,3981,1513701681,aayush97,CONTESTANT,PRETESTS,3,15,2867200
902,C,33428594,GNU C++11,WRONG_ANSWER,4113,1513701813,aayush97,CONTESTANT,PRETESTS,3,15,2867200
902,C,33429839,GNU C++11,WRONG_ANSWER,4628,1513702328,aayush97,CONTESTANT,PRETESTS,4,15,2867200
902,C,33430933,GNU C++11,OK,5084,1513702784,aayush97,CONTESTANT,TESTS,45,358,5836800
902,A,33433489,GNU C++11,WRONG_ANSWER,6329,1513704029,aayush97,CONTESTANT,CHALLENGES,0,15,2048000
902,A,33435516,GNU C++11,WRONG_ANSWER,7167,1513704867,aayush97,CONTESTANT,PRETESTS,2,15,2048000
902,A,33413597,Python 2,WRONG_ANSWER,421,1513698121,aayush_141,CONTESTANT,PRETESTS,0,46,4608000
902,A,33414030,Python 2,OK,493,1513698193,aayush_141,CONTESTANT,TESTS,55,62,4710400
902,B,33417822,C++14 (GCC 6-32),OK,1087,1513698787,aayush_141,CONTESTANT,TESTS,50,31,2457600
902,C,33429075,C++14 (GCC 6-32),WRONG_ANSWER,4307,1513702007,aayush_141,CONTESTANT,TESTS,37,77,5427200
902,D,33433030,Python 2,WRONG_ANSWER,6124,1513703824,aayush_141,CONTESTANT,PRETESTS,3,46,4608000
902,A,33420886,GNU C++11,WRONG_ANSWER,1716,1513699416,aayushmeghwani,CONTESTANT,PRETESTS,3,15,2048000
902,A,33423902,GNU C++11,WRONG_ANSWER,2519,1513700219,aayushmeghwani,CONTESTANT,PRETESTS,3,15,2048000
902,A,33424882,GNU C++11,OK,2793,1513700493,aayushmeghwani,CONTESTANT,TESTS,55,15,2048000
902,A,33418665,GNU C++,OK,1235,1513698935,ab123321,CONTESTANT,TESTS,55,31,2048000
902,A,33415668,C++14 (GCC 6-32),OK,733,1513698443,ab47,CONTESTANT,TESTS,55,15,1945600
902,B,33421725,C++14 (GCC 6-32),OK,1910,1513699621,ab47,CONTESTANT,TESTS,50,15,2560000
902,C,33433250,C++14 (GCC 6-32),WRONG_ANSWER,6217,1513703928,ab47,CONTESTANT,PRETESTS,1,15,6758400
902,C,33433464,C++14 (GCC 6-32),WRONG_ANSWER,6308,1513704018,ab47,CONTESTANT,PRETESTS,3,15,6656000
902,C,33434028,C++14 (GCC 6-32),OK,6584,1513704295,ab47,CONTESTANT,TESTS,45,93,8908800
902,A,33413416,C++14 (GCC 6-32),OK,389,1513698089,ab_hi_shek,CONTESTANT,TESTS,55,30,1945600
902,B,33424567,C++14 (GCC 6-32),OK,2705,1513700405,ab_hi_shek,CONTESTANT,TESTS,50,30,3584000
902,A,33420701,C++14 (GCC 6-32),WRONG_ANSWER,1672,1513699372,abanob.ashraf,CONTESTANT,PRETESTS,4,15,1945600
902,A,33423775,C++14 (GCC 6-32),OK,2486,1513700186,abanob.ashraf,CONTESTANT,TESTS,55,15,1945600
902,B,33428928,C++14 (GCC 6-32),OK,4248,1513701948,abanob.ashraf,CONTESTANT,TESTS,50,46,2560000
902,A,33415200,C++14 (GCC 6-32),WRONG_ANSWER,677,1513698377,abcd156555,CONTESTANT,PRETESTS,5,15,2048000
902,A,33418894,C++14 (GCC 6-32),WRONG_ANSWER,1284,1513698984,abcd156555,CONTESTANT,PRETESTS,2,0,1843200
902,A,33420225,C++14 (GCC 6-32),WRONG_ANSWER,1562,1513699262,abcd156555,CONTESTANT,PRETESTS,5,15,2048000
902,A,33424009,C++14 (GCC 6-32),CHALLENGED,2548,1513700248,abcd156555,CONTESTANT,CHALLENGES,8,15,2048000
902,B,33428623,C++14 (GCC 6-32),OK,4126,1513701826,abcd156555,CONTESTANT,TESTS,50,31,2457600
902,A,33419224,Java 8,CHALLENGED,1345,1513699055,abdallah.omar.gazaly,CONTESTANT,CHALLENGES,8,140,20992000
902,A,33419444,GNU C++11,WRONG_ANSWER,1396,1513699096,abdallah_naguib,CONTESTANT,PRETESTS,2,15,2048000
902,A,33422528,GNU C++11,OK,2134,1513699834,abdallah_naguib,CONTESTANT,TESTS,55,15,2048000
902,A,33425413,GNU C++11,OK,2965,1513700666,abdykapar,CONTESTANT,TESTS,55,30,2150400
902,B,33435184,GNU C++11,OK,7065,1513704765,abdykapar,CONTESTANT,TESTS,50,46,4096000
902,A,33414767,C++14 (GCC 6-32),OK,606,1513698306,abhadage,CONTESTANT,TESTS,55,30,1945600
902,A,33418081,C++14 (GCC 6-32),WRONG_ANSWER,1128,1513698828,abhi.nitm1234,CONTESTANT,PRETESTS,2,15,1843200
902,A,33421152,C++14 (GCC 6-32),TIME_LIMIT_EXCEEDED,1782,1513699482,abhi.nitm1234,CONTESTANT,PRETESTS,7,1000,2048000
902,A,33422899,C++14 (GCC 6-32),TIME_LIMIT_EXCEEDED,2234,1513699934,abhi.nitm1234,CONTESTANT,PRETESTS,7,1000,2048000
902,A,33425287,C++14 (GCC 6-32),OK,2922,1513700622,abhi.nitm1234,CONTESTANT,TESTS,55,15,1945600
902,B,33425521,C++14 (GCC 6-32),COMPILATION_ERROR,2998,1513700698,abhi.nitm1234,CONTESTANT,PRETESTS,0,0,0
902,B,33425736,C++14 (GCC 6-32),OK,3067,1513700767,abhi.nitm1234,CONTESTANT,TESTS,50,30,2764800
902,C,33430144,C++14 (GCC 6-32),COMPILATION_ERROR,4762,1513702462,abhi.nitm1234,CONTESTANT,PRETESTS,0,0,0
902,C,33430546,C++14 (GCC 6-32),OK,4922,1513702622,abhi.nitm1234,CONTESTANT,TESTS,45,124,2867200
902,A,33413291,GNU C++,WRONG_ANSWER,366,1513698066,abhi23coder,CONTESTANT,PRETESTS,2,15,2048000
902,A,33413662,GNU C++,WRONG_ANSWER,432,1513698132,abhi23coder,CONTESTANT,PRETESTS,2,15,2048000
902,A,33414682,GNU C++,WRONG_ANSWER,593,1513698293,abhi23coder,CONTESTANT,PRETESTS,2,15,2048000
902,A,33416473,GNU C++,WRONG_ANSWER,863,1513698563,abhi23coder,CONTESTANT,PRETESTS,2,15,2048000
902,A,33417396,GNU C++,WRONG_ANSWER,1014,1513698714,abhi23coder,CONTESTANT,PRETESTS,4,15,2048000
902,A,33419180,GNU C++,WRONG_ANSWER,1336,1513699046,abhi23coder,CONTESTANT,PRETESTS,4,0,2048000
902,B,33424325,GNU C++,WRONG_ANSWER,2631,1513700331,abhi23coder,CONTESTANT,PRETESTS,5,15,2355200
902,B,33428641,GNU C++,OK,4136,1513701836,abhi23coder,CONTESTANT,TESTS,50,234,2662400
902,A,33430895,GNU C++,WRONG_ANSWER,5071,1513702771,abhi23coder,CONTESTANT,PRETESTS,4,15,2048000
902,A,33433612,GNU C++,OK,6388,1513704088,abhi23coder,CONTESTANT,TESTS,55,15,2048000
902,A,33415911,C++14 (GCC 6-32),WRONG_ANSWER,779,1513698479,abhi97,CONTESTANT,PRETESTS,4,0,1945600
902,B,33426866,C++14 (GCC 6-32),WRONG_ANSWER,3458,1513701158,abhi97,CONTESTANT,PRETESTS,9,15,2355200
902,B,33430079,C++14 (GCC 6-32),OK,4735,1513702435,abhi97,CONTESTANT,TESTS,50,46,2560000
902,A,33416349,PyPy 2,TIME_LIMIT_EXCEEDED,843,1513698543,abhigyank,CONTESTANT,PRETESTS,2,1000,26419200
902,A,33417840,PyPy 2,WRONG_ANSWER,1091,1513698791,abhigyank,CONTESTANT,TESTS,46,78,21299200
902,B,33422005,PyPy 2,OK,1994,1513699694,abhigyank,CONTESTANT,TESTS,50,93,24166400
902,C,33429150,PyPy 2,WRONG_ANSWER,4339,1513702039,abhigyank,CONTESTANT,PRETESTS,6,62,21196800
902,C,33431617,PyPy 2,WRONG_ANSWER,5416,1513703116,abhigyank,CONTESTANT,PRETESTS,6,61,21196800
902,A,33423381,C++14 (GCC 6-32),WRONG_ANSWER,2374,1513700074,abhilash_challa,CONTESTANT,PRETESTS,2,15,1843200
902,A,33425133,C++14 (GCC 6-32),WRONG_ANSWER,2870,1513700570,abhilash_challa,CONTESTANT,PRETESTS,2,15,1945600
902,A,33426254,C++14 (GCC 6-32),WRONG_ANSWER,3240,1513700940,abhilash_challa,CONTESTANT,PRETESTS,2,15,1843200
902,A,33426730,C++14 (GCC 6-32),WRONG_ANSWER,3409,1513701109,abhilash_challa,CONTESTANT,PRETESTS,2,15,1843200
902,A,33428448,C++14 (GCC 6-32),WRONG_ANSWER,4052,1513701752,abhilash_challa,CONTESTANT,PRETESTS,0,15,1843200
902,A,33429592,C++14 (GCC 6-32),WRONG_ANSWER,4527,1513702227,abhilash_challa,CONTESTANT,PRETESTS,0,15,1843200
902,A,33430029,C++14 (GCC 6-32),WRONG_ANSWER,4709,1513702409,abhilash_challa,CONTESTANT,PRETESTS,1,15,1843200
902,A,33434478,C++14 (GCC 6-32),WRONG_ANSWER,6795,1513704495,abhilash_challa,CONTESTANT,PRETESTS,2,15,1843200
902,A,33435036,C++14 (GCC 6-32),WRONG_ANSWER,7016,1513704716,abhilash_challa,CONTESTANT,PRETESTS,0,15,1945600
902,A,33431905,C++14 (GCC 6-32),OK,5572,1513703272,abhilashajangid786,CONTESTANT,TESTS,55,15,1945600
902,A,33421195,C++14 (GCC 6-32),WRONG_ANSWER,1792,1513699492,abhinav160294,CONTESTANT,PRETESTS,5,0,1843200
902,A,33423086,C++14 (GCC 6-32),WRONG_ANSWER,2285,1513699985,abhinav160294,CONTESTANT,TESTS,11,15,1843200
902,B,33434055,C++14 (GCC 6-32),OK,6607,1513704307,abhinav160294,CONTESTANT,TESTS,50,31,2457600
902,A,33418556,Java 8,WRONG_ANSWER,1205,1513698915,abhishek125,CONTESTANT,PRETESTS,2,140,20992000
902,A,33420076,Java 8,WRONG_ANSWER,1519,1513699230,abhishek125,CONTESTANT,PRETESTS,2,124,20992000
902,A,33423318,Java 8,WRONG_ANSWER,2346,1513700056,abhishek125,CONTESTANT,PRETESTS,1,124,20992000
902,A,33424915,Java 8,WRONG_ANSWER,2792,1513700503,abhishek125,CONTESTANT,PRETESTS,4,140,20992000
902,A,33427761,Java 8,WRONG_ANSWER,3780,1513701491,abhishek125,CONTESTANT,PRETESTS,3,140,20992000
902,A,33429011,Java 8,WRONG_ANSWER,4272,1513701983,abhishek125,CONTESTANT,PRETESTS,5,155,20992000
902,A,33420944,C++14 (GCC 6-32),OK,1729,1513699429,abhishek7,CONTESTANT,TESTS,55,15,2048000
902,B,33426003,C++14 (GCC 6-32),OK,3151,1513700851,abhishek7,CONTESTANT,TESTS,50,31,2457600
902,A,33415509,C++14 (GCC 6-32),WRONG_ANSWER,723,1513698423,abhishek_2197,CONTESTANT,PRETESTS,2,15,1945600
902,A,33419591,C++14 (GCC 6-32),WRONG_ANSWER,1430,1513699130,abhishek_2197,CONTESTANT,PRETESTS,2,15,1843200
902,A,33423350,C++14 (GCC 6-32),WRONG_ANSWER,2365,1513700065,abhishek_2197,CONTESTANT,PRETESTS,1,15,1843200
902,B,33425233,C++14 (GCC 6-32),OK,2903,1513700603,abhishek_2197,CONTESTANT,TESTS,50,31,3481600
902,A,33426991,C++14 (GCC 6-32),WRONG_ANSWER,3500,1513701200,abhishek_2197,CONTESTANT,PRETESTS,2,15,1843200
902,C,33429047,C++14 (GCC 6-32),OK,4297,1513701997,abhishek_2197,CONTESTANT,TESTS,45,109,2662400
902,A,33431134,C++14 (GCC 6-32),WRONG_ANSWER,5178,1513702878,abhishek_2197,CONTESTANT,TESTS,16,15,1945600
902,A,33416853,C++14 (GCC 6-32),CHALLENGED,923,1513698623,abhishekans21,CONTESTANT,CHALLENGES,8,15,1843200
902,A,33420847,Python 3,WRONG_ANSWER,1699,1513699409,abhishrutk37,CONTESTANT,PRETESTS,2,61,5529600
902,A,33425010,Python 3,WRONG_ANSWER,2821,1513700532,abhishrutk37,CONTESTANT,PRETESTS,2,46,5529600
902,A,33426077,Python 3,WRONG_ANSWER,3170,1513700881,abhishrutk37,CONTESTANT,PRETESTS,2,46,5529600
902,A,33414727,C++14 (GCC 6-32),WRONG_ANSWER,601,1513698301,abhist,CONTESTANT,PRETESTS,2,15,1843200
902,A,33424098,C++14 (GCC 6-32),OK,2570,1513700270,abhist,CONTESTANT,TESTS,55,15,5222400
902,A,33415770,C++14 (GCC 6-32),OK,761,1513698461,abir_075,CONTESTANT,TESTS,55,15,1945600
902,B,33428622,C++14 (GCC 6-32),OK,4126,1513701826,abir_075,CONTESTANT,TESTS,50,233,5529600
902,A,33422154,GNU C++11,WRONG_ANSWER,2027,1513699727,abirdas1048,CONTESTANT,PRETESTS,0,0,2048000
902,A,33424650,GNU C,WRONG_ANSWER,2730,1513700430,abirdas1048,CONTESTANT,PRETESTS,2,15,1843200
902,A,33426471,GNU C,WRONG_ANSWER,3311,1513701011,abirdas1048,CONTESTANT,PRETESTS,2,15,1843200
902,A,33428435,GNU C,WRONG_ANSWER,4047,1513701747,abirdas1048,CONTESTANT,PRETESTS,2,15,1843200
902,A,33417995,Java 8,OK,1116,1513698816,abitlazy10,CONTESTANT,TESTS,55,156,20992000
902,B,33423338,Java 8,OK,2361,1513700061,abitlazy10,CONTESTANT,TESTS,50,233,21094400
902,C,33432656,Java 8,WRONG_ANSWER,5945,1513703645,abitlazy10,CONTESTANT,PRETESTS,1,139,20992000
902,C,33433161,Java 8,WRONG_ANSWER,6189,1513703889,abitlazy10,CONTESTANT,PRETESTS,3,124,20992000
902,C,33433592,Java 8,WRONG_ANSWER,6378,1513704078,abitlazy10,CONTESTANT,PRETESTS,3,139,20992000
902,A,33413505,C++14 (GCC 6-32),WRONG_ANSWER,405,1513698105,abozzorov,CONTESTANT,PRETESTS,2,0,1945600
902,A,33415310,C++14 (GCC 6-32),WRONG_ANSWER,693,1513698393,abozzorov,CONTESTANT,PRETESTS,2,15,1945600
902,A,33416771,C++14 (GCC 6-32),WRONG_ANSWER,911,1513698611,abozzorov,CONTESTANT,PRETESTS,4,15,1945600
902,A,33418377,C++14 (GCC 6-32),WRONG_ANSWER,1181,1513698881,abozzorov,CONTESTANT,PRETESTS,2,0,1945600
902,A,33419112,C++14 (GCC 6-32),WRONG_ANSWER,1335,1513699035,abozzorov,CONTESTANT,PRETESTS,2,15,1945600
902,A,33422052,C++14 (GCC 6-32),WRONG_ANSWER,2004,1513699704,abozzorov,CONTESTANT,PRETESTS,2,0,1945600
902,A,33422472,C++14 (GCC 6-32),WRONG_ANSWER,2119,1513699819,abozzorov,CONTESTANT,PRETESTS,4,15,1945600
902,A,33422638,C++14 (GCC 6-32),SKIPPED,2165,1513699865,abozzorov,CONTESTANT,PRETESTS,8,15,2048000
902,A,33422886,C++14 (GCC 6-32),COMPILATION_ERROR,2230,1513699930,abozzorov,CONTESTANT,PRETESTS,0,0,0
902,A,33423029,C++14 (GCC 6-32),OK,2269,1513699969,abozzorov,CONTESTANT,TESTS,55,15,2048000
902,B,33425660,C++14 (GCC 6-32),OK,3040,1513700740,abozzorov,CONTESTANT,TESTS,50,30,2764800
902,A,33417722,GNU C++11,TIME_LIMIT_EXCEEDED,1071,1513698771,aburifat,CONTESTANT,PRETESTS,0,1000,11980800
902,A,33418200,GNU C++11,RUNTIME_ERROR,1150,1513698850,aburifat,CONTESTANT,TESTS,15,15,2048000
902,A,33414651,C++14 (GCC 6-32),WRONG_ANSWER,590,1513698290,acIN1go,CONTESTANT,PRETESTS,2,15,1945600
902,A,33417829,C++14 (GCC 6-32),CHALLENGED,1089,1513698789,acIN1go,CONTESTANT,CHALLENGES,8,15,1945600
902,B,33433437,C++14 (GCC 6-32),WRONG_ANSWER,6311,1513704011,acIN1go,CONTESTANT,PRETESTS,0,0,2150400
902,B,33433619,C++14 (GCC 6-32),OK,6390,1513704090,acIN1go,CONTESTANT,TESTS,50,265,2764800
902,A,33435434,C++14 (GCC 6-32),WRONG_ANSWER,7147,1513704847,acIN1go,CONTESTANT,PRETESTS,1,0,1945600
902,A,33415272,C++14 (GCC 6-32),OK,688,1513698388,accelmage,CONTESTANT,TESTS,55,15,1945600
902,B,33421524,C++14 (GCC 6-32),OK,1874,1513699574,accelmage,CONTESTANT,TESTS,50,46,2764800
902,C,33427535,C++14 (GCC 6-32),WRONG_ANSWER,3709,1513701409,accelmage,CONTESTANT,PRETESTS,3,15,1843200
902,C,33428536,C++14 (GCC 6-32),OK,4093,1513701793,accelmage,CONTESTANT,TESTS,45,171,2662400
902,A,33412810,GNU C++11,OK,255,1513697955,acdart,CONTESTANT,TESTS,55,15,2048000
902,B,33414611,GNU C++11,OK,584,1513698284,acdart,CONTESTANT,TESTS,50,15,2457600
902,C,33418680,GNU C++11,OK,1237,1513698937,acdart,CONTESTANT,TESTS,45,109,2457600
902,A,33416729,Java 8,COMPILATION_ERROR,893,1513698604,acegikmoqsuwy2000,CONTESTANT,PRETESTS,0,0,0
902,A,33416818,Java 8,COMPILATION_ERROR,907,1513698617,acegikmoqsuwy2000,CONTESTANT,PRETESTS,0,0,0
902,A,33418507,Java 8,RUNTIME_ERROR,1194,1513698905,acegikmoqsuwy2000,CONTESTANT,PRETESTS,1,280,87961600
902,A,33421219,Java 8,COMPILATION_ERROR,1787,1513699498,acegikmoqsuwy2000,CONTESTANT,PRETESTS,0,0,0
902,A,33422502,Java 8,WRONG_ANSWER,2116,1513699826,acegikmoqsuwy2000,CONTESTANT,PRETESTS,2,140,20992000
902,A,33423035,Java 8,WRONG_ANSWER,2261,1513699972,acegikmoqsuwy2000,CONTESTANT,PRETESTS,2,140,20992000
902,A,33423448,Java 8,WRONG_ANSWER,2381,1513700091,acegikmoqsuwy2000,CONTESTANT,PRETESTS,2,155,20992000
902,A,33423800,Java 8,WRONG_ANSWER,2481,1513700192,acegikmoqsuwy2000,CONTESTANT,PRETESTS,6,156,20992000
902,A,33424840,Java 8,WRONG_ANSWER,2772,1513700483,acegikmoqsuwy2000,CONTESTANT,PRETESTS,6,124,20992000
902,A,33425136,Java 8,OK,2861,1513700571,acegikmoqsuwy2000,CONTESTANT,TESTS,55,155,20992000
902,B,33434760,Java 8,TIME_LIMIT_EXCEEDED,6903,1513704614,acegikmoqsuwy2000,CONTESTANT,TESTS,10,1000,20992000
902,C,33422909,C++14 (GCC 6-32),OK,2237,1513699937,achaitanya.sai,CONTESTANT,TESTS,45,78,3481600
902,A,33424272,C++14 (GCC 6-32),OK,2615,1513700315,achaitanya.sai,CONTESTANT,TESTS,55,15,1945600
902,B,33426131,C++14 (GCC 6-32),WRONG_ANSWER,3198,1513700898,achaitanya.sai,CONTESTANT,PRETESTS,9,15,2355200
902,B,33426782,C++14 (GCC 6-32),OK,3427,1513701127,achaitanya.sai,CONTESTANT,TESTS,50,296,2457600
902,D,33434753,C++14 (GCC 6-32),WRONG_ANSWER,6911,1513704611,achaitanya.sai,CONTESTANT,PRETESTS,2,15,1945600
902,A,33418280,GNU C,WRONG_ANSWER,1164,1513698864,achantasowjanya,CONTESTANT,PRETESTS,0,0,1843200
902,A,33420604,GNU C,WRONG_ANSWER,1650,1513699350,achantasowjanya,CONTESTANT,PRETESTS,2,15,1843200
902,A,33420998,GNU C,WRONG_ANSWER,1743,1513699443,achantasowjanya,CONTESTANT,PRETESTS,2,15,1843200
902,A,33422407,GNU C,WRONG_ANSWER,2102,1513699802,achantasowjanya,CONTESTANT,PRETESTS,2,15,1843200
902,A,33424096,GNU C,WRONG_ANSWER,2569,1513700269,achantasowjanya,CONTESTANT,PRETESTS,2,0,1843200
902,A,33424888,GNU C,WRONG_ANSWER,2796,1513700496,achantasowjanya,CONTESTANT,PRETESTS,2,15,1843200
902,A,33426600,GNU C,WRONG_ANSWER,3361,1513701061,achantasowjanya,CONTESTANT,PRETESTS,2,15,1843200
902,A,33427455,GNU C,COMPILATION_ERROR,3677,1513701377,achantasowjanya,CONTESTANT,PRETESTS,0,0,0
902,A,33427691,GNU C,WRONG_ANSWER,3762,1513701462,achantasowjanya,CONTESTANT,PRETESTS,2,0,1843200
902,A,33428889,GNU C,WRONG_ANSWER,4234,1513701934,achantasowjanya,CONTESTANT,PRETESTS,0,0,1843200
902,A,33429332,GNU C,WRONG_ANSWER,4410,1513702110,achantasowjanya,CONTESTANT,PRETESTS,2,15,1843200
902,A,33432570,GNU C,WRONG_ANSWER,5905,1513703605,achantasowjanya,CONTESTANT,PRETESTS,2,15,1843200
902,A,33416617,GNU C++11,OK,885,1513698585,ad_03,CONTESTANT,TESTS,55,15,2048000
902,A,33415486,GNU C++,OK,719,1513698419,adamantium,CONTESTANT,TESTS,55,15,2048000
902,B,33419763,GNU C++,OK,1459,1513699159,adamantium,CONTESTANT,TESTS,50,31,4403200
902,C,33427411,GNU C++,WRONG_ANSWER,3660,1513701360,adamantium,CONTESTANT,PRETESTS,1,15,4096000
902,C,33428120,GNU C++,OK,3924,1513701624,adamantium,CONTESTANT,TESTS,45,109,4096000
902,A,33418042,GNU C++,TIME_LIMIT_EXCEEDED,1124,1513698824,adamya27,CONTESTANT,TESTS,13,1000,2048000
902,B,33425083,GNU C++,OK,2856,1513700556,adamya27,CONTESTANT,TESTS,50,46,2560000
902,A,33419460,Java 8,WRONG_ANSWER,1399,1513699099,adarsh.n21,CONTESTANT,PRETESTS,0,139,20992000
902,A,33419956,Java 8,RUNTIME_ERROR,1503,1513699203,adarsh.n21,CONTESTANT,PRETESTS,3,140,20992000
902,A,33423437,Java 8,RUNTIME_ERROR,2386,1513700086,adarsh.n21,CONTESTANT,PRETESTS,3,140,20992000
902,A,33413614,GNU C++11,WRONG_ANSWER,423,1513698123,adbjesus,CONTESTANT,PRETESTS,3,15,2048000
902,A,33417449,GNU C++11,WRONG_ANSWER,1023,1513698723,adbjesus,CONTESTANT,PRETESTS,3,15,2048000
902,A,33419725,GNU C++11,WRONG_ANSWER,1453,1513699153,adbjesus,CONTESTANT,TESTS,16,15,2048000
902,B,33425246,GNU C++11,RUNTIME_ERROR,2909,1513700609,adbjesus,CONTESTANT,PRETESTS,5,15,2252800
902,B,33425378,GNU C++11,OK,2953,1513700653,adbjesus,CONTESTANT,TESTS,50,46,2662400
902,C,33429602,GNU C++11,OK,4532,1513702232,adbjesus,CONTESTANT,TESTS,45,327,2457600
902,D,33434699,GNU C++11,WRONG_ANSWER,6886,1513704586,adbjesus,CONTESTANT,PRETESTS,2,15,2048000
902,A,33419439,GNU C++,WRONG_ANSWER,1396,1513699096,adboss,CONTESTANT,PRETESTS,5,15,2048000
902,A,33422768,GNU C++,WRONG_ANSWER,2202,1513699902,adboss,CONTESTANT,PRETESTS,5,15,2048000
902,A,33425125,GNU C++,WRONG_ANSWER,2868,1513700568,adboss,CONTESTANT,PRETESTS,5,15,2150400
902,A,33426068,GNU C++,WRONG_ANSWER,3177,1513700877,adboss,CONTESTANT,PRETESTS,1,0,2048000
902,A,33426422,GNU C++,WRONG_ANSWER,3296,1513700996,adboss,CONTESTANT,PRETESTS,5,15,2150400
902,A,33428387,GNU C++,WRONG_ANSWER,4027,1513701727,adboss,CONTESTANT,PRETESTS,0,15,2048000
902,A,33428496,GNU C++,WRONG_ANSWER,4074,1513701774,adboss,CONTESTANT,PRETESTS,2,15,2150400
902,A,33431019,GNU C++,OK,5127,1513702827,adboss,CONTESTANT,TESTS,55,15,2048000
902,A,33419584,C++14 (GCC 6-32),WRONG_ANSWER,1428,1513699128,adelmzian,CONTESTANT,PRETESTS,2,15,1843200
902,A,33420915,C++14 (GCC 6-32),WRONG_ANSWER,1722,1513699422,adelmzian,CONTESTANT,PRETESTS,4,0,1945600
902,A,33422068,C++14 (GCC 6-32),WRONG_ANSWER,2006,1513699706,adelmzian,CONTESTANT,PRETESTS,4,15,1843200
902,A,33422951,C++14 (GCC 6-32),WRONG_ANSWER,2247,1513699947,adelmzian,CONTESTANT,PRETESTS,5,15,1843200
902,A,33426633,C++14 (GCC 6-32),WRONG_ANSWER,3379,1513701079,adelmzian,CONTESTANT,PRETESTS,5,15,1945600
902,A,33427052,C++14 (GCC 6-32),WRONG_ANSWER,3527,1513701227,adelmzian,CONTESTANT,PRETESTS,5,15,1945600
902,A,33427565,C++14 (GCC 6-32),WRONG_ANSWER,3718,1513701418,adelmzian,CONTESTANT,PRETESTS,4,15,1843200
902,A,33429638,C++14 (GCC 6-32),TIME_LIMIT_EXCEEDED,4548,1513702248,adelmzian,CONTESTANT,PRETESTS,0,1000,1843200
902,A,33429755,C++14 (GCC 6-32),WRONG_ANSWER,4594,1513702294,adelmzian,CONTESTANT,PRETESTS,5,15,1945600
902,A,33431173,C++14 (GCC 6-32),WRONG_ANSWER,5204,1513702904,adelmzian,CONTESTANT,PRETESTS,4,15,1843200
902,A,33432320,C++14 (GCC 6-32),WRONG_ANSWER,5773,1513703473,adelmzian,CONTESTANT,PRETESTS,5,15,1843200
902,A,33432624,C++14 (GCC 6-32),CHALLENGED,5930,1513703630,adelmzian,CONTESTANT,CHALLENGES,8,15,1843200
902,A,33422901,C++14 (GCC 6-32),WRONG_ANSWER,2234,1513699934,adikul30,CONTESTANT,PRETESTS,1,0,1945600
902,A,33424253,C++14 (GCC 6-32),WRONG_ANSWER,2611,1513700311,adikul30,CONTESTANT,PRETESTS,2,15,1945600
902,A,33426854,C++14 (GCC 6-32),WRONG_ANSWER,3456,1513701156,adikul30,CONTESTANT,PRETESTS,3,15,1945600
902,A,33427097,C++14 (GCC 6-32),WRONG_ANSWER,3543,1513701243,adikul30,CONTESTANT,PRETESTS,4,15,1945600
902,A,33429775,C++14 (GCC 6-32),WRONG_ANSWER,4602,1513702302,adikul30,CONTESTANT,PRETESTS,2,15,1945600
902,A,33429987,C++14 (GCC 6-32),WRONG_ANSWER,4689,1513702389,adikul30,CONTESTANT,PRETESTS,2,15,1945600
902,A,33430735,C++14 (GCC 6-32),WRONG_ANSWER,5007,1513702707,adikul30,CONTESTANT,PRETESTS,2,0,1945600
902,A,33431871,C++14 (GCC 6-32),WRONG_ANSWER,5554,1513703254,adikul30,CONTESTANT,PRETESTS,2,15,1945600
902,A,33432296,C++14 (GCC 6-32),WRONG_ANSWER,5763,1513703463,adikul30,CONTESTANT,PRETESTS,4,15,1945600
902,A,33432612,C++14 (GCC 6-32),WRONG_ANSWER,5925,1513703625,adikul30,CONTESTANT,PRETESTS,4,15,1945600
902,A,33432873,C++14 (GCC 6-32),WRONG_ANSWER,6053,1513703753,adikul30,CONTESTANT,PRETESTS,3,15,1945600
902,A,33433379,C++14 (GCC 6-32),WRONG_ANSWER,6285,1513703985,adikul30,CONTESTANT,PRETESTS,3,15,1843200
902,A,33433453,C++14 (GCC 6-32),WRONG_ANSWER,6315,1513704015,adikul30,CONTESTANT,PRETESTS,4,15,1945600
902,A,33433570,C++14 (GCC 6-32),WRONG_ANSWER,6366,1513704066,adikul30,CONTESTANT,PRETESTS,4,15,1945600
902,A,33433917,C++14 (GCC 6-32),WRONG_ANSWER,6530,1513704230,adikul30,CONTESTANT,PRETESTS,4,15,1945600
902,A,33419630,C++14 (GCC 6-32),WRONG_ANSWER,1435,1513699135,adirizka7,CONTESTANT,PRETESTS,4,15,5939200
902,A,33422082,C++14 (GCC 6-32),OK,2008,1513699708,adirizka7,CONTESTANT,TESTS,55,15,1945600
902,B,33424194,C++14 (GCC 6-32),OK,2595,1513700295,adirizka7,CONTESTANT,TESTS,50,46,2560000
902,A,33420814,C++14 (GCC 6-32),WRONG_ANSWER,1690,1513699401,aditya.ishan27,CONTESTANT,PRETESTS,2,15,1945600
902,A,33423010,C++14 (GCC 6-32),WRONG_ANSWER,2251,1513699962,aditya.ishan27,CONTESTANT,PRETESTS,5,15,1945600
902,A,33423666,C++14 (GCC 6-32),WRONG_ANSWER,2441,1513700151,aditya.ishan27,CONTESTANT,PRETESTS,5,15,1843200
902,A,33424770,C++14 (GCC 6-32),WRONG_ANSWER,2754,1513700465,aditya.ishan27,CONTESTANT,PRETESTS,5,0,1843200
902,A,33430399,C++14 (GCC 6-32),WRONG_ANSWER,4850,1513702560,aditya.ishan27,CONTESTANT,PRETESTS,0,0,1843200
902,A,33432794,C++14 (GCC 6-32),WRONG_ANSWER,5998,1513703709,aditya.ishan27,CONTESTANT,PRETESTS,2,15,1843200
902,A,33433123,C++14 (GCC 6-32),WRONG_ANSWER,6157,1513703868,aditya.ishan27,CONTESTANT,PRETESTS,2,15,1945600
902,A,33434072,C++14 (GCC 6-32),WRONG_ANSWER,6603,1513704313,aditya.ishan27,CONTESTANT,PRETESTS,3,15,1843200
902,A,33416033,C++14 (GCC 6-32),WRONG_ANSWER,796,1513698496,aditya10,CONTESTANT,TESTS,11,15,2048000
902,B,33423877,C++14 (GCC 6-32),OK,2510,1513700210,aditya10,CONTESTANT,TESTS,50,31,4608000
902,C,33433577,C++14 (GCC 6-32),WRONG_ANSWER,6370,1513704070,aditya10,CONTESTANT,PRETESTS,3,15,2662400
902,C,33434289,C++14 (GCC 6-32),WRONG_ANSWER,6711,1513704411,aditya10,CONTESTANT,PRETESTS,3,0,2662400
902,C,33435157,C++14 (GCC 6-32),WRONG_ANSWER,7057,1513704757,aditya10,CONTESTANT,PRETESTS,3,0,2662400
902,A,33419235,C++14 (GCC 6-32),WRONG_ANSWER,1357,1513699058,aditya123garg,CONTESTANT,PRETESTS,2,15,1843200
902,A,33423554,C++14 (GCC 6-32),WRONG_ANSWER,2421,1513700121,aditya123garg,CONTESTANT,PRETESTS,2,0,1843200
902,A,33424766,C++14 (GCC 6-32),WRONG_ANSWER,2763,1513700463,aditya123garg,CONTESTANT,PRETESTS,2,15,1843200
902,A,33425671,C++14 (GCC 6-32),WRONG_ANSWER,3045,1513700745,aditya123garg,CONTESTANT,PRETESTS,2,15,1945600
902,A,33426363,C++14 (GCC 6-32),WRONG_ANSWER,3275,1513700975,aditya123garg,CONTESTANT,PRETESTS,2,15,1843200
902,A,33427020,C++14 (GCC 6-32),WRONG_ANSWER,3512,1513701212,aditya123garg,CONTESTANT,PRETESTS,2,0,1945600
902,A,33416029,Java 8,WRONG_ANSWER,796,1513698496,aditya124578,CONTESTANT,PRETESTS,0,93,20582400
902,A,33416320,Java 8,OK,840,1513698540,aditya124578,CONTESTANT,TESTS,55,139,20684800
902,B,33421511,Java 8,WRONG_ANSWER,1871,1513699571,aditya124578,CONTESTANT,PRETESTS,0,124,20582400
902,B,33421597,Java 8,MEMORY_LIMIT_EXCEEDED,1891,1513699591,aditya124578,CONTESTANT,PRETESTS,0,264,268390400
902,B,33422153,Java 8,MEMORY_LIMIT_EXCEEDED,2027,1513699727,aditya124578,CONTESTANT,PRETESTS,5,233,268390400
902,B,33430787,Java 8,OK,5030,1513702730,aditya124578,CONTESTANT,TESTS,50,202,20787200
902,A,33413524,GNU C++,WRONG_ANSWER,408,1513698108,aditya24.garg,CONTESTANT,TESTS,47,15,2048000
902,B,33422340,GNU C++,OK,2077,1513699777,aditya24.garg,CONTESTANT,TESTS,50,31,2662400
902,C,33430138,GNU C++,WRONG_ANSWER,4757,1513702457,aditya24.garg,CONTESTANT,PRETESTS,1,0,2048000
902,C,33432823,GNU C++,OK,6025,1513703725,aditya24.garg,CONTESTANT,TESTS,45,233,2457600
902,A,33415752,GNU C++,WRONG_ANSWER,757,1513698457,adityakumar3811,CONTESTANT,PRETESTS,2,0,2048000
902,A,33416946,GNU C++,WRONG_ANSWER,936,1513698636,adityakumar3811,CONTESTANT,PRETESTS,2,15,2048000
902,A,33417738,GNU C++,WRONG_ANSWER,1073,1513698773,adityakumar3811,CONTESTANT,PRETESTS,2,15,2048000
902,A,33423777,GNU C++,WRONG_ANSWER,2487,1513700187,adityakumar3811,CONTESTANT,PRETESTS,0,0,2048000
902,A,33424553,GNU C++,OK,2702,1513700402,adityakumar3811,CONTESTANT,TESTS,55,15,2048000
902,B,33433362,GNU C++,OK,6276,1513703976,adityakumar3811,CONTESTANT,TESTS,50,46,2252800
902,A,33418382,C++14 (GCC 6-32),WRONG_ANSWER,1181,1513698881,adityas1297,CONTESTANT,PRETESTS,2,15,1843200
902,A,33418855,C++14 (GCC 6-32),WRONG_ANSWER,1273,1513698973,adityas1297,CONTESTANT,PRETESTS,2,0,1843200
902,A,33421989,C++14 (GCC 6-32),WRONG_ANSWER,1990,1513699690,adityas1297,CONTESTANT,PRETESTS,2,0,1945600
902,A,33425060,C++14 (GCC 6-32),OK,2849,1513700549,adityas1297,CONTESTANT,TESTS,55,31,1945600
902,A,33415562,C++14 (GCC 6-32),MEMORY_LIMIT_EXCEEDED,719,1513698430,adityasingh.1397,CONTESTANT,PRETESTS,0,499,268390400
902,A,33415722,C++14 (GCC 6-32),OK,751,1513698451,adityasingh.1397,CONTESTANT,TESTS,55,30,1945600
902,B,33424575,C++14 (GCC 6-32),OK,2698,1513700408,adityasingh.1397,CONTESTANT,TESTS,50,31,4096000
902,C,33430320,C++14 (GCC 6-32),WRONG_ANSWER,4819,1513702529,adityasingh.1397,CONTESTANT,PRETESTS,4,15,3072000
902,A,33412635,C++14 (GCC 6-32),WRONG_ANSWER,130,1513697830,admarkov,CONTESTANT,PRETESTS,1,15,1843200
902,A,33412768,C++14 (GCC 6-32),WRONG_ANSWER,235,1513697935,admarkov,CONTESTANT,PRETESTS,1,15,1945600
902,A,33413196,C++14 (GCC 6-32),WRONG_ANSWER,347,1513698047,admarkov,CONTESTANT,PRETESTS,1,0,1843200
902,A,33413318,C++14 (GCC 6-32),OK,370,1513698070,admarkov,CONTESTANT,TESTS,55,15,1945600
902,B,33415788,C++14 (GCC 6-32),OK,763,1513698463,admarkov,CONTESTANT,TESTS,50,31,2457600
902,C,33421231,C++14 (GCC 6-32),OK,1799,1513699499,admarkov,CONTESTANT,TESTS,45,140,2662400
902,D,33431153,C++14 (GCC 6-32),WRONG_ANSWER,5192,1513702892,admarkov,CONTESTANT,PRETESTS,2,15,25907200
902,D,33434708,C++14 (GCC 6-32),WRONG_ANSWER,6888,1513704588,admarkov,CONTESTANT,PRETESTS,2,15,25907200
902,A,33428538,GNU C++11,WRONG_ANSWER,4094,1513701794,adred,CONTESTANT,PRETESTS,4,15,2048000
902,A,33420391,C++14 (GCC 6-32),WRONG_ANSWER,1588,1513699299,aegle,CONTESTANT,PRETESTS,2,0,1945600
902,A,33423048,C++14 (GCC 6-32),WRONG_ANSWER,2264,1513699975,aegle,CONTESTANT,PRETESTS,2,15,1843200
902,A,33420295,GNU C11,WRONG_ANSWER,1567,1513699277,afzal_shorif,CONTESTANT,PRETESTS,2,15,2662400
902,A,33421257,GNU C11,WRONG_ANSWER,1797,1513699508,afzal_shorif,CONTESTANT,PRETESTS,2,15,2662400
902,A,33424086,GNU C11,WRONG_ANSWER,2556,1513700266,afzal_shorif,CONTESTANT,PRETESTS,2,15,2662400
902,A,33421877,Java 8,WRONG_ANSWER,1959,1513699659,agavrila,CONTESTANT,PRETESTS,4,140,20992000
902,C,33421430,GNU C++11,SKIPPED,1849,1513699549,aggn,CONTESTANT,PRETESTS,13,15,3072000
902,C,33422392,GNU C++11,WRONG_ANSWER,2097,1513699797,aggn,CONTESTANT,PRETESTS,1,0,13926400
902,B,33422945,GNU C++11,OK,2246,1513699946,aggn,CONTESTANT,TESTS,50,30,2560000
902,A,33423874,GNU C++11,OK,2510,1513700210,aggn,CONTESTANT,TESTS,55,15,1843200
902,C,33424460,GNU C++11,OK,2675,1513700375,aggn,CONTESTANT,TESTS,45,124,13926400
902,A,33418607,GNU C++,OK,1224,1513698924,ags3927,CONTESTANT,TESTS,55,30,2457600
902,A,33425915,Python 3,WRONG_ANSWER,3114,1513700825,agw02010,CONTESTANT,PRETESTS,4,62,5529600
902,A,33429296,Python 3,WRONG_ANSWER,4384,1513702094,agw02010,CONTESTANT,PRETESTS,1,61,5529600
902,A,33429938,Python 3,WRONG_ANSWER,4656,1513702367,agw02010,CONTESTANT,PRETESTS,1,46,5529600
902,A,33431493,Python 3,SKIPPED,5349,1513703059,agw02010,CONTESTANT,PRETESTS,8,62,5529600
902,A,33431898,Python 3,OK,5559,1513703269,agw02010,CONTESTANT,TESTS,55,77,5632000
902,A,33429234,Java 8,OK,4369,1513702069,ahamshubham,CONTESTANT,TESTS,55,156,20992000
902,B,33433172,Java 8,TIME_LIMIT_EXCEEDED,6193,1513703893,ahamshubham,CONTESTANT,PRETESTS,5,1000,168243200
902,B,33434682,Java 8,OK,6877,1513704577,ahamshubham,CONTESTANT,TESTS,50,202,21094400
902,A,33413121,GNU C++11,CHALLENGED,335,1513698035,ahgorzi,CONTESTANT,CHALLENGES,8,15,2048000
902,B,33416507,GNU C++11,OK,869,1513698569,ahgorzi,CONTESTANT,TESTS,50,31,2560000
902,C,33423025,GNU C++11,WRONG_ANSWER,2267,1513699967,ahgorzi,CONTESTANT,PRETESTS,1,0,2457600
902,C,33423299,GNU C++11,OK,2351,1513700051,ahgorzi,CONTESTANT,TESTS,45,233,2457600
902,A,33418269,C++14 (GCC 6-32),WRONG_ANSWER,1163,1513698863,ahmdalgendi,CONTESTANT,PRETESTS,2,0,1945600
902,A,33421304,C++14 (GCC 6-32),CHALLENGED,1821,1513699521,ahmdalgendi,CONTESTANT,CHALLENGES,8,15,1945600
902,A,33432606,C++14 (GCC 6-32),OK,5921,1513703621,ahmdalgendi,CONTESTANT,TESTS,55,15,1945600
902,A,33415355,C++14 (GCC 6-32),WRONG_ANSWER,688,1513698399,ahmed-abd-elrazik,CONTESTANT,PRETESTS,2,15,1843200
902,A,33417582,C++14 (GCC 6-32),WRONG_ANSWER,1036,1513698746,ahmed-abd-elrazik,CONTESTANT,PRETESTS,2,15,1843200
902,A,33420937,C++14 (GCC 6-32),WRONG_ANSWER,1717,1513699428,ahmed-abd-elrazik,CONTESTANT,PRETESTS,2,15,1843200
902,A,33422766,C++14 (GCC 6-32),WRONG_ANSWER,2191,1513699901,ahmed-abd-elrazik,CONTESTANT,PRETESTS,2,15,1843200
902,A,33424227,C++14 (GCC 6-32),WRONG_ANSWER,2592,1513700303,ahmed-abd-elrazik,CONTESTANT,PRETESTS,2,15,1843200
902,A,33425668,C++14 (GCC 6-32),WRONG_ANSWER,3033,1513700744,ahmed-abd-elrazik,CONTESTANT,PRETESTS,2,15,1843200
902,A,33428184,C++14 (GCC 6-32),WRONG_ANSWER,3950,1513701650,ahmed3ejja,CONTESTANT,PRETESTS,4,0,1945600
902,A,33429745,C++14 (GCC 6-32),WRONG_ANSWER,4590,1513702290,ahmed3ejja,CONTESTANT,PRETESTS,2,0,1843200
902,A,33430078,C++14 (GCC 6-32),WRONG_ANSWER,4734,1513702434,ahmed3ejja,CONTESTANT,PRETESTS,2,0,1945600
902,A,33430990,C++14 (GCC 6-32),WRONG_ANSWER,5114,1513702814,ahmed3ejja,CONTESTANT,PRETESTS,4,15,1945600
902,A,33431384,C++14 (GCC 6-32),WRONG_ANSWER,5304,1513703005,ahmed3ejja,CONTESTANT,PRETESTS,2,15,1843200
902,A,33431547,C++14 (GCC 6-32),WRONG_ANSWER,5383,1513703083,ahmed3ejja,CONTESTANT,PRETESTS,0,15,1843200
902,A,33413471,C++14 (GCC 6-32),OK,398,1513698098,ahmedAbuamra,CONTESTANT,TESTS,55,15,1945600
902,B,33419005,C++14 (GCC 6-32),OK,1309,1513699009,ahmedAbuamra,CONTESTANT,TESTS,50,31,2457600
902,C,33431310,C++14 (GCC 6-32),WRONG_ANSWER,5265,1513702965,ahmedAbuamra,CONTESTANT,PRETESTS,1,15,5529600
902,C,33431604,C++14 (GCC 6-32),WRONG_ANSWER,5410,1513703110,ahmedAbuamra,CONTESTANT,PRETESTS,3,15,5529600
902,A,33417346,C++14 (GCC 6-32),WRONG_ANSWER,995,1513698706,ahnaf_2556,CONTESTANT,PRETESTS,1,0,1843200
902,A,33421093,C++14 (GCC 6-32),WRONG_ANSWER,1756,1513699466,ahnaf_2556,CONTESTANT,PRETESTS,1,15,1843200
902,A,33425832,C++14 (GCC 6-32),OK,3088,1513700799,ahnaf_2556,CONTESTANT,TESTS,55,15,2048000
902,B,33430823,C++14 (GCC 6-32),OK,5035,1513702745,ahnaf_2556,CONTESTANT,TESTS,50,218,2457600
902,A,33422099,C++14 (GCC 6-32),OK,2003,1513699713,ahsan_prantik,CONTESTANT,TESTS,55,15,1945600
902,B,33434425,C++14 (GCC 6-32),OK,6756,1513704467,ahsan_prantik,CONTESTANT,TESTS,50,78,2150400
902,A,33422126,C++14 (GCC 6-32),WRONG_ANSWER,2010,1513699720,ahsanul_ameen,CONTESTANT,PRETESTS,2,0,1945600
902,A,33422737,C++14 (GCC 6-32),WRONG_ANSWER,2181,1513699891,ahsanul_ameen,CONTESTANT,PRETESTS,2,0,1843200
902,A,33423981,C++14 (GCC 6-32),WRONG_ANSWER,2531,1513700241,ahsanul_ameen,CONTESTANT,PRETESTS,2,15,1843200
902,A,33414451,C++14 (GCC 6-32),SKIPPED,559,1513698259,aiswarya339,CONTESTANT,PRETESTS,8,15,1945600
902,B,33425553,C++14 (GCC 6-32),OK,3009,1513700709,aiswarya339,CONTESTANT,TESTS,50,46,2662400
902,A,33425886,C++14 (GCC 6-32),WRONG_ANSWER,3114,1513700814,aiswarya339,CONTESTANT,PRETESTS,2,15,1843200
902,A,33426120,C++14 (GCC 6-32),OK,3195,1513700895,aiswarya339,CONTESTANT,TESTS,55,15,1945600
902,A,33416840,GNU C++11,WRONG_ANSWER,921,1513698621,aj1,CONTESTANT,PRETESTS,4,15,2048000
902,A,33417424,GNU C++11,OK,1017,1513698717,aj1,CONTESTANT,TESTS,55,15,2048000
902,B,33427058,GNU C++11,WRONG_ANSWER,3529,1513701229,aj1,CONTESTANT,PRETESTS,9,31,2867200
902,B,33429321,GNU C++11,OK,4405,1513702105,aj1,CONTESTANT,TESTS,50,46,2969600
902,C,33434587,GNU C++11,WRONG_ANSWER,6837,1513704537,aj1,CONTESTANT,PRETESTS,1,0,2048000
902,A,33413690,GNU C++,WRONG_ANSWER,438,1513698138,aj1729,CONTESTANT,PRETESTS,2,15,2048000
902,A,33416579,GNU C++,OK,880,1513698580,aj1729,CONTESTANT,TESTS,55,15,2048000
902,B,33419983,GNU C++,OK,1508,1513699208,aj1729,CONTESTANT,TESTS,50,31,2560000
902,C,33423796,GNU C++,OK,2491,1513700191,aj1729,CONTESTANT,TESTS,45,109,2867200
902,D,33427466,GNU C++,WRONG_ANSWER,3681,1513701381,aj1729,CONTESTANT,PRETESTS,2,15,2048000
902,D,33428888,GNU C++,OK,4234,1513701934,aj1729,CONTESTANT,TESTS,150,30,2048000
902,A,33414171,C++14 (GCC 6-32),OK,514,1513698214,ajecc,CONTESTANT,TESTS,55,15,3276800
902,B,33416624,C++14 (GCC 6-32),OK,886,1513698586,ajecc,CONTESTANT,TESTS,50,30,2560000
902,C,33422632,C++14 (GCC 6-32),OK,2163,1513699863,ajecc,CONTESTANT,TESTS,45,93,4300800
902,A,33412919,C++14 (GCC 6-32),WRONG_ANSWER,289,1513697989,ak532,CONTESTANT,PRETESTS,0,0,2048000
902,A,33412977,C++14 (GCC 6-32),WRONG_ANSWER,304,1513698004,ak532,CONTESTANT,PRETESTS,2,15,1843200
902,A,33414130,C++14 (GCC 6-32),WRONG_ANSWER,508,1513698208,ak532,CONTESTANT,PRETESTS,1,15,1843200
902,A,33415849,C++14 (GCC 6-32),WRONG_ANSWER,771,1513698471,ak532,CONTESTANT,PRETESTS,3,0,1945600
902,B,33418837,C++14 (GCC 6-32),OK,1269,1513698969,ak532,CONTESTANT,TESTS,50,46,2560000
902,C,33423013,C++14 (GCC 6-32),WRONG_ANSWER,2263,1513699963,ak532,CONTESTANT,PRETESTS,1,15,2662400
902,C,33426268,C++14 (GCC 6-32),OK,3245,1513700945,ak532,CONTESTANT,TESTS,45,155,2662400
902,A,33427458,C++14 (GCC 6-32),WRONG_ANSWER,3678,1513701378,ak532,CONTESTANT,PRETESTS,4,15,1945600
902,A,33428962,C++14 (GCC 6-32),OK,4264,1513701964,ak532,CONTESTANT,TESTS,55,15,1945600
902,A,33416375,C++14 (GCC 6-32),WRONG_ANSWER,846,1513698546,ak_02,CONTESTANT,PRETESTS,1,15,3072000
902,A,33420186,C++14 (GCC 6-32),OK,1554,1513699254,ak_02,CONTESTANT,TESTS,55,15,1945600
902,B,33425702,C++14 (GCC 6-32),OK,3058,1513700758,ak_02,CONTESTANT,TESTS,50,46,7168000
902,C,33432042,C++14 (GCC 6-32),WRONG_ANSWER,5634,1513703334,ak_02,CONTESTANT,PRETESTS,0,15,5529600
902,C,33432230,C++14 (GCC 6-32),WRONG_ANSWER,5726,1513703426,ak_02,CONTESTANT,PRETESTS,3,15,5529600
902,C,33434082,C++14 (GCC 6-32),WRONG_ANSWER,6616,1513704316,ak_02,CONTESTANT,PRETESTS,0,0,5529600
902,C,33434189,C++14 (GCC 6-32),WRONG_ANSWER,6668,1513704368,ak_02,CONTESTANT,PRETESTS,3,15,5529600
902,C,33435668,C++14 (GCC 6-32),WRONG_ANSWER,7196,1513704896,ak_02,CONTESTANT,PRETESTS,3,0,5529600
902,A,33420433,C++14 (GCC 6-32),OK,1610,1513699310,aka.Foda,CONTESTANT,TESTS,55,15,2048000
902,B,33426055,C++14 (GCC 6-32),OK,3172,1513700872,aka.Foda,CONTESTANT,TESTS,50,234,2560000
902,C,33435662,C++14 (GCC 6-32),MEMORY_LIMIT_EXCEEDED,7195,1513704895,aka.Foda,CONTESTANT,PRETESTS,1,530,268390400
902,A,33427317,C++14 (GCC 6-32),WRONG_ANSWER,3632,1513701332,akanimesh7,CONTESTANT,PRETESTS,2,15,2048000
902,A,33428391,C++14 (GCC 6-32),WRONG_ANSWER,4028,1513701728,akanimesh7,CONTESTANT,PRETESTS,2,0,1945600
902,A,33428781,C++14 (GCC 6-32),OK,4193,1513701893,akanimesh7,CONTESTANT,TESTS,55,15,1945600
902,A,33426749,GNU C,WRONG_ANSWER,3415,1513701115,akashmandal004,CONTESTANT,PRETESTS,2,15,1843200
902,A,33429188,GNU C,WRONG_ANSWER,4352,1513702052,akashmandal004,CONTESTANT,PRETESTS,2,0,1843200
902,A,33432476,GNU C,WRONG_ANSWER,5852,1513703552,akashmandal004,CONTESTANT,PRETESTS,2,0,1843200
902,A,33414078,GNU C++,WRONG_ANSWER,501,1513698201,akay97,CONTESTANT,PRETESTS,2,15,2048000
902,A,33419141,GNU C++,WRONG_ANSWER,1339,1513699039,akay97,CONTESTANT,PRETESTS,3,15,2048000
902,A,33421657,GNU C++,CHALLENGED,1903,1513699603,akay97,CONTESTANT,CHALLENGES,8,15,2048000
902,A,33425888,GNU C++,WRONG_ANSWER,3115,1513700815,akay97,CONTESTANT,CHALLENGES,0,15,2048000
902,A,33427181,GNU C++,OK,3580,1513701280,akay97,CONTESTANT,TESTS,55,15,2048000
902,A,33414021,C++14 (GCC 6-32),WRONG_ANSWER,491,1513698191,akhil24,CONTESTANT,PRETESTS,3,15,1945600
902,A,33415103,C++14 (GCC 6-32),OK,662,1513698362,akhil24,CONTESTANT,TESTS,55,15,1945600
902,B,33420866,C++14 (GCC 6-32),OK,1713,1513699413,akhil24,CONTESTANT,TESTS,50,46,4403200
902,C,33427215,C++14 (GCC 6-32),OK,3589,1513701289,akhil24,CONTESTANT,TESTS,45,140,4710400
902,D,33433985,C++14 (GCC 6-32),WRONG_ANSWER,6570,1513704270,akhil24,CONTESTANT,PRETESTS,2,15,4710400
902,A,33423945,GNU C,WRONG_ANSWER,2532,1513700232,akhilakamma123,CONTESTANT,PRETESTS,2,15,1843200
902,A,33418260,GNU C++,OK,1162,1513698862,akinonatsuma,CONTESTANT,TESTS,55,15,2048000
902,B,33422727,GNU C++,OK,2189,1513699889,akinonatsuma,CONTESTANT,TESTS,50,15,2252800
902,C,33427797,GNU C++,WRONG_ANSWER,3804,1513701504,akinonatsuma,CONTESTANT,PRETESTS,1,15,2867200
902,C,33428714,GNU C++,WRONG_ANSWER,4165,1513701865,akinonatsuma,CONTESTANT,PRETESTS,1,15,2867200
902,C,33429827,GNU C++,OK,4625,1513702325,akinonatsuma,CONTESTANT,TESTS,45,109,2867200
902,A,33414178,C++14 (GCC 6-32),OK,505,1513698216,akki744,CONTESTANT,TESTS,55,15,1945600
902,B,33419559,C++14 (GCC 6-32),OK,1413,1513699124,akki744,CONTESTANT,TESTS,50,31,2457600
902,C,33425638,C++14 (GCC 6-32),WRONG_ANSWER,3024,1513700734,akki744,CONTESTANT,PRETESTS,3,15,2662400
902,C,33426977,C++14 (GCC 6-32),WRONG_ANSWER,3485,1513701195,akki744,CONTESTANT,PRETESTS,3,15,2662400
902,C,33432270,C++14 (GCC 6-32),OK,5738,1513703449,akki744,CONTESTANT,TESTS,45,155,2662400
902,A,33416143,GNU C++,WRONG_ANSWER,804,1513698514,akkki1111,CONTESTANT,PRETESTS,3,15,2048000
902,A,33418703,GNU C++,WRONG_ANSWER,1233,1513698944,akkki1111,CONTESTANT,PRETESTS,3,15,2048000
902,A,33421140,GNU C++,WRONG_ANSWER,1769,1513699479,akkki1111,CONTESTANT,PRETESTS,4,15,2048000
902,A,33416560,GNU C++11,WRONG_ANSWER,878,1513698578,akmalp,CONTESTANT,PRETESTS,2,0,2048000
902,A,33423949,GNU C++11,WRONG_ANSWER,2532,1513700232,akmalp,CONTESTANT,PRETESTS,2,15,2048000
902,A,33425815,GNU C++11,WRONG_ANSWER,3094,1513700794,akmalp,CONTESTANT,PRETESTS,2,0,2048000
902,A,33428295,GNU C++11,WRONG_ANSWER,3988,1513701688,akmalp,CONTESTANT,PRETESTS,2,0,2048000
902,A,33426878,GNU C,OK,3463,1513701163,akog,CONTESTANT,TESTS,55,15,1843200
902,A,33417376,PyPy 2,WRONG_ANSWER,1011,1513698711,akshay125,CONTESTANT,PRETESTS,2,62,21196800
902,A,33422285,PyPy 2,RUNTIME_ERROR,2060,1513699760,akshay125,CONTESTANT,PRETESTS,2,62,21299200
902,B,33422533,PyPy 2,RUNTIME_ERROR,2134,1513699834,akshay125,CONTESTANT,PRETESTS,0,46,21196800
902,A,33422633,PyPy 2,WRONG_ANSWER,2164,1513699864,akshay125,CONTESTANT,PRETESTS,5,62,21299200
902,A,33427032,PyPy 2,WRONG_ANSWER,3516,1513701216,akshay125,CONTESTANT,PRETESTS,1,62,21196800
902,A,33427232,PyPy 2,WRONG_ANSWER,3596,1513701296,akshay125,CONTESTANT,PRETESTS,2,46,21401600
902,A,33427920,PyPy 2,WRONG_ANSWER,3846,1513701546,akshay125,CONTESTANT,PRETESTS,2,61,21401600
902,A,33428971,PyPy 2,WRONG_ANSWER,4266,1513701966,akshay125,CONTESTANT,TESTS,8,62,21196800
902,B,33431780,PyPy 2,OK,5503,1513703203,akshay125,CONTESTANT,TESTS,50,124,23756800
902,A,33414566,C++14 (GCC 6-32),WRONG_ANSWER,568,1513698278,akshay31057,CONTESTANT,PRETESTS,3,15,1843200
902,A,33417581,C++14 (GCC 6-32),WRONG_ANSWER,1036,1513698746,akshay31057,CONTESTANT,PRETESTS,3,15,1843200
902,A,33422485,C++14 (GCC 6-32),OK,2112,1513699823,akshay31057,CONTESTANT,TESTS,55,15,1945600
902,B,33426787,C++14 (GCC 6-32),OK,3419,1513701130,akshay31057,CONTESTANT,TESTS,50,30,2560000
902,C,33433353,C++14 (GCC 6-32),OK,6263,1513703973,akshay31057,CONTESTANT,TESTS,45,93,3891200
902,A,33416701,C++14 (GCC 6-32),CHALLENGED,899,1513698599,akshaydeepsodhi,CONTESTANT,CHALLENGES,8,15,1945600
902,B,33422397,C++14 (GCC 6-32),OK,2099,1513699799,akshaydeepsodhi,CONTESTANT,TESTS,50,31,2867200
902,C,33434850,C++14 (GCC 6-32),OK,6950,1513704650,akshaydeepsodhi,CONTESTANT,TESTS,45,171,5836800
902,A,33416940,C++14 (GCC 6-32),OK,936,1513698636,akshayvyas,CONTESTANT,TESTS,55,31,1945600
902,B,33434892,C++14 (GCC 6-32),OK,6966,1513704666,akshayvyas,CONTESTANT,TESTS,50,46,2867200
902,A,33415283,GNU C++,OK,689,1513698389,akubbar,CONTESTANT,TESTS,55,15,3174400
902,B,33421943,GNU C++,OK,1978,1513699678,akubbar,CONTESTANT,TESTS,50,46,4812800
902,A,33423715,GNU C++,OK,2467,1513700167,al_____,CONTESTANT,TESTS,55,15,2048000
902,B,33433934,GNU C++,WRONG_ANSWER,6539,1513704239,al_____,CONTESTANT,PRETESTS,2,15,2048000
902,A,33420764,C++14 (GCC 6-32),WRONG_ANSWER,1691,1513699391,alagneB_diK,CONTESTANT,PRETESTS,1,15,1843200
902,A,33426450,Java 8,RUNTIME_ERROR,3294,1513701005,alahann,CONTESTANT,PRETESTS,2,139,21196800
902,A,33428689,Java 8,RUNTIME_ERROR,4145,1513701855,alahann,CONTESTANT,PRETESTS,2,124,21094400
902,B,33433377,C++14 (GCC 6-32),OK,6273,1513703983,alamin16,CONTESTANT,TESTS,50,312,4300800
902,A,33414776,C++14 (GCC 6-32),WRONG_ANSWER,608,1513698308,alamin39,CONTESTANT,PRETESTS,4,15,1945600
902,A,33416747,C++14 (GCC 6-32),WRONG_ANSWER,907,1513698607,alamin39,CONTESTANT,PRETESTS,4,15,1945600
902,A,33419066,C++14 (GCC 6-32),WRONG_ANSWER,1325,1513699025,alamin39,CONTESTANT,PRETESTS,4,15,1945600
902,A,33425274,C++14 (GCC 6-32),WRONG_ANSWER,2917,1513700617,alamin39,CONTESTANT,PRETESTS,4,15,1945600
902,A,33431081,C++14 (GCC 6-32),OK,5156,1513702856,alamin39,CONTESTANT,TESTS,55,15,1945600
902,A,33414924,GNU C++11,OK,622,1513698333,alamin_sust,CONTESTANT,TESTS,55,30,2048000
902,B,33422714,GNU C++11,OK,2174,1513699885,alamin_sust,CONTESTANT,TESTS,50,30,2662400
902,C,33429517,GNU C++11,OK,4483,1513702194,alamin_sust,CONTESTANT,TESTS,45,109,2867200
902,A,33413167,C++14 (GCC 6-32),OK,342,1513698042,alavrov,CONTESTANT,TESTS,55,15,1945600
902,B,33417144,C++14 (GCC 6-32),OK,971,1513698671,alavrov,CONTESTANT,TESTS,50,15,2560000
902,C,33424959,C++14 (GCC 6-32),OK,2817,1513700517,alavrov,CONTESTANT,TESTS,45,109,2355200
902,D,33435507,C++14 (GCC 6-32),WRONG_ANSWER,7165,1513704865,alavrov,CONTESTANT,PRETESTS,2,0,1945600
902,A,33412997,GNU C++11,OK,308,1513698008,albeXL,CONTESTANT,TESTS,55,15,2048000
902,B,33418075,GNU C++11,OK,1128,1513698828,albeXL,CONTESTANT,TESTS,50,30,2457600
902,C,33423765,GNU C++11,WRONG_ANSWER,2484,1513700184,albeXL,CONTESTANT,PRETESTS,1,15,4812800
902,C,33424473,GNU C++11,WRONG_ANSWER,2680,1513700380,albeXL,CONTESTANT,PRETESTS,3,15,4915200
902,C,33426178,GNU C++11,WRONG_ANSWER,3215,1513700915,albeXL,CONTESTANT,PRETESTS,3,15,4915200
902,C,33427769,GNU C++11,RUNTIME_ERROR,3794,1513701494,albeXL,CONTESTANT,PRETESTS,12,77,6860800
902,C,33427905,GNU C++11,OK,3842,1513701542,albeXL,CONTESTANT,TESTS,45,265,13414400
902,D,33431562,GNU C++11,WRONG_ANSWER,5389,1513703089,albeXL,CONTESTANT,PRETESTS,0,0,2048000
902,D,33434347,GNU C++11,WRONG_ANSWER,6737,1513704437,albeXL,CONTESTANT,PRETESTS,3,15,2048000
902,D,33435360,GNU C++11,WRONG_ANSWER,7123,1513704823,albeXL,CONTESTANT,PRETESTS,2,0,2048000
902,D,33435449,GNU C++11,WRONG_ANSWER,7151,1513704851,albeXL,CONTESTANT,PRETESTS,2,15,2048000
902,A,33415002,GNU C++11,WRONG_ANSWER,646,1513698346,albert_d,CONTESTANT,PRETESTS,2,15,2048000
902,A,33426230,GNU C++11,OK,3232,1513700932,albert_d,CONTESTANT,TESTS,55,15,2048000
902,B,33432791,GNU C++11,OK,6009,1513703709,albert_d,CONTESTANT,TESTS,50,234,2560000
902,A,33413334,GNU C++11,OK,372,1513698072,ale,CONTESTANT,TESTS,55,15,2048000
902,B,33419812,GNU C++11,OK,1471,1513699171,ale,CONTESTANT,TESTS,50,31,2560000
902,C,33424732,GNU C++11,WRONG_ANSWER,2752,1513700452,ale,CONTESTANT,PRETESTS,1,0,8499200
902,C,33426145,GNU C++11,OK,3202,1513700902,ale,CONTESTANT,TESTS,45,249,10547200
902,A,33414969,C++14 (GCC 6-32),OK,641,1513698341,alechuang98,CONTESTANT,TESTS,55,15,1945600
902,B,33419595,C++14 (GCC 6-32),OK,1430,1513699130,alechuang98,CONTESTANT,TESTS,50,15,2457600
902,C,33425762,C++14 (GCC 6-32),OK,3077,1513700777,alechuang98,CONTESTANT,TESTS,45,93,3993600
902,A,33417286,C++14 (GCC 6-32),OK,996,1513698696,aleksami,CONTESTANT,TESTS,55,15,1945600
902,B,33424541,C++14 (GCC 6-32),OK,2699,1513700399,aleksami,CONTESTANT,TESTS,50,15,2560000
902,C,33428380,C++14 (GCC 6-32),WRONG_ANSWER,4022,1513701722,aleksami,CONTESTANT,PRETESTS,1,0,2252800
902,C,33429349,C++14 (GCC 6-32),SKIPPED,4418,1513702118,aleksami,CONTESTANT,PRETESTS,13,15,2252800
902,C,33430724,C++14 (GCC 6-32),SKIPPED,5005,1513702705,aleksami,CONTESTANT,PRETESTS,13,31,2252800
902,C,33431210,C++14 (GCC 6-32),OK,5221,1513702921,aleksami,CONTESTANT,TESTS,45,78,2252800
902,A,33412980,C++14 (GCC 6-32),OK,295,1513698005,alenam0161,CONTESTANT,TESTS,55,15,1945600
902,B,33417164,C++14 (GCC 6-32),OK,963,1513698674,alenam0161,CONTESTANT,TESTS,50,31,3993600
902,C,33426128,C++14 (GCC 6-32),OK,3187,1513700897,alenam0161,CONTESTANT,TESTS,45,108,10035200
902,D,33433100,C++14 (GCC 6-32),WRONG_ANSWER,6145,1513703856,alenam0161,CONTESTANT,PRETESTS,0,15,9932800
902,D,33433219,C++14 (GCC 6-32),WRONG_ANSWER,6201,1513703912,alenam0161,CONTESTANT,PRETESTS,4,15,9932800
902,D,33434789,C++14 (GCC 6-32),WRONG_ANSWER,6918,1513704628,alenam0161,CONTESTANT,PRETESTS,4,15,9932800
902,D,33435458,C++14 (GCC 6-32),WRONG_ANSWER,7142,1513704853,alenam0161,CONTESTANT,PRETESTS,4,15,9932800
902,A,33415469,C++14 (GCC 6-32),WRONG_ANSWER,706,1513698416,alevtina,CONTESTANT,PRETESTS,2,15,1945600
902,A,33416607,C++14 (GCC 6-32),WRONG_ANSWER,873,1513698584,alevtina,CONTESTANT,PRETESTS,4,15,1945600
902,A,33418325,C++14 (GCC 6-32),WRONG_ANSWER,1162,1513698872,alevtina,CONTESTANT,PRETESTS,0,0,1945600
902,A,33419043,C++14 (GCC 6-32),WRONG_ANSWER,1308,1513699019,alevtina,CONTESTANT,PRETESTS,4,15,1945600
902,A,33419998,C++14 (GCC 6-32),WRONG_ANSWER,1501,1513699211,alevtina,CONTESTANT,PRETESTS,4,15,1945600
902,A,33421966,C++14 (GCC 6-32),WRONG_ANSWER,1974,1513699684,alevtina,CONTESTANT,PRETESTS,4,15,1945600
902,A,33422539,C++14 (GCC 6-32),WRONG_ANSWER,2126,1513699836,alevtina,CONTESTANT,PRETESTS,4,15,1945600
902,A,33422920,C++14 (GCC 6-32),WRONG_ANSWER,2230,1513699941,alevtina,CONTESTANT,PRETESTS,4,15,1945600
902,A,33425227,C++14 (GCC 6-32),OK,2891,1513700602,alevtina,CONTESTANT,TESTS,55,15,1945600
902,B,33429805,C++14 (GCC 6-32),OK,4608,1513702318,alevtina,CONTESTANT,TESTS,50,31,2355200
902,B,33421554,C++14 (GCC 6-32),OK,1871,1513699582,alex_bucevschi,CONTESTANT,TESTS,50,31,4710400
902,A,33423069,C++14 (GCC 6-32),WRONG_ANSWER,2270,1513699981,alex_bucevschi,CONTESTANT,PRETESTS,5,15,3481600
902,A,33425244,C++14 (GCC 6-32),OK,2898,1513700609,alex_bucevschi,CONTESTANT,TESTS,55,15,3891200
902,C,33435309,C++14 (GCC 6-32),WRONG_ANSWER,7096,1513704807,alex_bucevschi,CONTESTANT,PRETESTS,1,0,2252800
902,C,33435532,C++14 (GCC 6-32),WRONG_ANSWER,7159,1513704870,alex_bucevschi,CONTESTANT,PRETESTS,3,15,2252800
902,A,33420317,PascalABC.NET,OK,1580,1513699280,alexgrant,CONTESTANT,TESTS,55,46,13209600
902,B,33432973,PascalABC.NET,OK,6097,1513703797,alexgrant,CONTESTANT,TESTS,50,46,19865600
902,A,33412841,C++14 (GCC 6-32),OK,265,1513697965,alexsuh,CONTESTANT,TESTS,55,15,1945600
902,B,33422967,C++14 (GCC 6-32),WRONG_ANSWER,2251,1513699951,alexsuh,CONTESTANT,PRETESTS,2,0,1945600
902,B,33423426,C++14 (GCC 6-32),WRONG_ANSWER,2384,1513700084,alexsuh,CONTESTANT,PRETESTS,0,15,1843200
902,B,33424109,C++14 (GCC 6-32),OK,2571,1513700271,alexsuh,CONTESTANT,TESTS,50,374,2662400
902,C,33432436,C++14 (GCC 6-32),OK,5837,1513703537,alexsuh,CONTESTANT,TESTS,45,140,2662400
902,A,33420599,C++14 (GCC 6-32),WRONG_ANSWER,1648,1513699348,alextolst00,CONTESTANT,TESTS,47,15,1945600
902,B,33425066,C++14 (GCC 6-32),OK,2851,1513700551,alextolst00,CONTESTANT,TESTS,50,31,2457600
902,A,33414341,C++14 (GCC 6-32),WRONG_ANSWER,530,1513698240,alexxx998,CONTESTANT,PRETESTS,1,0,3481600
902,A,33415058,C++14 (GCC 6-32),WRONG_ANSWER,644,1513698355,alexxx998,CONTESTANT,TESTS,47,30,3481600
902,B,33420932,C++14 (GCC 6-32),OK,1717,1513699427,alexxx998,CONTESTANT,TESTS,50,31,4198400
902,C,33425047,C++14 (GCC 6-32),WRONG_ANSWER,2834,1513700544,alexxx998,CONTESTANT,PRETESTS,3,15,3891200
902,C,33425437,C++14 (GCC 6-32),WRONG_ANSWER,2961,1513700672,alexxx998,CONTESTANT,TESTS,37,93,3891200
902,D,33428139,C++14 (GCC 6-32),WRONG_ANSWER,3923,1513701634,alexxx998,CONTESTANT,PRETESTS,3,15,3891200
902,D,33432845,C++14 (GCC 6-32),WRONG_ANSWER,6026,1513703736,alexxx998,CONTESTANT,PRETESTS,2,0,3891200
902,D,33433141,C++14 (GCC 6-32),WRONG_ANSWER,6169,1513703880,alexxx998,CONTESTANT,PRETESTS,5,15,3891200
902,D,33433878,C++14 (GCC 6-32),WRONG_ANSWER,6502,1513704212,alexxx998,CONTESTANT,PRETESTS,0,15,3891200
902,D,33433959,C++14 (GCC 6-32),WRONG_ANSWER,6546,1513704256,alexxx998,CONTESTANT,PRETESTS,5,15,3891200
902,D,33435069,C++14 (GCC 6-32),WRONG_ANSWER,7014,1513704725,alexxx998,CONTESTANT,PRETESTS,1,0,3891200
902,D,33435207,C++14 (GCC 6-32),COMPILATION_ERROR,7063,1513704773,alexxx998,CONTESTANT,PRETESTS,0,0,0
902,D,33435600,C++14 (GCC 6-32),WRONG_ANSWER,7173,1513704884,alexxx998,CONTESTANT,PRETESTS,2,15,3891200
902,A,33413436,C++14 (GCC 6-32),OK,392,1513698092,algon_320,CONTESTANT,TESTS,55,15,1945600
902,B,33416422,C++14 (GCC 6-32),OK,853,1513698553,algon_320,CONTESTANT,TESTS,50,31,2560000
902,C,33423740,C++14 (GCC 6-32),OK,2473,1513700173,algon_320,CONTESTANT,TESTS,45,124,8806400
902,A,33416347,C++14 (GCC 6-32),OK,843,1513698543,algothetrynary,CONTESTANT,TESTS,55,15,1945600
902,B,33422346,C++14 (GCC 6-32),OK,2078,1513699778,algothetrynary,CONTESTANT,TESTS,50,31,2662400
902,A,33413410,GNU C++11,WRONG_ANSWER,376,1513698087,aliksharik,CONTESTANT,PRETESTS,2,15,2048000
902,A,33414749,GNU C++11,OK,593,1513698304,aliksharik,CONTESTANT,TESTS,55,15,2048000
902,B,33422361,GNU C++11,SKIPPED,2075,1513699785,aliksharik,CONTESTANT,PRETESTS,10,15,2457600
902,B,33424127,GNU C++11,OK,2567,1513700278,aliksharik,CONTESTANT,TESTS,50,31,2560000
902,A,33416130,C++14 (GCC 6-32),WRONG_ANSWER,812,1513698512,alimagde,CONTESTANT,TESTS,11,15,1945600
902,B,33421623,C++14 (GCC 6-32),OK,1896,1513699596,alimagde,CONTESTANT,TESTS,50,30,2355200
902,C,33426682,C++14 (GCC 6-32),OK,3394,1513701094,alimagde,CONTESTANT,TESTS,45,109,6041600
902,A,33419250,C++14 (GCC 6-32),SKIPPED,1360,1513699060,alimamdouh1809,CONTESTANT,PRETESTS,8,15,10137600
902,A,33419253,GNU C++17 Diagnostics,TIME_LIMIT_EXCEEDED,1350,1513699061,alimamdouh1809,CONTESTANT,TESTS,14,1000,112537600
902,B,33424664,GNU C++17 Diagnostics,TIME_LIMIT_EXCEEDED,2723,1513700433,alimamdouh1809,CONTESTANT,PRETESTS,0,1000,134656000
902,B,33424903,C++14 (GCC 6-32),OK,2789,1513700499,alimamdouh1809,CONTESTANT,TESTS,50,46,18329600
902,C,33433718,C++14 (GCC 6-32),WRONG_ANSWER,6421,1513704132,alimamdouh1809,CONTESTANT,PRETESTS,6,15,25907200
902,A,33415884,C++14 (GCC 6-32),WRONG_ANSWER,775,1513698475,alin090402,CONTESTANT,PRETESTS,3,0,1945600
902,A,33419216,C++14 (GCC 6-32),OK,1352,1513699052,alin090402,CONTESTANT,TESTS,55,15,1945600
902,B,33424602,C++14 (GCC 6-32),RUNTIME_ERROR,2716,1513700416,alin090402,CONTESTANT,PRETESTS,5,15,2150400
902,B,33424878,C++14 (GCC 6-32),OK,2792,1513700492,alin090402,CONTESTANT,TESTS,50,31,2457600
902,C,33434208,C++14 (GCC 6-32),WRONG_ANSWER,6675,1513704375,alin090402,CONTESTANT,PRETESTS,4,15,3891200
902,C,33435504,C++14 (GCC 6-32),WRONG_ANSWER,7164,1513704864,alin090402,CONTESTANT,PRETESTS,6,15,3891200
902,A,33413592,GNU C++11,OK,420,1513698120,alirezaomidi,CONTESTANT,TESTS,55,15,2048000
902,B,33421031,GNU C++11,OK,1753,1513699453,alirezaomidi,CONTESTANT,TESTS,50,31,2560000
902,C,33429271,GNU C++11,WRONG_ANSWER,4385,1513702085,alirezaomidi,CONTESTANT,PRETESTS,1,0,2048000
902,C,33429364,GNU C++11,WRONG_ANSWER,4423,1513702123,alirezaomidi,CONTESTANT,TESTS,37,249,11673600
902,D,33432949,GNU C++11,WRONG_ANSWER,6086,1513703786,alirezaomidi,CONTESTANT,PRETESTS,0,0,2048000
902,D,33433322,GNU C++11,WRONG_ANSWER,6257,1513703957,alirezaomidi,CONTESTANT,PRETESTS,0,0,2048000
902,D,33434464,GNU C++11,WRONG_ANSWER,6785,1513704485,alirezaomidi,CONTESTANT,PRETESTS,3,0,2048000
902,A,33416899,GNU C++,WRONG_ANSWER,930,1513698630,alisherq,CONTESTANT,PRETESTS,4,15,2048000
902,A,33417162,GNU C++,WRONG_ANSWER,974,1513698674,alisherq,CONTESTANT,PRETESTS,0,0,2048000
902,A,33420169,GNU C++,WRONG_ANSWER,1550,1513699250,alisherq,CONTESTANT,PRETESTS,4,15,2048000
902,A,33420412,GNU C++,WRONG_ANSWER,1604,1513699304,alisherq,CONTESTANT,PRETESTS,4,15,2048000
902,A,33423420,GNU C++,WRONG_ANSWER,2384,1513700084,alisherq,CONTESTANT,PRETESTS,4,30,2048000
902,A,33424476,GNU C++,WRONG_ANSWER,2681,1513700381,alisherq,CONTESTANT,PRETESTS,0,0,2048000
902,A,33424635,GNU C++,WRONG_ANSWER,2725,1513700425,alisherq,CONTESTANT,PRETESTS,4,15,2048000
902,A,33425017,GNU C++,WRONG_ANSWER,2834,1513700534,alisherq,CONTESTANT,PRETESTS,4,15,2048000
902,A,33428519,GNU C++,WRONG_ANSWER,4084,1513701784,alisherq,CONTESTANT,PRETESTS,4,15,2048000
902,A,33412673,C++14 (GCC 6-32),OK,183,1513697883,alkil,CONTESTANT,TESTS,55,15,1945600
902,B,33415044,C++14 (GCC 6-32),OK,653,1513698353,alkil,CONTESTANT,TESTS,50,46,4300800
902,C,33424446,C++14 (GCC 6-32),COMPILATION_ERROR,2671,1513700371,alkil,CONTESTANT,PRETESTS,0,0,0
902,C,33424498,C++14 (GCC 6-32),WRONG_ANSWER,2687,1513700387,alkil,CONTESTANT,PRETESTS,4,15,3072000
902,C,33425380,C++14 (GCC 6-32),WRONG_ANSWER,2954,1513700654,alkil,CONTESTANT,TESTS,13,62,3072000
902,A,33415572,GNU C++11,WRONG_ANSWER,730,1513698430,alkr,CONTESTANT,PRETESTS,0,15,2048000
902,A,33416923,GNU C++11,WRONG_ANSWER,933,1513698633,alkr,CONTESTANT,PRETESTS,5,0,2048000
902,A,33418785,GNU C++11,WRONG_ANSWER,1259,1513698959,alkr,CONTESTANT,PRETESTS,2,15,2048000
902,A,33419390,GNU C++11,OK,1382,1513699082,alkr,CONTESTANT,TESTS,55,31,2048000
902,B,33422781,GNU C++11,OK,2205,1513699905,alkr,CONTESTANT,TESTS,50,15,7168000
902,C,33427847,GNU C++11,OK,3819,1513701519,alkr,CONTESTANT,TESTS,45,108,5836800
902,A,33413175,C++14 (GCC 6-32),SKIPPED,333,1513698043,allin77,CONTESTANT,PRETESTS,8,15,1945600
902,A,33413736,C++14 (GCC 6-32),OK,433,1513698143,allin77,CONTESTANT,TESTS,55,15,1945600
902,B,33424480,C++14 (GCC 6-32),WRONG_ANSWER,2672,1513700382,allin77,CONTESTANT,PRETESTS,9,46,1945600
902,B,33425622,C++14 (GCC 6-32),WRONG_ANSWER,3018,1513700729,allin77,CONTESTANT,PRETESTS,9,31,1945600
902,B,33426643,C++14 (GCC 6-32),TIME_LIMIT_EXCEEDED,3370,1513701080,allin77,CONTESTANT,TESTS,17,1000,2048000
902,C,33430841,C++14 (GCC 6-32),WRONG_ANSWER,5039,1513702750,allin77,CONTESTANT,PRETESTS,1,0,1843200
902,C,33431352,C++14 (GCC 6-32),WRONG_ANSWER,5277,1513702987,allin77,CONTESTANT,PRETESTS,3,15,1945600
902,C,33432367,C++14 (GCC 6-32),WRONG_ANSWER,5782,1513703493,allin77,CONTESTANT,PRETESTS,3,15,1945600
902,C,33433334,C++14 (GCC 6-32),WRONG_ANSWER,6256,1513703967,allin77,CONTESTANT,PRETESTS,3,15,1945600
902,C,33433901,C++14 (GCC 6-32),OK,6513,1513704224,allin77,CONTESTANT,TESTS,45,140,2252800
902,A,33420930,C++14 (GCC 6-32),WRONG_ANSWER,1726,1513699426,almahfuz,CONTESTANT,PRETESTS,3,15,1843200
902,A,33422138,C++14 (GCC 6-32),WRONG_ANSWER,2023,1513699723,almahfuz,CONTESTANT,PRETESTS,5,15,1843200
902,A,33424571,C++14 (GCC 6-32),OK,2706,1513700406,almahfuz,CONTESTANT,TESTS,55,15,1945600
902,A,33421611,C++14 (GCC 6-32),MEMORY_LIMIT_EXCEEDED,1893,1513699593,almiavicas,CONTESTANT,PRETESTS,2,93,268390400
902,A,33431650,C++14 (GCC 6-32),WRONG_ANSWER,5437,1513703137,almiavicas,CONTESTANT,PRETESTS,4,15,1945600
902,A,33431978,C++14 (GCC 6-32),TIME_LIMIT_EXCEEDED,5605,1513703305,almiavicas,CONTESTANT,PRETESTS,4,1000,1843200
902,A,33432216,C++14 (GCC 6-32),WRONG_ANSWER,5718,1513703418,almiavicas,CONTESTANT,PRETESTS,5,15,1945600
902,A,33432387,C++14 (GCC 6-32),WRONG_ANSWER,5805,1513703505,almiavicas,CONTESTANT,PRETESTS,5,15,1945600
902,A,33413722,C++14 (GCC 6-32),OK,442,1513698142,almosh,CONTESTANT,TESTS,55,15,9932800
902,B,33421829,C++14 (GCC 6-32),WRONG_ANSWER,1948,1513699648,almosh,CONTESTANT,PRETESTS,5,108,10444800
902,B,33422921,C++14 (GCC 6-32),OK,2241,1513699941,almosh,CONTESTANT,TESTS,50,124,10649600
902,C,33429556,C++14 (GCC 6-32),OK,4511,1513702211,almosh,CONTESTANT,TESTS,45,93,5939200
902,A,33416495,C++14 (GCC 6-32),WRONG_ANSWER,868,1513698568,aloo123,CONTESTANT,PRETESTS,2,15,1843200
902,A,33417210,C++14 (GCC 6-32),WRONG_ANSWER,984,1513698684,aloo123,CONTESTANT,PRETESTS,2,0,1843200
902,A,33418108,C++14 (GCC 6-32),COMPILATION_ERROR,1134,1513698834,aloo123,CONTESTANT,PRETESTS,0,0,0
902,A,33418379,C++14 (GCC 6-32),WRONG_ANSWER,1181,1513698881,aloo123,CONTESTANT,PRETESTS,0,0,1945600
902,A,33420323,C++14 (GCC 6-32),COMPILATION_ERROR,1581,1513699281,aloo123,CONTESTANT,PRETESTS,0,0,0
902,A,33420430,C++14 (GCC 6-32),OK,1609,1513699309,aloo123,CONTESTANT,TESTS,55,15,1945600
902,B,33428253,C++14 (GCC 6-32),WRONG_ANSWER,3975,1513701675,aloo123,CONTESTANT,PRETESTS,2,0,3686400
902,B,33428470,C++14 (GCC 6-32),WRONG_ANSWER,4058,1513701758,aloo123,CONTESTANT,PRETESTS,0,0,3686400
902,B,33428539,C++14 (GCC 6-32),SKIPPED,4094,1513701794,aloo123,CONTESTANT,PRETESTS,10,15,4198400
902,B,33429127,C++14 (GCC 6-32),OK,4327,1513702027,aloo123,CONTESTANT,TESTS,50,46,4300800
902,A,33413758,GNU C++11,OK,448,1513698148,aloomya,CONTESTANT,TESTS,55,15,5324800
902,B,33418202,GNU C++11,OK,1150,1513698850,aloomya,CONTESTANT,TESTS,50,31,2867200
902,C,33422739,GNU C++11,WRONG_ANSWER,2193,1513699893,aloomya,CONTESTANT,PRETESTS,4,15,2867200
902,C,33423316,GNU C++11,OK,2356,1513700056,aloomya,CONTESTANT,TESTS,45,265,6553600
902,A,33413802,C++14 (GCC 6-32),OK,445,1513698155,alooochaat1998,CONTESTANT,TESTS,55,15,1945600
902,B,33416493,C++14 (GCC 6-32),OK,856,1513698567,alooochaat1998,CONTESTANT,TESTS,50,30,2457600
902,C,33424656,C++14 (GCC 6-32),WRONG_ANSWER,2720,1513700431,alooochaat1998,CONTESTANT,PRETESTS,3,15,6758400
902,C,33426876,C++14 (GCC 6-32),SKIPPED,3451,1513701162,alooochaat1998,CONTESTANT,PRETESTS,0,31,6758400
902,C,33426907,C++14 (GCC 6-32),OK,3461,1513701172,alooochaat1998,CONTESTANT,TESTS,45,93,6758400
902,A,33418733,Java 8,WRONG_ANSWER,1249,1513698949,alpesh0816,CONTESTANT,PRETESTS,2,155,20992000
902,A,33425102,Java 8,WRONG_ANSWER,2863,1513700563,alpesh0816,CONTESTANT,PRETESTS,2,139,20992000
902,A,33428766,Java 8,WRONG_ANSWER,4189,1513701889,alpesh0816,CONTESTANT,PRETESTS,2,155,20992000
902,A,33417532,C++14 (GCC 6-32),WRONG_ANSWER,1038,1513698738,alwaysGREEEN,CONTESTANT,PRETESTS,2,15,1945600
902,A,33420868,C++14 (GCC 6-32),WRONG_ANSWER,1713,1513699413,alwaysGREEEN,CONTESTANT,TESTS,11,15,1945600
902,B,33426667,C++14 (GCC 6-32),OK,3386,1513701086,alwaysGREEEN,CONTESTANT,TESTS,50,218,2764800
902,A,33414321,C++14 (GCC 6-32),OK,526,1513698237,always_4ever_5_25__21_SS,CONTESTANT,TESTS,55,30,2150400
902,B,33422279,C++14 (GCC 6-32),OK,2047,1513699758,always_4ever_5_25__21_SS,CONTESTANT,TESTS,50,46,6041600
902,C,33428491,C++14 (GCC 6-32),WRONG_ANSWER,4060,1513701771,always_4ever_5_25__21_SS,CONTESTANT,PRETESTS,3,15,21913600
902,C,33430978,C++14 (GCC 6-32),OK,5100,1513702810,always_4ever_5_25__21_SS,CONTESTANT,TESTS,45,109,25600000
902,A,33430964,GNU C++11,OK,5090,1513702800,alymzhan,CONTESTANT,TESTS,55,30,3072000
902,A,33426707,GNU C++,RUNTIME_ERROR,3403,1513701103,alzatraz2,CONTESTANT,PRETESTS,0,0,2048000
902,A,33426790,GNU C++,RUNTIME_ERROR,3431,1513701131,alzatraz2,CONTESTANT,PRETESTS,0,0,2048000
902,A,33413297,C++14 (GCC 6-32),WRONG_ANSWER,367,1513698067,amal_mamedov,CONTESTANT,PRETESTS,2,15,1843200
902,A,33417168,C++14 (GCC 6-32),WRONG_ANSWER,974,1513698674,amal_mamedov,CONTESTANT,PRETESTS,2,15,1945600
902,A,33419980,C++14 (GCC 6-32),OK,1508,1513699208,amal_mamedov,CONTESTANT,TESTS,55,15,2150400
902,B,33426945,C++14 (GCC 6-32),OK,3486,1513701186,amal_mamedov,CONTESTANT,TESTS,50,30,3174400
902,C,33430923,C++14 (GCC 6-32),OK,5081,1513702781,amal_mamedov,CONTESTANT,TESTS,45,109,17920000
902,A,33414545,C++14 (GCC 6-32),WRONG_ANSWER,575,1513698275,aman0456,CONTESTANT,PRETESTS,2,15,1843200
902,A,33415845,C++14 (GCC 6-32),OK,770,1513698470,aman0456,CONTESTANT,TESTS,55,15,1945600
902,B,33418755,C++14 (GCC 6-32),OK,1253,1513698953,aman0456,CONTESTANT,TESTS,50,31,1945600
902,C,33425850,C++14 (GCC 6-32),WRONG_ANSWER,3104,1513700804,aman0456,CONTESTANT,PRETESTS,3,15,2252800
902,C,33428878,C++14 (GCC 6-32),WRONG_ANSWER,4231,1513701931,aman0456,CONTESTANT,PRETESTS,6,15,2252800
902,C,33433492,C++14 (GCC 6-32),WRONG_ANSWER,6330,1513704030,aman0456,CONTESTANT,PRETESTS,1,0,1843200
902,C,33433951,C++14 (GCC 6-32),OK,6551,1513704251,aman0456,CONTESTANT,TESTS,45,78,5222400
902,A,33416547,Java 8,OK,876,1513698576,aman110599,CONTESTANT,TESTS,55,124,20684800
902,A,33417474,Java 8,TIME_LIMIT_EXCEEDED,1027,1513698727,aman28rwt,CONTESTANT,PRETESTS,2,1000,20582400
902,A,33418442,Java 8,TIME_LIMIT_EXCEEDED,1192,1513698892,aman28rwt,CONTESTANT,TESTS,13,1000,20684800
902,B,33422555,Java 8,TIME_LIMIT_EXCEEDED,2140,1513699840,aman28rwt,CONTESTANT,TESTS,17,1000,21094400
902,C,33427349,Java 8,WRONG_ANSWER,3641,1513701341,aman28rwt,CONTESTANT,PRETESTS,1,108,20582400
902,C,33429684,Java 8,WRONG_ANSWER,4564,1513702264,aman28rwt,CONTESTANT,PRETESTS,1,124,20582400
902,C,33429860,Java 8,WRONG_ANSWER,4638,1513702338,aman28rwt,CONTESTANT,PRETESTS,4,109,20684800
902,C,33430660,Java 8,OK,4977,1513702677,aman28rwt,CONTESTANT,TESTS,45,1247,20787200
902,A,33412857,Python 2,WRONG_ANSWER,270,1513697970,aman_shahi2,CONTESTANT,PRETESTS,3,46,4505600
902,A,33413448,Python 2,WRONG_ANSWER,394,1513698094,aman_shahi2,CONTESTANT,PRETESTS,3,62,4505600
902,A,33414495,Python 2,OK,565,1513698265,aman_shahi2,CONTESTANT,TESTS,55,62,4608000
902,B,33417343,C++14 (GCC 6-32),OK,1005,1513698705,aman_shahi2,CONTESTANT,TESTS,50,46,2867200
902,C,33425313,C++14 (GCC 6-32),WRONG_ANSWER,2930,1513700630,aman_shahi2,CONTESTANT,PRETESTS,1,15,2662400
902,C,33428064,C++14 (GCC 6-32),WRONG_ANSWER,3899,1513701599,aman_shahi2,CONTESTANT,PRETESTS,3,15,2662400
902,C,33429232,C++14 (GCC 6-32),OK,4368,1513702068,aman_shahi2,CONTESTANT,TESTS,45,171,8294400
902,A,33414628,C++14 (GCC 6-32),WRONG_ANSWER,587,1513698287,amanbol,CONTESTANT,PRETESTS,0,15,3993600
902,A,33414989,C++14 (GCC 6-32),OK,645,1513698345,amanbol,CONTESTANT,TESTS,55,15,3993600
902,B,33418803,C++14 (GCC 6-32),OK,1263,1513698963,amanbol,CONTESTANT,TESTS,50,15,2662400
902,C,33424500,C++14 (GCC 6-32),WRONG_ANSWER,2688,1513700388,amanbol,CONTESTANT,PRETESTS,3,15,2662400
902,C,33425517,C++14 (GCC 6-32),WRONG_ANSWER,2997,1513700697,amanbol,CONTESTANT,PRETESTS,3,15,2662400
902,C,33427932,C++14 (GCC 6-32),WRONG_ANSWER,3851,1513701551,amanbol,CONTESTANT,TESTS,16,78,2662400
902,A,33417576,Java 8,OK,1045,1513698745,amanchik,CONTESTANT,TESTS,55,140,20889600
902,B,33421854,Java 8,OK,1954,1513699654,amanchik,CONTESTANT,TESTS,50,155,20992000
902,C,33433558,Java 8,WRONG_ANSWER,6361,1513704061,amanchik,CONTESTANT,PRETESTS,4,124,27648000
902,C,33435183,Java 8,OK,7065,1513704765,amanchik,CONTESTANT,TESTS,45,327,59289600
902,A,33414024,C++14 (GCC 6-32),WRONG_ANSWER,491,1513698191,amar_1997,CONTESTANT,PRETESTS,3,15,1945600
902,A,33416481,C++14 (GCC 6-32),OK,865,1513698565,amar_1997,CONTESTANT,TESTS,55,15,1945600
902,B,33419846,C++14 (GCC 6-32),OK,1477,1513699177,amar_1997,CONTESTANT,TESTS,50,46,1945600
902,C,33424133,C++14 (GCC 6-32),WRONG_ANSWER,2580,1513700280,amar_1997,CONTESTANT,PRETESTS,3,15,1843200
902,C,33425106,C++14 (GCC 6-32),WRONG_ANSWER,2863,1513700563,amar_1997,CONTESTANT,PRETESTS,3,0,1945600
902,C,33429141,C++14 (GCC 6-32),OK,4335,1513702035,amar_1997,CONTESTANT,TESTS,45,156,5222400
902,A,33422300,GNU C,COMPILATION_ERROR,2064,1513699764,amarnath_1019,CONTESTANT,PRETESTS,0,0,0
902,A,33422419,GNU C++11,WRONG_ANSWER,2104,1513699804,amarnath_1019,CONTESTANT,PRETESTS,1,15,2048000
902,A,33422847,GNU C++11,OK,2222,1513699922,amarnath_1019,CONTESTANT,TESTS,55,15,2048000
902,B,33430690,GNU C++11,OK,4991,1513702691,amarnath_1019,CONTESTANT,TESTS,50,46,2355200
902,A,33424723,C++14 (GCC 6-32),WRONG_ANSWER,2748,1513700448,ambrin30,CONTESTANT,PRETESTS,4,15,1843200
902,A,33425953,C++14 (GCC 6-32),WRONG_ANSWER,3135,1513700835,ambrin30,CONTESTANT,PRETESTS,1,15,1843200
902,A,33426973,C++14 (GCC 6-32),OK,3494,1513701194,ambrin30,CONTESTANT,TESTS,55,15,1945600
902,A,33413164,C++14 (GCC 6-32),WRONG_ANSWER,341,1513698041,ameyanator,CONTESTANT,PRETESTS,3,15,1843200
902,A,33417147,C++14 (GCC 6-32),OK,972,1513698672,ameyanator,CONTESTANT,TESTS,55,15,1945600
902,B,33421930,C++14 (GCC 6-32),OK,1975,1513699675,ameyanator,CONTESTANT,TESTS,50,15,2457600
902,C,33427496,C++14 (GCC 6-32),WRONG_ANSWER,3692,1513701392,ameyanator,CONTESTANT,PRETESTS,3,31,34099200
902,C,33428853,C++14 (GCC 6-32),WRONG_ANSWER,4221,1513701921,ameyanator,CONTESTANT,PRETESTS,3,15,34099200
902,C,33430825,C++14 (GCC 6-32),WRONG_ANSWER,5046,1513702746,ameyanator,CONTESTANT,PRETESTS,3,15,34099200
902,C,33431585,C++14 (GCC 6-32),WRONG_ANSWER,5402,1513703102,ameyanator,CONTESTANT,PRETESTS,3,15,34099200
902,C,33432208,C++14 (GCC 6-32),WRONG_ANSWER,5715,1513703415,ameyanator,CONTESTANT,PRETESTS,3,15,42086400
902,C,33433101,C++14 (GCC 6-32),WRONG_ANSWER,6156,1513703856,ameyanator,CONTESTANT,PRETESTS,3,15,42086400
902,C,33433784,C++14 (GCC 6-32),WRONG_ANSWER,6463,1513704163,ameyanator,CONTESTANT,PRETESTS,4,15,42086400
902,C,33435238,C++14 (GCC 6-32),WRONG_ANSWER,7084,1513704784,ameyanator,CONTESTANT,PRETESTS,4,15,42086400
902,A,33414120,Java 8,OK,496,1513698207,aminul,CONTESTANT,TESTS,55,124,20684800
902,B,33420444,Java 8,OK,1602,1513699312,aminul,CONTESTANT,TESTS,50,124,20684800
902,C,33426112,Java 8,OK,3182,1513700892,aminul,CONTESTANT,TESTS,45,202,20787200
902,A,33415506,GNU C++,WRONG_ANSWER,712,1513698423,amirsmart,CONTESTANT,PRETESTS,2,15,2867200
902,B,33421089,GNU C++,WRONG_ANSWER,1755,1513699466,amirsmart,CONTESTANT,PRETESTS,9,30,2355200
902,B,33421762,GNU C++,WRONG_ANSWER,1919,1513699630,amirsmart,CONTESTANT,PRETESTS,9,31,2355200
902,A,33424043,GNU C++11,WRONG_ANSWER,2555,1513700255,amit_088,CONTESTANT,PRETESTS,2,15,2048000
902,A,33424615,GNU C++11,WRONG_ANSWER,2721,1513700421,amit_088,CONTESTANT,PRETESTS,2,0,2048000
902,A,33426956,GNU C++11,WRONG_ANSWER,3490,1513701190,amit_088,CONTESTANT,PRETESTS,2,15,2048000
902,A,33428376,GNU C++11,WRONG_ANSWER,4020,1513701720,amit_088,CONTESTANT,PRETESTS,2,15,2048000
902,A,33415432,C++14 (GCC 6-32),WRONG_ANSWER,710,1513698410,amit_839,CONTESTANT,PRETESTS,4,15,1843200
902,A,33420573,C++14 (GCC 6-32),OK,1642,1513699342,amit_839,CONTESTANT,TESTS,55,15,1945600
902,B,33425799,C++14 (GCC 6-32),OK,3089,1513700789,amit_839,CONTESTANT,TESTS,50,15,2560000
902,A,33414355,C++14 (GCC 6-32),CHALLENGED,543,1513698243,amitruler,CONTESTANT,CHALLENGES,8,15,1843200
902,B,33417881,C++14 (GCC 6-32),OK,1098,1513698798,amitruler,CONTESTANT,TESTS,50,30,3993600
902,C,33423281,C++14 (GCC 6-32),OK,2348,1513700048,amitruler,CONTESTANT,TESTS,45,78,3993600
902,A,33425453,C++14 (GCC 6-32),OK,2977,1513700677,amitruler,CONTESTANT,TESTS,55,15,1945600
902,D,33433680,C++14 (GCC 6-32),TIME_LIMIT_EXCEEDED,6416,1513704116,amitruler,CONTESTANT,PRETESTS,0,2000,3584000
902,D,33434071,C++14 (GCC 6-32),WRONG_ANSWER,6613,1513704313,amitruler,CONTESTANT,PRETESTS,4,15,2048000
902,A,33416070,C++14 (GCC 6-32),CHALLENGED,791,1513698502,amj23897,CONTESTANT,CHALLENGES,8,0,1945600
902,B,33426290,C++14 (GCC 6-32),OK,3240,1513700951,amj23897,CONTESTANT,TESTS,50,15,2867200
902,A,33433393,C++14 (GCC 6-32),WRONG_ANSWER,6279,1513703989,amj23897,CONTESTANT,PRETESTS,0,0,1843200
902,A,33433436,C++14 (GCC 6-32),OK,6300,1513704010,amj23897,CONTESTANT,TESTS,55,15,1945600
902,A,33420099,C++14 (GCC 6-32),WRONG_ANSWER,1534,1513699234,amlan_086,CONTESTANT,PRETESTS,5,15,2048000
902,A,33430685,C++14 (GCC 6-32),WRONG_ANSWER,4989,1513702689,amlan_086,CONTESTANT,TESTS,53,15,1945600
902,B,33431139,C++14 (GCC 6-32),RUNTIME_ERROR,5182,1513702882,amlan_086,CONTESTANT,PRETESTS,5,15,2048000
902,B,33431320,C++14 (GCC 6-32),OK,5269,1513702969,amlan_086,CONTESTANT,TESTS,50,295,2457600
902,A,33413663,Java 8,WRONG_ANSWER,432,1513698132,amnesiac_dusk,CONTESTANT,PRETESTS,2,140,20992000
902,A,33414278,Java 8,OK,530,1513698230,amnesiac_dusk,CONTESTANT,TESTS,55,155,21094400
902,B,33420839,Java 8,OK,1705,1513699405,amnesiac_dusk,CONTESTANT,TESTS,50,218,21196800
902,C,33429401,Java 8,WRONG_ANSWER,4439,1513702139,amnesiac_dusk,CONTESTANT,PRETESTS,1,124,20992000
902,C,33430244,Java 8,WRONG_ANSWER,4798,1513702498,amnesiac_dusk,CONTESTANT,PRETESTS,1,124,20992000
902,C,33431277,Java 8,TIME_LIMIT_EXCEEDED,5252,1513702952,amnesiac_dusk,CONTESTANT,PRETESTS,12,2000,21708800
902,C,33431584,Java 8,OK,5401,1513703101,amnesiac_dusk,CONTESTANT,TESTS,45,186,32972800
902,A,33419103,Java 8,WRONG_ANSWER,1333,1513699033,amolpratap007,CONTESTANT,PRETESTS,3,108,20582400
902,A,33421078,Java 8,WRONG_ANSWER,1753,1513699464,amolpratap007,CONTESTANT,PRETESTS,4,108,20582400
902,A,33422654,Java 8,WRONG_ANSWER,2159,1513699870,amolpratap007,CONTESTANT,TESTS,20,124,20684800
902,B,33427791,Java 8,OK,3802,1513701502,amolpratap007,CONTESTANT,TESTS,50,124,20787200
902,C,33433825,Java 8,WRONG_ANSWER,6481,1513704181,amolpratap007,CONTESTANT,PRETESTS,5,109,20684800
902,C,33434517,Java 8,WRONG_ANSWER,6813,1513704513,amolpratap007,CONTESTANT,PRETESTS,3,109,20684800
902,A,33414837,GNU C++,WRONG_ANSWER,620,1513698320,amp1590,CONTESTANT,PRETESTS,2,15,2048000
902,A,33417473,GNU C++,CHALLENGED,1027,1513698727,amp1590,CONTESTANT,CHALLENGES,8,15,2048000
902,A,33427105,C++14 (GCC 6-32),RUNTIME_ERROR,3534,1513701245,ampathak,CONTESTANT,PRETESTS,1,15,1945600
902,A,33415208,GNU C++11,WRONG_ANSWER,678,1513698378,amr_abdelshafi97,CONTESTANT,PRETESTS,5,15,2048000
902,A,33417990,GNU C++11,WRONG_ANSWER,1116,1513698816,amr_abdelshafi97,CONTESTANT,PRETESTS,3,15,2048000
902,A,33419625,GNU C++11,WRONG_ANSWER,1435,1513699135,amr_abdelshafi97,CONTESTANT,PRETESTS,5,0,2048000
902,A,33420512,GNU C++11,WRONG_ANSWER,1630,1513699330,amr_abdelshafi97,CONTESTANT,PRETESTS,2,15,2048000
902,A,33420790,GNU C++11,WRONG_ANSWER,1696,1513699396,amr_abdelshafi97,CONTESTANT,PRETESTS,2,15,2048000
902,A,33422434,GNU C++11,CHALLENGED,2108,1513699808,amr_abdelshafi97,CONTESTANT,CHALLENGES,8,15,2048000
902,A,33425949,GNU C++11,WRONG_ANSWER,3134,1513700834,amr_abdelshafi97,CONTESTANT,CHALLENGES,0,15,2048000
902,A,33418148,C++14 (GCC 6-32),WRONG_ANSWER,1141,1513698841,amrsamy,CONTESTANT,PRETESTS,2,15,1945600
902,A,33419992,C++14 (GCC 6-32),WRONG_ANSWER,1510,1513699210,amrsamy,CONTESTANT,PRETESTS,2,15,1843200
902,A,33429675,C++14 (GCC 6-32),WRONG_ANSWER,4561,1513702261,amrsamy,CONTESTANT,PRETESTS,3,0,1945600
902,A,33431058,C++14 (GCC 6-32),WRONG_ANSWER,5146,1513702846,amrsamy,CONTESTANT,PRETESTS,5,15,1843200
902,A,33432470,C++14 (GCC 6-32),WRONG_ANSWER,5847,1513703547,amrsamy,CONTESTANT,PRETESTS,5,15,1843200
902,A,33432527,C++14 (GCC 6-32),WRONG_ANSWER,5884,1513703584,amrsamy,CONTESTANT,PRETESTS,5,15,1945600
902,A,33435145,C++14 (GCC 6-32),WRONG_ANSWER,7051,1513704751,amrsamy,CONTESTANT,PRETESTS,5,15,1843200
902,A,33418295,C++14 (GCC 6-32),OK,1166,1513698866,amtn1212,CONTESTANT,TESTS,55,15,1945600
902,B,33422227,C++14 (GCC 6-32),OK,2042,1513699742,amtn1212,CONTESTANT,TESTS,50,31,2764800
902,C,33424579,C++14 (GCC 6-32),OK,2709,1513700409,amtn1212,CONTESTANT,TESTS,45,155,2355200
902,A,33418050,C++14 (GCC 6-32),WRONG_ANSWER,1125,1513698825,anamibnaharun,CONTESTANT,PRETESTS,4,15,1945600
902,A,33419869,C++14 (GCC 6-32),OK,1483,1513699183,anamibnaharun,CONTESTANT,TESTS,55,15,1945600
902,B,33426815,C++14 (GCC 6-32),OK,3440,1513701140,anamibnaharun,CONTESTANT,TESTS,50,46,2560000
902,A,33421015,GNU C++,WRONG_ANSWER,1749,1513699449,anancodec,CONTESTANT,PRETESTS,1,15,2048000
902,A,33421615,GNU C++,WRONG_ANSWER,1894,1513699594,anancodec,CONTESTANT,PRETESTS,2,15,2048000
902,A,33416611,C++14 (GCC 6-32),WRONG_ANSWER,884,1513698584,anand_444,CONTESTANT,PRETESTS,2,15,1945600
902,A,33417443,C++14 (GCC 6-32),WRONG_ANSWER,1022,1513698722,anand_444,CONTESTANT,PRETESTS,2,0,1843200
902,A,33418234,C++14 (GCC 6-32),WRONG_ANSWER,1156,1513698856,anand_444,CONTESTANT,PRETESTS,2,15,1843200
902,A,33419626,C++14 (GCC 6-32),WRONG_ANSWER,1435,1513699135,anand_444,CONTESTANT,PRETESTS,2,15,1945600
902,A,33420110,C++14 (GCC 6-32),WRONG_ANSWER,1536,1513699236,anand_444,CONTESTANT,PRETESTS,2,15,1945600
902,A,33423672,C++14 (GCC 6-32),WRONG_ANSWER,2455,1513700155,anand_444,CONTESTANT,PRETESTS,0,15,1843200
902,A,33425089,C++14 (GCC 6-32),WRONG_ANSWER,2858,1513700558,anand_444,CONTESTANT,PRETESTS,2,15,1945600
902,A,33413226,C++14 (GCC 6-32),WRONG_ANSWER,355,1513698055,anant_1234,CONTESTANT,PRETESTS,2,0,1945600
902,A,33414106,C++14 (GCC 6-32),WRONG_ANSWER,505,1513698205,anant_1234,CONTESTANT,PRETESTS,2,15,1945600
902,A,33414911,C++14 (GCC 6-32),WRONG_ANSWER,632,1513698332,anant_1234,CONTESTANT,PRETESTS,2,15,1843200
902,A,33420353,C++14 (GCC 6-32),WRONG_ANSWER,1589,1513699289,anant_1234,CONTESTANT,PRETESTS,5,15,1843200
902,A,33421027,C++14 (GCC 6-32),WRONG_ANSWER,1752,1513699452,anant_1234,CONTESTANT,PRETESTS,5,15,1945600
902,A,33423363,C++14 (GCC 6-32),CHALLENGED,2370,1513700070,anant_1234,CONTESTANT,CHALLENGES,8,15,1945600
902,A,33430028,C++14 (GCC 6-32),WRONG_ANSWER,4709,1513702409,anant_1234,CONTESTANT,CHALLENGES,0,15,1945600
902,A,33431305,C++14 (GCC 6-32),OK,5263,1513702963,anant_1234,CONTESTANT,TESTS,55,15,1945600
902,A,33415379,GNU C++,OK,704,1513698404,anant_k_singh,CONTESTANT,TESTS,55,15,6041600
902,B,33424316,GNU C++,OK,2629,1513700329,anant_k_singh,CONTESTANT,TESTS,50,46,2560000
902,C,33430303,GNU C++,OK,4822,1513702522,anant_k_singh,CONTESTANT,TESTS,45,343,20070400
902,A,33412732,C++14 (GCC 6-32),OK,219,1513697919,anayMehrotra,CONTESTANT,TESTS,55,31,1945600
902,B,33416049,C++14 (GCC 6-32),OK,798,1513698498,anayMehrotra,CONTESTANT,TESTS,50,15,2560000
902,C,33420575,C++14 (GCC 6-32),OK,1642,1513699342,anayMehrotra,CONTESTANT,TESTS,45,93,3481600
902,D,33432429,C++14 (GCC 6-32),WRONG_ANSWER,5832,1513703532,anayMehrotra,CONTESTANT,PRETESTS,1,0,1945600
902,A,33417221,C++14 (GCC 6-32),WRONG_ANSWER,986,1513698686,anay_07,CONTESTANT,PRETESTS,2,0,1843200
902,A,33425410,C++14 (GCC 6-32),WRONG_ANSWER,2965,1513700665,anay_07,CONTESTANT,PRETESTS,2,15,2048000
902,A,33431098,C++14 (GCC 6-32),WRONG_ANSWER,5161,1513702861,anay_07,CONTESTANT,PRETESTS,0,0,1843200
902,A,33431468,C++14 (GCC 6-32),CHALLENGED,5347,1513703047,anay_07,CONTESTANT,CHALLENGES,8,15,2048000
902,B,33434218,C++14 (GCC 6-32),OK,6679,1513704379,anay_07,CONTESTANT,TESTS,50,31,2560000
902,A,33419280,Java 8,RUNTIME_ERROR,1364,1513699064,ancelik,CONTESTANT,PRETESTS,0,139,20992000
902,A,33423882,Java 8,WRONG_ANSWER,2512,1513700212,ancelik,CONTESTANT,PRETESTS,0,140,20992000
902,A,33424249,Java 8,WRONG_ANSWER,2608,1513700308,ancelik,CONTESTANT,PRETESTS,2,140,20992000
902,A,33428628,Java 8,RUNTIME_ERROR,4130,1513701830,ancelik,CONTESTANT,PRETESTS,2,155,20992000
902,A,33430139,Java 8,RUNTIME_ERROR,4758,1513702458,ancelik,CONTESTANT,PRETESTS,2,139,20992000
902,A,33430996,Java 8,OK,5116,1513702816,ancelik,CONTESTANT,TESTS,55,155,21094400
902,A,33414103,C++14 (GCC 6-32),OK,493,1513698204,anctartica,CONTESTANT,TESTS,55,15,1945600
902,B,33420006,C++14 (GCC 6-32),TIME_LIMIT_EXCEEDED,1503,1513699213,anctartica,CONTESTANT,TESTS,24,1000,2867200
902,C,33428497,C++14 (GCC 6-32),WRONG_ANSWER,4064,1513701775,anctartica,CONTESTANT,PRETESTS,4,15,3072000
902,C,33431147,C++14 (GCC 6-32),OK,5179,1513702890,anctartica,CONTESTANT,TESTS,45,140,4300800
902,A,33414920,Python 3,OK,632,1513698332,and800,CONTESTANT,TESTS,55,77,5632000
902,B,33424886,Python 3,SKIPPED,2795,1513700495,and800,CONTESTANT,PRETESTS,10,77,6246400
902,B,33429633,Python 3,OK,4546,1513702246,and800,CONTESTANT,TESTS,50,93,7270400
902,C,33433013,Python 3,OK,6116,1513703816,and800,CONTESTANT,TESTS,45,343,21196800
902,A,33412766,C++14 (GCC 6-32),OK,235,1513697935,andor0,CONTESTANT,TESTS,55,15,1945600
902,B,33415316,C++14 (GCC 6-32),OK,694,1513698394,andor0,CONTESTANT,TESTS,50,15,2560000
902,C,33421638,C++14 (GCC 6-32),WRONG_ANSWER,1899,1513699599,andor0,CONTESTANT,PRETESTS,1,15,5120000
902,C,33421769,C++14 (GCC 6-32),OK,1932,1513699632,andor0,CONTESTANT,TESTS,45,93,5120000
902,A,33418131,GNU C++11,OK,1138,1513698838,andresXL,CONTESTANT,TESTS,55,15,3481600
902,B,33422823,GNU C++11,OK,2215,1513699915,andresXL,CONTESTANT,TESTS,50,249,4300800
902,A,33414832,FPC,COMPILATION_ERROR,609,1513698319,andreumat,CONTESTANT,PRETESTS,0,0,0
902,A,33415206,C++14 (GCC 6-32),OK,667,1513698378,andreumat,CONTESTANT,TESTS,55,15,1945600
902,B,33419188,C++14 (GCC 6-32),OK,1337,1513699048,andreumat,CONTESTANT,TESTS,50,296,2662400
902,C,33424752,C++14 (GCC 6-32),OK,2748,1513700459,andreumat,CONTESTANT,TESTS,45,109,3481600
902,D,33430342,C++14 (GCC 6-32),WRONG_ANSWER,4828,1513702539,andreumat,CONTESTANT,PRETESTS,2,15,1843200
902,A,33412830,C++14 (GCC 6-32),OK,262,1513697962,andrew,CONTESTANT,TESTS,55,15,33587200
902,B,33418580,C++14 (GCC 6-32),OK,1219,1513698919,andrew,CONTESTANT,TESTS,50,31,43008000
902,C,33429155,C++14 (GCC 6-32),WRONG_ANSWER,4340,1513702040,andrew,CONTESTANT,PRETESTS,1,15,47206400
902,C,33430316,C++14 (GCC 6-32),WRONG_ANSWER,4828,1513702528,andrew,CONTESTANT,PRETESTS,3,15,42700800
902,C,33430783,C++14 (GCC 6-32),OK,5029,1513702729,andrew,CONTESTANT,TESTS,45,124,42700800
902,A,33413608,GNU C++11,OK,412,1513698122,andrewtheodore,CONTESTANT,TESTS,55,15,2048000
902,B,33417297,GNU C++11,OK,987,1513698698,andrewtheodore,CONTESTANT,TESTS,50,46,2560000
902,C,33418575,GNU C++11,OK,1207,1513698917,andrewtheodore,CONTESTANT,TESTS,45,326,2457600
902,D,33430370,GNU C++11,WRONG_ANSWER,4836,1513702547,andrewtheodore,CONTESTANT,PRETESTS,4,15,2048000
902,A,33413705,C++14 (GCC 6-32),WRONG_ANSWER,440,1513698140,andronos,CONTESTANT,PRETESTS,2,15,1945600
902,A,33419919,C++14 (GCC 6-32),WRONG_ANSWER,1494,1513699194,andronos,CONTESTANT,PRETESTS,2,15,1945600
902,A,33425318,C++14 (GCC 6-32),WRONG_ANSWER,2932,1513700632,andronos,CONTESTANT,PRETESTS,2,0,1843200
902,A,33430346,C++14 (GCC 6-32),WRONG_ANSWER,4839,1513702539,andronos,CONTESTANT,PRETESTS,1,15,1945600
902,A,33430557,C++14 (GCC 6-32),OK,4927,1513702627,andronos,CONTESTANT,TESTS,55,15,1945600
902,A,33413875,C++14 (GCC 6-32),OK,455,1513698166,andtit2001,CONTESTANT,TESTS,55,15,2048000
902,B,33418649,C++14 (GCC 6-32),OK,1223,1513698933,andtit2001,CONTESTANT,TESTS,50,15,2457600
902,C,33423352,C++14 (GCC 6-32),OK,2354,1513700065,andtit2001,CONTESTANT,TESTS,45,78,2252800
902,D,33429946,C++14 (GCC 6-32),WRONG_ANSWER,4662,1513702372,andtit2001,CONTESTANT,PRETESTS,3,0,1843200
902,A,33414961,GNU C++11,OK,629,1513698340,angad_coder,CONTESTANT,TESTS,55,15,2150400
902,B,33418239,GNU C++11,OK,1146,1513698857,angad_coder,CONTESTANT,TESTS,50,46,2867200
902,C,33425377,GNU C++11,WRONG_ANSWER,2942,1513700653,angad_coder,CONTESTANT,TESTS,13,295,3276800
902,A,33423272,GNU C++11,WRONG_ANSWER,2335,1513700045,anik1409,CONTESTANT,PRETESTS,3,15,2048000
902,A,33424960,GNU C++11,WRONG_ANSWER,2806,1513700517,anik1409,CONTESTANT,PRETESTS,4,15,2048000
902,A,33426705,GNU C++11,WRONG_ANSWER,3393,1513701103,anik1409,CONTESTANT,PRETESTS,3,15,2048000
902,A,33427091,GNU C++11,WRONG_ANSWER,3531,1513701241,anik1409,CONTESTANT,PRETESTS,3,15,2048000
902,A,33427765,GNU C++11,WRONG_ANSWER,3781,1513701492,anik1409,CONTESTANT,PRETESTS,3,0,2048000
902,A,33428932,GNU C++11,WRONG_ANSWER,4239,1513701949,anik1409,CONTESTANT,PRETESTS,3,15,2048000
902,A,33430080,GNU C++11,WRONG_ANSWER,4724,1513702435,anik1409,CONTESTANT,PRETESTS,3,15,2048000
902,A,33430849,GNU C++11,CHALLENGED,5041,1513702752,anik1409,CONTESTANT,CHALLENGES,8,15,2048000
902,A,33420344,C++14 (GCC 6-32),WRONG_ANSWER,1576,1513699286,aniketrajani48,CONTESTANT,PRETESTS,2,15,1843200
902,A,33429473,GNU C++11,WRONG_ANSWER,4462,1513702173,aniketrajani48,CONTESTANT,PRETESTS,3,15,2048000
902,A,33432300,GNU C++11,WRONG_ANSWER,5754,1513703464,aniketrajani48,CONTESTANT,TESTS,47,15,2048000
902,A,33416674,GNU C++11,WRONG_ANSWER,894,1513698594,aniks2645,CONTESTANT,PRETESTS,4,15,2048000
902,A,33418341,GNU C++11,WRONG_ANSWER,1175,1513698875,aniks2645,CONTESTANT,PRETESTS,4,15,2048000
902,A,33419716,GNU C++11,OK,1451,1513699151,aniks2645,CONTESTANT,TESTS,55,15,2048000
902,B,33425310,GNU C++11,OK,2929,1513700629,aniks2645,CONTESTANT,TESTS,50,31,4403200
902,C,33432934,GNU C++11,WRONG_ANSWER,6081,1513703781,aniks2645,CONTESTANT,PRETESTS,3,15,8499200
902,C,33434508,GNU C++11,WRONG_ANSWER,6807,1513704507,aniks2645,CONTESTANT,PRETESTS,3,15,8499200
902,C,33435521,GNU C++11,WRONG_ANSWER,7167,1513704867,aniks2645,CONTESTANT,PRETESTS,1,0,8499200
902,A,33414840,GNU C++11,WRONG_ANSWER,621,1513698321,anis028,CONTESTANT,PRETESTS,3,15,2048000
902,A,33416124,GNU C++11,WRONG_ANSWER,811,1513698511,anis028,CONTESTANT,PRETESTS,1,0,2048000
902,A,33416681,GNU C++11,OK,895,1513698595,anis028,CONTESTANT,TESTS,55,15,2048000
902,B,33420803,GNU C++11,OK,1699,1513699399,anis028,CONTESTANT,TESTS,50,62,2560000
902,C,33429221,GNU C++11,WRONG_ANSWER,4364,1513702064,anis028,CONTESTANT,PRETESTS,3,15,5222400
902,C,33432232,GNU C++11,WRONG_ANSWER,5727,1513703427,anis028,CONTESTANT,PRETESTS,3,15,5222400
902,A,33413101,C++14 (GCC 6-32),OK,331,1513698031,anisca22,CONTESTANT,TESTS,55,15,1945600
902,B,33416396,C++14 (GCC 6-32),OK,849,1513698549,anisca22,CONTESTANT,TESTS,50,31,2355200
902,C,33422833,C++14 (GCC 6-32),WRONG_ANSWER,2219,1513699919,anisca22,CONTESTANT,PRETESTS,1,15,2252800
902,C,33423711,C++14 (GCC 6-32),WRONG_ANSWER,2466,1513700166,anisca22,CONTESTANT,PRETESTS,4,15,2252800
902,C,33424742,C++14 (GCC 6-32),WRONG_ANSWER,2756,1513700456,anisca22,CONTESTANT,PRETESTS,4,0,2252800
902,C,33426540,C++14 (GCC 6-32),OK,3337,1513701037,anisca22,CONTESTANT,TESTS,45,140,2252800
902,A,33423744,GNU C,WRONG_ANSWER,2474,1513700174,anjalimadhavi5c0,CONTESTANT,PRETESTS,1,0,1843200
902,A,33425641,GNU C,WRONG_ANSWER,3035,1513700735,anjalimadhavi5c0,CONTESTANT,PRETESTS,2,15,1843200
902,A,33431902,GNU C,WRONG_ANSWER,5571,1513703271,anjalimadhavi5c0,CONTESTANT,PRETESTS,2,15,1843200
902,A,33413312,C++14 (GCC 6-32),OK,369,1513698069,ankeet,CONTESTANT,TESTS,55,15,1945600
902,B,33417392,C++14 (GCC 6-32),OK,1014,1513698714,ankeet,CONTESTANT,TESTS,50,30,2560000
902,C,33427043,C++14 (GCC 6-32),OK,3521,1513701221,ankeet,CONTESTANT,TESTS,45,93,8908800
902,D,33435540,C++14 (GCC 6-32),WRONG_ANSWER,7172,1513704872,ankeet,CONTESTANT,PRETESTS,0,0,1945600
902,A,33417070,Java 8,WRONG_ANSWER,957,1513698657,ankforce,CONTESTANT,PRETESTS,2,139,20992000
902,A,33418954,Java 8,CHALLENGED,1296,1513698996,ankforce,CONTESTANT,CHALLENGES,8,155,20992000
902,A,33418725,GNU C++11,WRONG_ANSWER,1247,1513698947,anki_y767,CONTESTANT,PRETESTS,2,15,2048000
902,A,33420520,GNU C++11,WRONG_ANSWER,1631,1513699331,anki_y767,CONTESTANT,PRETESTS,2,15,2048000
902,A,33424161,GNU C++11,WRONG_ANSWER,2588,1513700288,anki_y767,CONTESTANT,PRETESTS,2,0,2048000
902,A,33426555,GNU C++11,OK,3343,1513701043,anki_y767,CONTESTANT,TESTS,55,15,2048000
902,B,33431221,GNU C++11,WRONG_ANSWER,5226,1513702926,anki_y767,CONTESTANT,PRETESTS,1,0,2048000
902,B,33433607,GNU C++11,OK,6386,1513704086,anki_y767,CONTESTANT,TESTS,50,31,2457600
902,A,33415786,C++14 (GCC 6-32),WRONG_ANSWER,763,1513698463,ankit_06,CONTESTANT,PRETESTS,2,15,3481600
902,A,33422365,C++14 (GCC 6-32),WRONG_ANSWER,2086,1513699786,ankit_06,CONTESTANT,TESTS,41,15,3481600
902,B,33432588,C++14 (GCC 6-32),OK,5915,1513703615,ankit_06,CONTESTANT,TESTS,50,31,2969600
902,A,33415287,C++14 (GCC 6-32),WRONG_ANSWER,690,1513698390,ankitaiitr,CONTESTANT,PRETESTS,2,15,1843200
902,A,33416065,C++14 (GCC 6-32),WRONG_ANSWER,800,1513698500,ankitaiitr,CONTESTANT,PRETESTS,2,0,1945600
902,A,33419596,C++14 (GCC 6-32),WRONG_ANSWER,1431,1513699131,ankitaiitr,CONTESTANT,PRETESTS,2,0,1945600
902,A,33423325,C++14 (GCC 6-32),WRONG_ANSWER,2359,1513700059,ankitaiitr,CONTESTANT,PRETESTS,1,15,1945600
902,A,33423673,C++14 (GCC 6-32),WRONG_ANSWER,2455,1513700155,ankitaiitr,CONTESTANT,PRETESTS,2,0,1843200
902,A,33424165,C++14 (GCC 6-32),WRONG_ANSWER,2589,1513700289,ankitaiitr,CONTESTANT,PRETESTS,2,15,1945600
902,A,33413889,GNU C++11,WRONG_ANSWER,468,1513698168,ankitc,CONTESTANT,PRETESTS,2,0,3686400
902,A,33414656,GNU C++11,WRONG_ANSWER,590,1513698290,ankitc,CONTESTANT,PRETESTS,2,15,3686400
902,A,33417562,GNU C++11,WRONG_ANSWER,1042,1513698742,ankitc,CONTESTANT,PRETESTS,2,15,3686400
902,B,33426592,GNU C++11,SKIPPED,3358,1513701058,ankitc,CONTESTANT,PRETESTS,10,31,5017600
902,B,33426921,GNU C++11,COMPILATION_ERROR,3477,1513701177,ankitc,CONTESTANT,PRETESTS,0,0,0
902,B,33427013,GNU C++11,OK,3509,1513701209,ankitc,CONTESTANT,TESTS,50,46,5120000
902,C,33431644,GNU C++11,WRONG_ANSWER,5435,1513703135,ankitc,CONTESTANT,PRETESTS,1,15,4608000
902,C,33433874,GNU C++11,WRONG_ANSWER,6510,1513704210,ankitc,CONTESTANT,PRETESTS,4,15,4608000
902,C,33434173,GNU C++11,WRONG_ANSWER,6658,1513704358,ankitc,CONTESTANT,TESTS,37,327,4608000
902,A,33434981,GNU C++11,SKIPPED,6996,1513704696,ankitc,CONTESTANT,PRETESTS,8,15,3686400
902,A,33435568,GNU C++11,OK,7178,1513704878,ankitc,CONTESTANT,TESTS,55,15,3686400
902,A,33419928,C++14 (GCC 6-32),WRONG_ANSWER,1496,1513699196,ankitcsr,CONTESTANT,PRETESTS,3,15,1945600
902,A,33421075,C++14 (GCC 6-32),WRONG_ANSWER,1763,1513699463,ankitcsr,CONTESTANT,PRETESTS,3,15,1843200
902,A,33424585,C++14 (GCC 6-32),WRONG_ANSWER,2711,1513700411,ankitcsr,CONTESTANT,PRETESTS,3,15,1945600
902,A,33427921,C++14 (GCC 6-32),WRONG_ANSWER,3846,1513701546,ankitcsr,CONTESTANT,PRETESTS,3,15,1843200
902,A,33432361,C++14 (GCC 6-32),OK,5790,1513703490,ankitcsr,CONTESTANT,TESTS,55,15,1945600
902,A,33414445,C++14 (GCC 6-32),WRONG_ANSWER,558,1513698258,ankitraj,CONTESTANT,PRETESTS,2,15,1843200
902,A,33415642,C++14 (GCC 6-32),WRONG_ANSWER,740,1513698440,ankitraj,CONTESTANT,PRETESTS,2,15,1945600
902,A,33417249,C++14 (GCC 6-32),WRONG_ANSWER,990,1513698690,ankitraj,CONTESTANT,PRETESTS,2,15,1945600
902,A,33418818,C++14 (GCC 6-32),CHALLENGED,1265,1513698965,ankitraj,CONTESTANT,CHALLENGES,8,15,1945600
902,A,33419751,C++14 (GCC 6-32),CHALLENGED,1456,1513699156,ankitraj,CONTESTANT,CHALLENGES,8,15,1945600
902,B,33427735,C++14 (GCC 6-32),WRONG_ANSWER,3773,1513701483,ankitraj,CONTESTANT,TESTS,19,186,2457600
902,A,33430289,C++14 (GCC 6-32),OK,4813,1513702513,ankitraj,CONTESTANT,TESTS,55,15,1945600
902,A,33415614,GNU C++,OK,735,1513698435,ankitsingh.thomso,CONTESTANT,TESTS,55,15,2150400
902,B,33422816,GNU C++,OK,2213,1513699913,ankitsingh.thomso,CONTESTANT,TESTS,50,46,4403200
902,C,33432889,GNU C++,OK,6062,1513703762,ankitsingh.thomso,CONTESTANT,TESTS,45,327,5734400
902,A,33417509,GNU C++11,WRONG_ANSWER,1033,1513698733,ankitsinha3005,CONTESTANT,PRETESTS,2,0,2048000
902,A,33419269,GNU C++11,WRONG_ANSWER,1352,1513699063,ankitsinha3005,CONTESTANT,PRETESTS,2,15,2048000
902,A,33430235,GNU C++11,WRONG_ANSWER,4794,1513702494,ankitsinha3005,CONTESTANT,PRETESTS,2,0,2048000
902,A,33431132,GNU C++11,WRONG_ANSWER,5176,1513702876,ankitsinha3005,CONTESTANT,PRETESTS,4,15,2048000
902,A,33432139,GNU C++11,WRONG_ANSWER,5685,1513703385,ankitsinha3005,CONTESTANT,PRETESTS,0,0,2048000
902,A,33433180,GNU C++,WRONG_ANSWER,6197,1513703897,anmolx123,CONTESTANT,PRETESTS,2,15,2048000
902,A,33433697,GNU C++,WRONG_ANSWER,6423,1513704123,anmolx123,CONTESTANT,PRETESTS,2,0,2048000
902,A,33433981,GNU C++,WRONG_ANSWER,6569,1513704269,anmolx123,CONTESTANT,PRETESTS,1,0,2048000
902,A,33434391,GNU C++,WRONG_ANSWER,6754,1513704454,anmolx123,CONTESTANT,PRETESTS,3,15,2048000
902,A,33434827,GNU C++,WRONG_ANSWER,6943,1513704643,anmolx123,CONTESTANT,PRETESTS,0,15,2048000
902,A,33435615,GNU C++,WRONG_ANSWER,7186,1513704886,anmolx123,CONTESTANT,PRETESTS,0,15,2048000
902,A,33416187,GNU C++,WRONG_ANSWER,820,1513698520,anno,CONTESTANT,PRETESTS,5,15,2048000
902,A,33422990,GNU C++,OK,2256,1513699956,anno,CONTESTANT,TESTS,55,15,2048000
902,B,33427933,GNU C++,OK,3852,1513701552,anno,CONTESTANT,TESTS,50,46,2560000
902,C,33432399,GNU C++,OK,5814,1513703514,anno,CONTESTANT,TESTS,45,343,2867200
902,A,33413269,C++14 (GCC 6-32),WRONG_ANSWER,362,1513698062,anomaly9,CONTESTANT,PRETESTS,3,15,1945600
902,A,33418165,C++14 (GCC 6-32),WRONG_ANSWER,1143,1513698843,anomaly9,CONTESTANT,PRETESTS,1,0,1843200
902,A,33419398,C++14 (GCC 6-32),OK,1384,1513699084,anomaly9,CONTESTANT,TESTS,55,15,1945600
902,B,33421351,C++14 (GCC 6-32),OK,1831,1513699531,anomaly9,CONTESTANT,TESTS,50,31,3993600
902,C,33425385,C++14 (GCC 6-32),WRONG_ANSWER,2955,1513700655,anomaly9,CONTESTANT,PRETESTS,1,15,2252800
902,C,33425838,C++14 (GCC 6-32),OK,3101,1513700801,anomaly9,CONTESTANT,TESTS,45,124,2355200
902,A,33413779,C++14 (GCC 6-32),WRONG_ANSWER,441,1513698151,anonyhostvn,CONTESTANT,PRETESTS,4,15,1843200
902,A,33415249,C++14 (GCC 6-32),WRONG_ANSWER,673,1513698384,anonyhostvn,CONTESTANT,PRETESTS,0,15,1843200
902,A,33416273,C++14 (GCC 6-32),OK,822,1513698533,anonyhostvn,CONTESTANT,TESTS,55,31,1945600
902,B,33421663,C++14 (GCC 6-32),OK,1895,1513699605,anonyhostvn,CONTESTANT,TESTS,50,31,2662400
902,C,33429507,C++14 (GCC 6-32),OK,4478,1513702188,anonyhostvn,CONTESTANT,TESTS,45,140,6553600
902,A,33419965,GNU C++,COMPILATION_ERROR,1505,1513699205,anoop.rbl2012,CONTESTANT,PRETESTS,0,0,0
902,A,33420956,GNU C++,WRONG_ANSWER,1733,1513699433,anoop.rbl2012,CONTESTANT,TESTS,47,15,2048000
902,A,33415862,C++14 (GCC 6-32),WRONG_ANSWER,761,1513698472,anshuiitr,CONTESTANT,PRETESTS,4,0,1945600
902,A,33417173,C++14 (GCC 6-32),WRONG_ANSWER,964,1513698675,anshuiitr,CONTESTANT,PRETESTS,4,15,1843200
902,A,33419387,C++14 (GCC 6-32),WRONG_ANSWER,1370,1513699081,anshuiitr,CONTESTANT,PRETESTS,4,15,1843200
902,A,33421185,C++14 (GCC 6-32),WRONG_ANSWER,1779,1513699490,anshuiitr,CONTESTANT,PRETESTS,4,15,1843200
902,B,33426029,C++14 (GCC 6-32),WRONG_ANSWER,3150,1513700860,anshuiitr,CONTESTANT,PRETESTS,9,31,2457600
902,B,33426447,C++14 (GCC 6-32),OK,3293,1513701003,anshuiitr,CONTESTANT,TESTS,50,31,2560000
902,C,33434770,C++14 (GCC 6-32),WRONG_ANSWER,6909,1513704619,anshuiitr,CONTESTANT,PRETESTS,1,0,1945600
902,A,33413666,C++14 (GCC 6-32),WRONG_ANSWER,433,1513698133,anshulaggarwal987654321,CONTESTANT,PRETESTS,3,15,1945600
902,A,33414166,C++14 (GCC 6-32),OK,514,1513698214,anshulaggarwal987654321,CONTESTANT,TESTS,55,15,1945600
902,B,33425291,C++14 (GCC 6-32),OK,2923,1513700623,anshulaggarwal987654321,CONTESTANT,TESTS,50,46,2560000
902,A,33418639,Java 8,WRONG_ANSWER,1230,1513698930,anshuman_01,CONTESTANT,PRETESTS,2,139,20992000
902,A,33421194,Java 8,WRONG_ANSWER,1792,1513699492,anshuman_01,CONTESTANT,PRETESTS,4,139,20992000
902,A,33424775,Java 8,WRONG_ANSWER,2765,1513700465,anshuman_01,CONTESTANT,TESTS,47,156,20992000
902,A,33414513,GNU C++11,OK,568,1513698268,antguz,CONTESTANT,TESTS,55,15,2048000
902,B,33421203,GNU C++11,OK,1795,1513699495,antguz,CONTESTANT,TESTS,50,31,2560000
902,C,33429095,GNU C++11,OK,4316,1513702016,antguz,CONTESTANT,TESTS,45,234,3276800
902,A,33420832,C++14 (GCC 6-32),COMPILATION_ERROR,1704,1513699404,antipr000,CONTESTANT,PRETESTS,0,0,0
902,A,33422211,C++14 (GCC 6-32),TIME_LIMIT_EXCEEDED,2039,1513699739,antipr000,CONTESTANT,PRETESTS,2,1000,1945600
902,A,33422408,C++14 (GCC 6-32),WRONG_ANSWER,2102,1513699802,antipr000,CONTESTANT,TESTS,11,15,1945600
902,B,33427953,C++14 (GCC 6-32),OK,3857,1513701557,antipr000,CONTESTANT,TESTS,50,31,2560000
902,C,33433182,C++14 (GCC 6-32),WRONG_ANSWER,6199,1513703899,antipr000,CONTESTANT,PRETESTS,3,15,1945600
902,C,33434844,C++14 (GCC 6-32),WRONG_ANSWER,6946,1513704646,antipr000,CONTESTANT,PRETESTS,1,0,1843200
902,A,33426028,C++14 (GCC 6-32),WRONG_ANSWER,3160,1513700860,antitu,CONTESTANT,TESTS,11,15,1945600
902,A,33428475,C++14 (GCC 6-32),WRONG_ANSWER,4062,1513701762,antontrygubO_o,CONTESTANT,PRETESTS,0,15,1843200
902,A,33428687,C++14 (GCC 6-32),OK,4155,1513701855,antontrygubO_o,CONTESTANT,TESTS,55,15,1945600
902,C,33432154,C++14 (GCC 6-32),OK,5691,1513703391,antontrygubO_o,CONTESTANT,TESTS,45,140,3072000
902,A,33425645,C++14 (GCC 6-32),CHALLENGED,3036,1513700736,antsyn23,CONTESTANT,CHALLENGES,8,15,1945600
902,A,33419025,Java 8,OK,1303,1513699014,anu100bhatia100,CONTESTANT,TESTS,55,155,21094400
902,B,33430414,Java 8,COMPILATION_ERROR,4856,1513702566,anu100bhatia100,CONTESTANT,PRETESTS,0,0,0
902,B,33431497,Java 8,OK,5350,1513703061,anu100bhatia100,CONTESTANT,TESTS,50,218,21094400
902,A,33422671,C++14 (GCC 6-32),WRONG_ANSWER,2173,1513699873,anubhav27071997,CONTESTANT,TESTS,11,15,1843200
902,A,33416746,C++14 (GCC 6-32),WRONG_ANSWER,906,1513698606,anuj_1,CONTESTANT,PRETESTS,4,15,1945600
902,A,33421353,GNU C++,OK,1831,1513699531,anuragsidana,CONTESTANT,TESTS,55,15,2048000
902,A,33416035,C++14 (GCC 6-32),WRONG_ANSWER,797,1513698497,aodamiao,CONTESTANT,PRETESTS,2,15,1945600
902,A,33417052,C++14 (GCC 6-32),WRONG_ANSWER,954,1513698654,aodamiao,CONTESTANT,PRETESTS,2,15,1843200
902,A,33419457,C++14 (GCC 6-32),WRONG_ANSWER,1399,1513699099,aodamiao,CONTESTANT,PRETESTS,2,0,1945600
902,A,33421549,C++14 (GCC 6-32),WRONG_ANSWER,1881,1513699581,aodamiao,CONTESTANT,PRETESTS,2,0,1843200
902,A,33424449,C++14 (GCC 6-32),OK,2672,1513700372,aodamiao,CONTESTANT,TESTS,55,15,1945600
902,A,33413398,C++14 (GCC 6-32),WRONG_ANSWER,384,1513698084,ap0calypse,CONTESTANT,PRETESTS,4,15,1843200
902,A,33415938,C++14 (GCC 6-32),OK,783,1513698483,ap0calypse,CONTESTANT,TESTS,55,15,1945600
902,B,33430133,C++14 (GCC 6-32),OK,4756,1513702456,ap0calypse,CONTESTANT,TESTS,50,31,2048000
902,A,33413563,C++14 (GCC 6-32),OK,405,1513698115,apoorv_kulsh,CONTESTANT,TESTS,55,15,1945600
902,B,33419760,C++14 (GCC 6-32),OK,1447,1513699158,apoorv_kulsh,CONTESTANT,TESTS,50,15,3891200
902,C,33423899,C++14 (GCC 6-32),WRONG_ANSWER,2508,1513700219,apoorv_kulsh,CONTESTANT,PRETESTS,3,15,3072000
902,C,33425360,C++14 (GCC 6-32),OK,2937,1513700647,apoorv_kulsh,CONTESTANT,TESTS,45,93,3072000
902,E,33434507,C++14 (GCC 6-32),OK,6797,1513704507,apoorv_kulsh,CONTESTANT,TESTS,59,499,42496000
902,B,33428135,C++14 (GCC 6-32),WRONG_ANSWER,3921,1513701631,apoorvkumar91,CONTESTANT,PRETESTS,0,0,1843200
902,B,33428786,C++14 (GCC 6-32),WRONG_ANSWER,4184,1513701894,apoorvkumar91,CONTESTANT,PRETESTS,9,31,2355200
902,B,33430179,C++14 (GCC 6-32),OK,4762,1513702472,apoorvkumar91,CONTESTANT,TESTS,50,234,2355200
902,A,33435131,C++14 (GCC 6-32),SKIPPED,7034,1513704744,apoorvkumar91,CONTESTANT,PRETESTS,8,15,2048000
902,A,33435574,C++14 (GCC 6-32),TIME_LIMIT_EXCEEDED,7169,1513704879,apoorvkumar91,CONTESTANT,TESTS,13,1000,2048000
902,A,33414587,GNU C++,WRONG_ANSWER,581,1513698281,appro,CONTESTANT,TESTS,41,15,2048000
902,B,33419535,GNU C++,OK,1417,1513699117,appro,CONTESTANT,TESTS,50,46,2560000
902,C,33427518,GNU C++,OK,3705,1513701405,appro,CONTESTANT,TESTS,45,312,2457600
902,A,33422478,C++14 (GCC 6-32),WRONG_ANSWER,2121,1513699821,appy_shades_,CONTESTANT,PRETESTS,2,15,1945600
902,A,33425809,C++14 (GCC 6-32),WRONG_ANSWER,3091,1513700792,appy_shades_,CONTESTANT,PRETESTS,2,15,1945600
902,A,33426816,C++14 (GCC 6-32),WRONG_ANSWER,3440,1513701140,appy_shades_,CONTESTANT,PRETESTS,2,15,1843200
902,A,33428131,C++14 (GCC 6-32),WRONG_ANSWER,3930,1513701630,appy_shades_,CONTESTANT,PRETESTS,2,15,1843200
902,A,33430790,C++14 (GCC 6-32),WRONG_ANSWER,5033,1513702733,appy_shades_,CONTESTANT,PRETESTS,5,15,1945600
902,A,33432122,C++14 (GCC 6-32),WRONG_ANSWER,5675,1513703375,appy_shades_,CONTESTANT,PRETESTS,2,15,1843200
902,A,33433142,C++14 (GCC 6-32),WRONG_ANSWER,6180,1513703880,appy_shades_,CONTESTANT,PRETESTS,5,15,1945600
902,A,33415867,C++14 (GCC 6-32),WRONG_ANSWER,762,1513698473,aqweteddy,CONTESTANT,PRETESTS,1,0,1945600
902,A,33416478,C++14 (GCC 6-32),WRONG_ANSWER,854,1513698564,aqweteddy,CONTESTANT,PRETESTS,1,15,1843200
902,A,33424271,C++14 (GCC 6-32),WRONG_ANSWER,2604,1513700314,aqweteddy,CONTESTANT,PRETESTS,3,15,1945600
902,A,33424666,C++14 (GCC 6-32),WRONG_ANSWER,2724,1513700434,aqweteddy,CONTESTANT,PRETESTS,0,0,1843200
902,A,33424795,C++14 (GCC 6-32),WRONG_ANSWER,2761,1513700471,aqweteddy,CONTESTANT,PRETESTS,3,0,1945600
902,A,33425206,C++14 (GCC 6-32),OK,2885,1513700595,aqweteddy,CONTESTANT,TESTS,55,15,1945600
902,A,33426073,GNU C,COMPILATION_ERROR,3179,1513700879,ar_shadow,CONTESTANT,PRETESTS,0,0,0
902,A,33426192,C++14 (GCC 6-32),WRONG_ANSWER,3219,1513700919,ar_shadow,CONTESTANT,PRETESTS,4,15,1843200
902,A,33428103,C++14 (GCC 6-32),WRONG_ANSWER,3917,1513701617,ar_shadow,CONTESTANT,PRETESTS,4,15,1945600
902,A,33428290,C++14 (GCC 6-32),WRONG_ANSWER,3987,1513701687,ar_shadow,CONTESTANT,PRETESTS,4,15,1945600
902,A,33428649,C++14 (GCC 6-32),WRONG_ANSWER,4141,1513701841,ar_shadow,CONTESTANT,PRETESTS,4,15,1945600
902,A,33429577,C++14 (GCC 6-32),WRONG_ANSWER,4521,1513702221,ar_shadow,CONTESTANT,PRETESTS,1,0,1945600
902,A,33429700,C++14 (GCC 6-32),WRONG_ANSWER,4570,1513702270,ar_shadow,CONTESTANT,PRETESTS,4,15,1945600
902,A,33421327,GNU C++11,WRONG_ANSWER,1814,1513699525,arafat_hasan,CONTESTANT,PRETESTS,2,15,2048000
902,A,33422687,GNU C++11,OK,2168,1513699878,arafat_hasan,CONTESTANT,TESTS,55,15,2048000
902,B,33430893,GNU C++11,OK,5060,1513702771,arafat_hasan,CONTESTANT,TESTS,50,31,2560000
902,A,33421636,GNU C++,WRONG_ANSWER,1899,1513699599,arafatbd,CONTESTANT,PRETESTS,2,0,2048000
902,A,33422451,GNU C++,WRONG_ANSWER,2112,1513699812,arafatbd,CONTESTANT,PRETESTS,2,15,2048000
902,A,33426535,GNU C++,WRONG_ANSWER,3335,1513701035,arafatbd,CONTESTANT,PRETESTS,2,15,2048000
902,A,33416671,GNU C++11,OK,894,1513698594,aragon1,CONTESTANT,TESTS,55,15,2048000
902,B,33431275,GNU C++11,OK,5251,1513702951,aragon1,CONTESTANT,TESTS,50,46,3686400
902,A,33412817,GNU C++11,WRONG_ANSWER,256,1513697956,arasmus,CONTESTANT,PRETESTS,3,15,2048000
902,A,33413474,GNU C++11,WRONG_ANSWER,398,1513698098,arasmus,CONTESTANT,PRETESTS,4,15,2048000
902,A,33413993,GNU C++11,OK,487,1513698187,arasmus,CONTESTANT,TESTS,55,15,2048000
902,B,33416852,GNU C++11,OK,923,1513698623,arasmus,CONTESTANT,TESTS,50,31,5529600
902,C,33422918,GNU C++11,WRONG_ANSWER,2240,1513699940,arasmus,CONTESTANT,PRETESTS,1,15,5222400
902,C,33423937,GNU C++11,OK,2530,1513700230,arasmus,CONTESTANT,TESTS,45,233,5324800
902,A,33414302,C++14 (GCC 6-32),OK,534,1513698234,aravind97,CONTESTANT,TESTS,55,15,1945600
902,B,33429664,C++14 (GCC 6-32),OK,4555,1513702255,aravind97,CONTESTANT,TESTS,50,46,2560000
902,C,33434224,C++14 (GCC 6-32),WRONG_ANSWER,6681,1513704381,aravind97,CONTESTANT,PRETESTS,5,15,1945600
902,C,33435466,C++14 (GCC 6-32),WRONG_ANSWER,7156,1513704856,aravind97,CONTESTANT,PRETESTS,5,15,1843200
902,A,33422467,GNU C++11,WRONG_ANSWER,2117,1513699817,archi97,CONTESTANT,TESTS,47,15,2048000
902,A,33421494,C++14 (GCC 6-32),WRONG_ANSWER,1868,1513699568,architbhatia,CONTESTANT,PRETESTS,2,15,1945600
902,A,33424802,C++14 (GCC 6-32),WRONG_ANSWER,2773,1513700473,architbhatia,CONTESTANT,PRETESTS,2,15,1945600
902,A,33425786,C++14 (GCC 6-32),WRONG_ANSWER,3084,1513700784,architbhatia,CONTESTANT,PRETESTS,2,15,1843200
902,A,33430798,C++14 (GCC 6-32),WRONG_ANSWER,5036,1513702736,architbhatia,CONTESTANT,PRETESTS,5,15,1945600
902,A,33432055,C++14 (GCC 6-32),WRONG_ANSWER,5639,1513703339,architbhatia,CONTESTANT,PRETESTS,0,0,1843200
902,A,33432459,C++14 (GCC 6-32),WRONG_ANSWER,5844,1513703544,architbhatia,CONTESTANT,PRETESTS,0,15,1843200
902,A,33432785,C++14 (GCC 6-32),WRONG_ANSWER,6005,1513703705,architbhatia,CONTESTANT,PRETESTS,5,15,1843200
902,A,33414187,C++14 (GCC 6-32),OK,517,1513698217,ardan,CONTESTANT,TESTS,55,15,1945600
902,B,33418565,C++14 (GCC 6-32),OK,1216,1513698916,ardan,CONTESTANT,TESTS,50,31,2560000
902,C,33425013,C++14 (GCC 6-32),SKIPPED,2833,1513700533,ardan,CONTESTANT,PRETESTS,13,77,3481600
902,C,33425429,C++14 (GCC 6-32),OK,2970,1513700670,ardan,CONTESTANT,TESTS,45,93,5632000
902,D,33433563,C++14 (GCC 6-32),WRONG_ANSWER,6363,1513704063,ardan,CONTESTANT,PRETESTS,0,0,1843200
902,D,33434998,C++14 (GCC 6-32),WRONG_ANSWER,7002,1513704702,ardan,CONTESTANT,PRETESTS,0,15,1843200
902,A,33433756,MS C++,WRONG_ANSWER,6441,1513704151,arefevasofia7391,CONTESTANT,PRETESTS,2,0,2048000
902,A,33433989,MS C++,WRONG_ANSWER,6562,1513704272,arefevasofia7391,CONTESTANT,PRETESTS,2,15,2048000
902,A,33434304,MS C++,WRONG_ANSWER,6706,1513704416,arefevasofia7391,CONTESTANT,PRETESTS,2,15,2048000
902,A,33414442,C++14 (GCC 6-32),OK,558,1513698258,aristo,CONTESTANT,TESTS,55,15,7372800
902,A,33416137,C++14 (GCC 6-32),WRONG_ANSWER,812,1513698512,arjita_03,CONTESTANT,PRETESTS,4,15,1945600
902,A,33414048,Python 3,WRONG_ANSWER,497,1513698197,arksap2002,CONTESTANT,PRETESTS,3,62,5529600
902,A,33414496,Python 3,WRONG_ANSWER,565,1513698265,arksap2002,CONTESTANT,PRETESTS,3,61,5529600
902,A,33416053,Python 3,WRONG_ANSWER,799,1513698499,arksap2002,CONTESTANT,PRETESTS,4,62,5529600
902,A,33417728,Python 3,WRONG_ANSWER,1071,1513698771,arksap2002,CONTESTANT,PRETESTS,4,62,5529600
902,A,33418626,Python 3,WRONG_ANSWER,1227,1513698927,arksap2002,CONTESTANT,PRETESTS,0,46,5529600
902,A,33419629,Python 3,WRONG_ANSWER,1435,1513699135,arksap2002,CONTESTANT,PRETESTS,4,62,5529600
902,A,33421641,Python 3,WRONG_ANSWER,1901,1513699601,arksap2002,CONTESTANT,PRETESTS,2,62,5529600
902,A,33424435,Python 3,WRONG_ANSWER,2667,1513700367,arksap2002,CONTESTANT,PRETESTS,4,61,5529600
902,A,33425321,Python 3,WRONG_ANSWER,2934,1513700634,arksap2002,CONTESTANT,PRETESTS,1,61,5529600
902,A,33425659,Python 3,WRONG_ANSWER,3040,1513700740,arksap2002,CONTESTANT,PRETESTS,0,46,5529600
902,A,33426316,Python 3,OK,3259,1513700959,arksap2002,CONTESTANT,TESTS,55,62,5632000
902,A,33418940,GNU C++,OK,1294,1513698994,armitaj.l.i,CONTESTANT,TESTS,55,15,2048000
902,B,33428918,GNU C++,OK,4244,1513701944,armitaj.l.i,CONTESTANT,TESTS,50,46,2560000
902,A,33412894,Java 8,OK,281,1513697981,armoking,CONTESTANT,TESTS,55,140,20684800
902,C,33422497,Java 8,OK,2126,1513699826,armoking,CONTESTANT,TESTS,45,467,94412800
902,B,33426399,Java 8,OK,3289,1513700989,armoking,CONTESTANT,TESTS,50,155,20684800
902,D,33431943,Java 8,WRONG_ANSWER,5588,1513703288,armoking,CONTESTANT,PRETESTS,2,109,20684800
902,A,33418889,GNU C,WRONG_ANSWER,1283,1513698983,arn_kap,CONTESTANT,PRETESTS,4,15,1843200
902,A,33419694,GNU C,OK,1448,1513699148,arn_kap,CONTESTANT,TESTS,55,15,1843200
902,A,33415459,GNU C++,OK,715,1513698415,arnab_0017,CONTESTANT,TESTS,55,15,2048000
902,B,33421275,GNU C++,OK,1813,1513699513,arnab_0017,CONTESTANT,TESTS,50,31,3993600
902,C,33430417,GNU C++,OK,4867,1513702567,arnab_0017,CONTESTANT,TESTS,45,109,2457600
902,A,33420768,C++14 (GCC 6-32),WRONG_ANSWER,1691,1513699391,arnabpaulcsedu,CONTESTANT,PRETESTS,2,15,1843200
902,A,33422394,C++14 (GCC 6-32),COMPILATION_ERROR,2098,1513699798,arnabpaulcsedu,CONTESTANT,PRETESTS,0,0,0
902,A,33422565,C++14 (GCC 6-32),WRONG_ANSWER,2142,1513699842,arnabpaulcsedu,CONTESTANT,PRETESTS,2,15,1843200
902,A,33425304,C++14 (GCC 6-32),WRONG_ANSWER,2928,1513700628,arnabpaulcsedu,CONTESTANT,PRETESTS,2,15,2048000
902,A,33426618,C++14 (GCC 6-32),WRONG_ANSWER,3371,1513701071,arnabpaulcsedu,CONTESTANT,PRETESTS,2,15,2048000
902,A,33414901,Python 3,WRONG_ANSWER,620,1513698330,arnastria,CONTESTANT,PRETESTS,2,46,5529600
902,A,33413159,GNU C++,WRONG_ANSWER,341,1513698041,aro1,CONTESTANT,PRETESTS,1,15,2867200
902,A,33416054,GNU C++,WRONG_ANSWER,799,1513698499,aro1,CONTESTANT,PRETESTS,3,15,2867200
902,A,33413134,Python 3,OK,338,1513698038,arpit040199,CONTESTANT,TESTS,55,62,5529600
902,B,33425552,C++14 (GCC 6-32),RUNTIME_ERROR,3008,1513700708,arpit040199,CONTESTANT,PRETESTS,5,15,2048000
902,B,33426231,C++14 (GCC 6-32),OK,3232,1513700932,arpit040199,CONTESTANT,TESTS,50,46,2867200
902,C,33435670,C++14 (GCC 6-32),COMPILATION_ERROR,7197,1513704897,arpit040199,CONTESTANT,PRETESTS,0,0,0
902,A,33415259,C++14 (GCC 6-32),WRONG_ANSWER,685,1513698385,arpituppal,CONTESTANT,PRETESTS,2,15,1843200
902,A,33417741,C++14 (GCC 6-32),OK,1073,1513698773,arpituppal,CONTESTANT,TESTS,55,30,1843200
902,B,33425608,C++14 (GCC 6-32),OK,3025,1513700725,arpituppal,CONTESTANT,TESTS,50,31,2560000
902,A,33412727,C++14 (GCC 6-32),WRONG_ANSWER,218,1513697918,arpn,CONTESTANT,PRETESTS,2,15,1843200
902,A,33417034,C++14 (GCC 6-32),TIME_LIMIT_EXCEEDED,950,1513698650,arpn,CONTESTANT,PRETESTS,2,1000,1843200
902,A,33418934,C++14 (GCC 6-32),OK,1292,1513698992,arpn,CONTESTANT,TESTS,55,15,1945600
902,B,33422570,C++14 (GCC 6-32),OK,2133,1513699844,arpn,CONTESTANT,TESTS,50,31,22220800
902,C,33428657,C++14 (GCC 6-32),WRONG_ANSWER,4133,1513701843,arpn,CONTESTANT,PRETESTS,3,0,5939200
902,C,33431787,C++14 (GCC 6-32),WRONG_ANSWER,5500,1513703211,arpn,CONTESTANT,PRETESTS,6,15,1945600
902,C,33431950,C++14 (GCC 6-32),OK,5581,1513703291,arpn,CONTESTANT,TESTS,45,156,5324800
902,A,33413811,C++14 (GCC 6-32),OK,456,1513698157,arru,CONTESTANT,TESTS,55,30,1945600
902,B,33420446,C++14 (GCC 6-32),OK,1613,1513699313,arru,CONTESTANT,TESTS,50,15,2560000
902,C,33429891,C++14 (GCC 6-32),OK,4647,1513702347,arru,CONTESTANT,TESTS,45,109,28467200
902,A,33414467,GNU C++11,OK,560,1513698260,arshad2117,CONTESTANT,TESTS,55,15,2048000
902,B,33426089,GNU C++11,OK,3186,1513700886,arshad2117,CONTESTANT,TESTS,50,280,5939200
902,C,33430284,GNU C++11,WRONG_ANSWER,4811,1513702511,arshad2117,CONTESTANT,PRETESTS,1,15,4505600
902,C,33431183,GNU C++11,WRONG_ANSWER,5208,1513702908,arshad2117,CONTESTANT,PRETESTS,3,15,4505600
902,C,33432295,GNU C++11,OK,5763,1513703463,arshad2117,CONTESTANT,TESTS,45,233,4505600
902,A,33416806,GNU C++,WRONG_ANSWER,916,1513698616,art1st,CONTESTANT,PRETESTS,2,15,2048000
902,A,33417968,GNU C++,WRONG_ANSWER,1111,1513698811,art1st,CONTESTANT,PRETESTS,2,15,2048000
902,A,33420753,GNU C++,WRONG_ANSWER,1687,1513699387,art1st,CONTESTANT,PRETESTS,2,15,2048000
902,A,33421099,GNU C++,COMPILATION_ERROR,1768,1513699468,art1st,CONTESTANT,PRETESTS,0,0,0
902,A,33421167,GNU C++,WRONG_ANSWER,1786,1513699486,art1st,CONTESTANT,PRETESTS,0,15,2048000
902,A,33423135,GNU C++,WRONG_ANSWER,2304,1513700004,art1st,CONTESTANT,PRETESTS,0,0,2048000
902,A,33423245,GNU C++,WRONG_ANSWER,2340,1513700040,art1st,CONTESTANT,PRETESTS,0,0,2048000
902,A,33423384,GNU C++,WRONG_ANSWER,2374,1513700074,art1st,CONTESTANT,PRETESTS,3,15,2048000
902,A,33424059,GNU C++,CHALLENGED,2560,1513700260,art1st,CONTESTANT,CHALLENGES,8,15,2048000
902,B,33429261,GNU C++,OK,4382,1513702082,art1st,CONTESTANT,TESTS,50,280,2457600
902,A,33430324,GNU C++,WRONG_ANSWER,4831,1513702531,art1st,CONTESTANT,PRETESTS,0,0,2048000
902,A,33430431,GNU C++,WRONG_ANSWER,4871,1513702571,art1st,CONTESTANT,PRETESTS,0,15,2048000
902,A,33431599,GNU C++,WRONG_ANSWER,5408,1513703108,art1st,CONTESTANT,PRETESTS,2,15,2048000
902,A,33433532,GNU C++,WRONG_ANSWER,6346,1513704046,art1st,CONTESTANT,PRETESTS,2,15,2048000
902,A,33433694,GNU C++,WRONG_ANSWER,6423,1513704123,art1st,CONTESTANT,CHALLENGES,0,15,2048000
902,A,33434152,GNU C++,OK,6648,1513704348,art1st,CONTESTANT,TESTS,55,15,2048000
902,A,33428899,PascalABC.NET,RUNTIME_ERROR,4226,1513701936,artem3605,CONTESTANT,PRETESTS,0,15,12595200
902,A,33417022,Java 8,CHALLENGED,948,1513698648,arunganesh1,CONTESTANT,CHALLENGES,8,124,20684800
902,B,33423895,C++14 (GCC 6-32),OK,2518,1513700218,arunganesh1,CONTESTANT,TESTS,50,31,7884800
902,A,33429947,Java 8,WRONG_ANSWER,4673,1513702373,arunganesh1,CONTESTANT,CHALLENGES,0,109,20684800
902,C,33433534,Java 8,WRONG_ANSWER,6346,1513704046,arunganesh1,CONTESTANT,PRETESTS,1,109,20684800
902,C,33434035,Java 8,WRONG_ANSWER,6599,1513704299,arunganesh1,CONTESTANT,PRETESTS,3,124,20684800
902,A,33419652,Python 2,WRONG_ANSWER,1439,1513699139,arutsudar,CONTESTANT,PRETESTS,4,46,4505600
902,A,33421824,Python 2,WRONG_ANSWER,1947,1513699647,arutsudar,CONTESTANT,PRETESTS,4,62,4505600
902,A,33423650,Python 2,OK,2445,1513700145,arutsudar,CONTESTANT,TESTS,55,62,4608000
902,A,33419697,Java 8,WRONG_ANSWER,1449,1513699149,asadp,CONTESTANT,PRETESTS,2,155,20992000
902,A,33422956,Java 8,WRONG_ANSWER,2249,1513699949,asadp,CONTESTANT,PRETESTS,2,140,20992000
902,A,33416309,C++14 (GCC 6-32),WRONG_ANSWER,838,1513698538,asadullah012,CONTESTANT,PRETESTS,2,0,1843200
902,A,33422866,C++14 (GCC 6-32),OK,2226,1513699926,asadullah012,CONTESTANT,TESTS,55,15,1945600
902,A,33414847,GNU C++,OK,622,1513698322,asawasa,CONTESTANT,TESTS,55,15,2048000
902,B,33420995,GNU C++,OK,1742,1513699442,asawasa,CONTESTANT,TESTS,50,62,3993600
902,C,33425123,GNU C++,WRONG_ANSWER,2868,1513700568,asawasa,CONTESTANT,PRETESTS,1,0,2457600
902,C,33426060,GNU C++,WRONG_ANSWER,3174,1513700874,asawasa,CONTESTANT,PRETESTS,1,15,2457600
902,C,33426428,GNU C++,WRONG_ANSWER,3297,1513700997,asawasa,CONTESTANT,PRETESTS,3,0,2457600
902,C,33427864,GNU C++,OK,3826,1513701526,asawasa,CONTESTANT,TESTS,45,327,5120000
902,D,33433860,GNU C++,WRONG_ANSWER,6503,1513704203,asawasa,CONTESTANT,PRETESTS,2,15,2048000
902,A,33414563,C++14 (GCC 6-32),OK,578,1513698278,asdfghjl,CONTESTANT,TESTS,55,31,2048000
902,B,33422200,C++14 (GCC 6-32),OK,2037,1513699737,asdfghjl,CONTESTANT,TESTS,50,15,2662400
902,C,33431161,C++14 (GCC 6-32),WRONG_ANSWER,5196,1513702896,asdfghjl,CONTESTANT,PRETESTS,3,15,2252800
902,C,33432593,C++14 (GCC 6-32),WRONG_ANSWER,5916,1513703616,asdfghjl,CONTESTANT,PRETESTS,3,15,2252800
902,C,33433444,C++14 (GCC 6-32),OK,6312,1513704012,asdfghjl,CONTESTANT,TESTS,45,77,2252800
902,A,33413378,C++14 (GCC 6-32),WRONG_ANSWER,380,1513698080,ash0904,CONTESTANT,PRETESTS,4,0,9932800
902,A,33417431,C++14 (GCC 6-32),TIME_LIMIT_EXCEEDED,1019,1513698719,ash0904,CONTESTANT,PRETESTS,2,1000,2048000
902,B,33424101,C++14 (GCC 6-32),OK,2570,1513700270,ash0904,CONTESTANT,TESTS,50,30,5222400
902,A,33425750,C++14 (GCC 6-32),OK,3073,1513700773,ash0904,CONTESTANT,TESTS,55,15,9932800
902,C,33431609,C++14 (GCC 6-32),OK,5412,1513703112,ash0904,CONTESTANT,TESTS,45,108,9932800
902,A,33419213,GNU C++,WRONG_ANSWER,1341,1513699052,ash432,CONTESTANT,PRETESTS,3,0,6041600
902,A,33431899,GNU C++,WRONG_ANSWER,5570,1513703270,ash432,CONTESTANT,PRETESTS,6,15,2048000
902,A,33415222,GNU C++11,OK,680,1513698380,ashehata36,CONTESTANT,TESTS,55,15,2048000
902,A,33416222,GNU C++,WRONG_ANSWER,824,1513698524,ashish1206,CONTESTANT,PRETESTS,2,15,2048000
902,A,33418990,GNU C++,WRONG_ANSWER,1306,1513699006,ashish1206,CONTESTANT,PRETESTS,2,15,2048000
902,A,33425253,GNU C++,WRONG_ANSWER,2911,1513700611,ashish1206,CONTESTANT,PRETESTS,3,0,2048000
902,A,33425542,GNU C++,WRONG_ANSWER,3005,1513700705,ashish1206,CONTESTANT,PRETESTS,3,15,2048000
902,A,33429882,GNU C++,OK,4645,1513702345,ashish1206,CONTESTANT,TESTS,55,30,2048000
902,A,33415973,C++14 (GCC 6-32),OK,789,1513698489,ashish2011,CONTESTANT,TESTS,55,15,1945600
902,B,33421983,C++14 (GCC 6-32),OK,1989,1513699689,ashish2011,CONTESTANT,TESTS,50,15,2560000
902,C,33426884,C++14 (GCC 6-32),WRONG_ANSWER,3464,1513701164,ashish2011,CONTESTANT,PRETESTS,4,15,1843200
902,C,33427628,C++14 (GCC 6-32),OK,3740,1513701440,ashish2011,CONTESTANT,TESTS,45,93,2252800
902,A,33417056,GNU C++,MEMORY_LIMIT_EXCEEDED,955,1513698655,ashok_,CONTESTANT,PRETESTS,2,483,268390400
902,A,33419160,GNU C++,MEMORY_LIMIT_EXCEEDED,1343,1513699043,ashok_,CONTESTANT,PRETESTS,2,482,268390400
902,A,33420369,GNU C++,TIME_LIMIT_EXCEEDED,1593,1513699293,ashok_,CONTESTANT,PRETESTS,2,1000,2048000
902,A,33421925,GNU C++,OK,1974,1513699674,ashok_,CONTESTANT,TESTS,55,15,2048000
902,B,33427807,GNU C++,OK,3807,1513701507,ashok_,CONTESTANT,TESTS,50,46,2560000
902,C,33431984,GNU C++,WRONG_ANSWER,5608,1513703308,ashraful_afruz,CONTESTANT,PRETESTS,1,15,2048000
902,B,33432107,GNU C++,OK,5670,1513703370,ashraful_afruz,CONTESTANT,TESTS,50,46,2662400
902,A,33432174,GNU C++,CHALLENGED,5700,1513703400,ashraful_afruz,CONTESTANT,CHALLENGES,8,15,2048000
902,C,33432747,GNU C++,OK,5985,1513703685,ashraful_afruz,CONTESTANT,TESTS,45,249,2457600
902,A,33433651,GNU C++,WRONG_ANSWER,6405,1513704105,ashraful_afruz,CONTESTANT,CHALLENGES,0,15,2048000
902,A,33434696,GNU C++,OK,6884,1513704584,ashraful_afruz,CONTESTANT,TESTS,55,15,2048000
902,A,33413740,Java 8,WRONG_ANSWER,444,1513698144,ashraybharambe,CONTESTANT,PRETESTS,2,140,20992000
902,A,33415978,Java 8,WRONG_ANSWER,790,1513698490,ashraybharambe,CONTESTANT,PRETESTS,0,124,20992000
902,A,33416784,Java 8,WRONG_ANSWER,913,1513698613,ashraybharambe,CONTESTANT,PRETESTS,4,140,20992000
902,A,33422221,Java 8,WRONG_ANSWER,2041,1513699741,ashraybharambe,CONTESTANT,PRETESTS,4,124,20992000
902,A,33424166,Java 8,WRONG_ANSWER,2589,1513700289,ashraybharambe,CONTESTANT,PRETESTS,1,124,20992000
902,A,33425543,Java 8,OK,3005,1513700705,ashraybharambe,CONTESTANT,TESTS,55,156,21094400
902,B,33431077,Java 8,OK,5155,1513702855,ashraybharambe,CONTESTANT,TESTS,50,202,21094400
902,A,33420454,C++14 (GCC 6-32),WRONG_ANSWER,1614,1513699314,ashutosh450,CONTESTANT,PRETESTS,4,0,1843200
902,A,33423242,C++14 (GCC 6-32),WRONG_ANSWER,2340,1513700040,ashutosh450,CONTESTANT,PRETESTS,5,15,1843200
902,A,33426696,C++14 (GCC 6-32),WRONG_ANSWER,3399,1513701099,ashutosh450,CONTESTANT,PRETESTS,2,15,1843200
902,A,33433045,C++14 (GCC 6-32),WRONG_ANSWER,6132,1513703832,ashutosh450,CONTESTANT,PRETESTS,4,15,1843200
902,A,33433531,Python 3,OK,6346,1513704046,ashutosh450,CONTESTANT,TESTS,55,77,5529600
902,A,33420517,C++14 (GCC 6-32),WRONG_ANSWER,1630,1513699330,ashutoshmishra,CONTESTANT,PRETESTS,2,15,1843200
902,A,33423812,GNU C++11,WRONG_ANSWER,2493,1513700193,asik_b8,CONTESTANT,PRETESTS,2,15,2048000
902,A,33417818,C++14 (GCC 6-32),WRONG_ANSWER,1087,1513698787,askfarid,CONTESTANT,PRETESTS,2,15,1945600
902,A,33419702,C++14 (GCC 6-32),WRONG_ANSWER,1449,1513699149,askfarid,CONTESTANT,PRETESTS,2,15,1945600
902,A,33422458,C++14 (GCC 6-32),CHALLENGED,2114,1513699814,askfarid,CONTESTANT,CHALLENGES,8,15,1945600
902,A,33429693,C++14 (GCC 6-32),CHALLENGED,4566,1513702266,askfarid,CONTESTANT,CHALLENGES,8,15,1945600
902,A,33430966,C++14 (GCC 6-32),WRONG_ANSWER,5101,1513702801,askfarid,CONTESTANT,CHALLENGES,0,15,1945600
902,A,33431662,C++14 (GCC 6-32),SKIPPED,5440,1513703140,askfarid,CONTESTANT,PRETESTS,8,15,1945600
902,A,33432245,C++14 (GCC 6-32),OK,5735,1513703435,askfarid,CONTESTANT,TESTS,55,15,1945600
902,B,33429152,GNU C++17 Diagnostics,TIME_LIMIT_EXCEEDED,4339,1513702039,assdollakhan,CONTESTANT,PRETESTS,5,1000,98508800
902,A,33430860,C++14 (GCC 6-32),OK,5055,1513702755,assdollakhan,CONTESTANT,TESTS,55,15,1945600
902,B,33434856,C++14 (GCC 6-32),TIME_LIMIT_EXCEEDED,6954,1513704654,assdollakhan,CONTESTANT,TESTS,17,1000,2150400
902,A,33412659,C++14 (GCC 6-32),WRONG_ANSWER,158,1513697869,astral17,CONTESTANT,PRETESTS,3,15,1843200
902,A,33412743,C++14 (GCC 6-32),OK,214,1513697925,astral17,CONTESTANT,TESTS,55,15,1945600
902,B,33417621,C++14 (GCC 6-32),OK,1043,1513698754,astral17,CONTESTANT,TESTS,50,31,3686400
902,C,33427021,C++14 (GCC 6-32),OK,3502,1513701213,astral17,CONTESTANT,TESTS,45,140,3891200
902,A,33416291,C++14 (GCC 6-32),WRONG_ANSWER,835,1513698535,astrophilic,CONTESTANT,PRETESTS,2,0,1843200
902,A,33417038,C++14 (GCC 6-32),WRONG_ANSWER,951,1513698651,astrophilic,CONTESTANT,PRETESTS,2,15,1945600
902,A,33420737,C++14 (GCC 6-32),OK,1681,1513699381,astrophilic,CONTESTANT,TESTS,55,15,1945600
902,B,33425678,C++14 (GCC 6-32),OK,3048,1513700748,astrophilic,CONTESTANT,TESTS,50,46,2662400
902,A,33428863,GNU C++17 Diagnostics,WRONG_ANSWER,4214,1513701925,atlas10,CONTESTANT,PRETESTS,2,779,98406400
902,A,33416575,C++14 (GCC 6-32),OK,880,1513698580,atmshiblesadik,CONTESTANT,TESTS,55,15,1945600
902,B,33427816,C++14 (GCC 6-32),OK,3809,1513701509,atmshiblesadik,CONTESTANT,TESTS,50,202,3993600
902,A,33419040,C++14 (GCC 6-32),WRONG_ANSWER,1308,1513699018,atqrhmn,CONTESTANT,PRETESTS,3,15,1945600
902,A,33420850,C++14 (GCC 6-32),WRONG_ANSWER,1699,1513699410,atqrhmn,CONTESTANT,PRETESTS,3,15,1945600
902,A,33422041,C++14 (GCC 6-32),OK,1992,1513699702,atqrhmn,CONTESTANT,TESTS,55,15,2252800
902,B,33426356,C++14 (GCC 6-32),OK,3261,1513700971,atqrhmn,CONTESTANT,TESTS,50,30,2764800
902,A,33413080,GNU C++11,OK,315,1513698025,attila111,CONTESTANT,TESTS,55,31,2048000
902,B,33418841,GNU C++11,OK,1259,1513698970,attila111,CONTESTANT,TESTS,50,31,2662400
902,A,33413850,PyPy 2,WRONG_ANSWER,462,1513698162,attiw,CONTESTANT,TESTS,47,78,21401600
902,B,33421416,GNU C++11,OK,1845,1513699545,attiw,CONTESTANT,TESTS,50,15,3993600
902,C,33431806,GNU C++11,OK,5520,1513703220,attiw,CONTESTANT,TESTS,45,109,4915200
902,A,33415746,C++14 (GCC 6-32),WRONG_ANSWER,756,1513698456,atyachari,CONTESTANT,PRETESTS,2,0,1843200
902,A,33418474,C++14 (GCC 6-32),WRONG_ANSWER,1199,1513698899,atyachari,CONTESTANT,PRETESTS,2,15,1945600
902,A,33420343,C++14 (GCC 6-32),OK,1586,1513699286,atyachari,CONTESTANT,TESTS,55,15,1945600
902,B,33426016,C++14 (GCC 6-32),OK,3156,1513700856,atyachari,CONTESTANT,TESTS,50,46,3993600
902,C,33431725,C++14 (GCC 6-32),WRONG_ANSWER,5475,1513703175,atyachari,CONTESTANT,PRETESTS,1,15,1945600
902,C,33433042,C++14 (GCC 6-32),WRONG_ANSWER,6130,1513703830,atyachari,CONTESTANT,PRETESTS,1,15,1843200
902,A,33412884,C++14 (GCC 6-32),SKIPPED,279,1513697979,autumn_eel,CONTESTANT,PRETESTS,8,15,1945600
902,B,33414856,C++14 (GCC 6-32),OK,623,1513698323,autumn_eel,CONTESTANT,TESTS,50,15,1945600
902,C,33421158,C++14 (GCC 6-32),SKIPPED,1784,1513699484,autumn_eel,CONTESTANT,PRETESTS,13,31,6656000
902,A,33422111,C++14 (GCC 6-32),OK,2016,1513699716,autumn_eel,CONTESTANT,TESTS,55,15,1945600
902,C,33427228,C++14 (GCC 6-32),OK,3595,1513701295,autumn_eel,CONTESTANT,TESTS,45,124,13721600
902,D,33435410,C++14 (GCC 6-32),WRONG_ANSWER,7139,1513704839,autumn_eel,CONTESTANT,PRETESTS,2,15,1843200
902,D,33435595,C++14 (GCC 6-32),WRONG_ANSWER,7183,1513704883,autumn_eel,CONTESTANT,PRETESTS,2,0,1843200
902,A,33416513,GNU C++,OK,870,1513698570,av_123,CONTESTANT,TESTS,55,15,2048000
902,B,33423733,GNU C++,OK,2471,1513700171,av_123,CONTESTANT,TESTS,50,46,2560000
902,C,33430039,GNU C++,WRONG_ANSWER,4713,1513702413,av_123,CONTESTANT,PRETESTS,3,15,4505600
902,C,33430432,GNU C++,WRONG_ANSWER,4872,1513702572,av_123,CONTESTANT,PRETESTS,3,15,6860800
902,C,33431593,GNU C++,WRONG_ANSWER,5405,1513703105,av_123,CONTESTANT,PRETESTS,3,15,6860800
902,A,33413570,GNU C++11,WRONG_ANSWER,416,1513698116,avaricious,CONTESTANT,PRETESTS,1,15,2048000
902,A,33415318,GNU C++11,WRONG_ANSWER,694,1513698394,avaricious,CONTESTANT,PRETESTS,2,15,2048000
902,A,33416485,GNU C++11,WRONG_ANSWER,865,1513698565,avaricious,CONTESTANT,PRETESTS,0,15,2048000
902,A,33417394,GNU C++11,OK,1014,1513698714,avaricious,CONTESTANT,TESTS,55,15,2048000
902,B,33427981,GNU C++11,OK,3868,1513701568,avaricious,CONTESTANT,TESTS,50,46,2560000
902,A,33424638,C++14 (GCC 6-32),WRONG_ANSWER,2726,1513700426,avenger_black,CONTESTANT,PRETESTS,2,15,1843200
902,A,33425731,C++14 (GCC 6-32),WRONG_ANSWER,3066,1513700766,avenger_black,CONTESTANT,PRETESTS,4,15,1843200
902,A,33419678,C++14 (GCC 6-32),WRONG_ANSWER,1445,1513699145,avengers_97,CONTESTANT,PRETESTS,0,0,1843200
902,A,33420440,C++14 (GCC 6-32),SKIPPED,1611,1513699311,avengers_97,CONTESTANT,PRETESTS,8,15,1945600
902,A,33430811,C++14 (GCC 6-32),OK,5031,1513702741,avengers_97,CONTESTANT,TESTS,55,15,1945600
902,A,33415764,C++14 (GCC 6-32),OK,759,1513698459,avi224,CONTESTANT,TESTS,55,31,2150400
902,B,33424078,C++14 (GCC 6-32),OK,2565,1513700265,avi224,CONTESTANT,TESTS,50,217,6860800
902,C,33431686,C++14 (GCC 6-32),WRONG_ANSWER,5452,1513703152,avi224,CONTESTANT,PRETESTS,1,15,1843200
902,C,33432568,C++14 (GCC 6-32),WRONG_ANSWER,5903,1513703603,avi224,CONTESTANT,PRETESTS,3,15,1843200
902,C,33433107,C++14 (GCC 6-32),WRONG_ANSWER,6159,1513703859,avi224,CONTESTANT,PRETESTS,0,0,1843200
902,C,33433245,C++14 (GCC 6-32),WRONG_ANSWER,6224,1513703924,avi224,CONTESTANT,PRETESTS,3,15,1945600
902,C,33433774,C++14 (GCC 6-32),WRONG_ANSWER,6459,1513704159,avi224,CONTESTANT,PRETESTS,3,15,1945600
902,A,33422214,GNU C,WRONG_ANSWER,2039,1513699739,avidevraha34,CONTESTANT,PRETESTS,2,0,1843200
902,A,33424653,GNU C,WRONG_ANSWER,2730,1513700430,avidevraha34,CONTESTANT,PRETESTS,0,0,1843200
902,A,33425650,GNU C,WRONG_ANSWER,3037,1513700737,avidevraha34,CONTESTANT,PRETESTS,2,15,1843200
902,A,33428664,GNU C,OK,4146,1513701846,avidevraha34,CONTESTANT,TESTS,55,15,1843200
902,A,33421391,C++14 (GCC 6-32),OK,1839,1513699539,avijit1258,CONTESTANT,TESTS,55,15,1945600
902,A,33415265,C++14 (GCC 6-32),WRONG_ANSWER,686,1513698386,avinash_ujjain,CONTESTANT,PRETESTS,2,15,1843200
902,A,33418117,C++14 (GCC 6-32),WRONG_ANSWER,1136,1513698836,avinash_ujjain,CONTESTANT,PRETESTS,4,15,1843200
902,A,33420630,C++14 (GCC 6-32),WRONG_ANSWER,1655,1513699355,avinash_ujjain,CONTESTANT,PRETESTS,3,15,1945600
902,A,33422824,C++14 (GCC 6-32),WRONG_ANSWER,2216,1513699916,avinash_ujjain,CONTESTANT,PRETESTS,2,15,1945600
902,B,33430246,C++14 (GCC 6-32),WRONG_ANSWER,4798,1513702498,avinash_ujjain,CONTESTANT,PRETESTS,2,15,1843200
902,A,33414659,GNU C++11,OK,590,1513698290,aviroop123,CONTESTANT,TESTS,55,15,2150400
902,B,33417831,GNU C++11,OK,1090,1513698790,aviroop123,CONTESTANT,TESTS,50,30,2457600
902,C,33424355,GNU C++11,OK,2639,1513700339,aviroop123,CONTESTANT,TESTS,45,109,5324800
902,A,33431501,GNU C++11,WRONG_ANSWER,5364,1513703064,avishek.das.ayan,CONTESTANT,PRETESTS,2,15,2048000
902,A,33432036,GNU C++11,WRONG_ANSWER,5632,1513703332,avishek.das.ayan,CONTESTANT,PRETESTS,2,15,2048000
902,A,33433063,GNU C++11,WRONG_ANSWER,6141,1513703841,avishek.das.ayan,CONTESTANT,PRETESTS,2,15,2048000
902,A,33414420,C++14 (GCC 6-32),WRONG_ANSWER,544,1513698255,avnyu,CONTESTANT,PRETESTS,4,15,1843200
902,A,33417008,C++14 (GCC 6-32),WRONG_ANSWER,935,1513698645,avnyu,CONTESTANT,PRETESTS,1,0,1843200
902,A,33424324,C++14 (GCC 6-32),TIME_LIMIT_EXCEEDED,2631,1513700331,avnyu,CONTESTANT,PRETESTS,2,1000,2048000
902,A,33426670,C++14 (GCC 6-32),WRONG_ANSWER,3389,1513701089,avnyu,CONTESTANT,PRETESTS,3,15,1945600
902,A,33427782,C++14 (GCC 6-32),OK,3788,1513701499,avnyu,CONTESTANT,TESTS,55,15,1945600
902,B,33431523,C++14 (GCC 6-32),OK,5362,1513703072,avnyu,CONTESTANT,TESTS,50,15,2764800
902,A,33415308,C++14 (GCC 6-32),WRONG_ANSWER,693,1513698393,avoronoi,CONTESTANT,PRETESTS,2,15,1843200
902,A,33420253,C++14 (GCC 6-32),OK,1569,1513699269,avoronoi,CONTESTANT,TESTS,55,15,1945600
902,B,33426247,C++14 (GCC 6-32),WRONG_ANSWER,3238,1513700938,avoronoi,CONTESTANT,PRETESTS,2,0,1945600
902,B,33428043,C++14 (GCC 6-32),WRONG_ANSWER,3890,1513701590,avoronoi,CONTESTANT,PRETESTS,2,0,1843200
902,B,33429358,C++14 (GCC 6-32),WRONG_ANSWER,4421,1513702121,avoronoi,CONTESTANT,PRETESTS,1,15,1843200
902,B,33435017,C++14 (GCC 6-32),WRONG_ANSWER,7010,1513704710,avoronoi,CONTESTANT,PRETESTS,0,0,2150400
902,B,33435602,C++14 (GCC 6-32),WRONG_ANSWER,7184,1513704884,avoronoi,CONTESTANT,PRETESTS,0,15,2150400
902,A,33416753,Java 8,OK,908,1513698608,awesomeag,CONTESTANT,TESTS,55,140,20992000
902,B,33429166,Java 8,OK,4344,1513702044,awesomeag,CONTESTANT,TESTS,50,187,21196800
902,A,33414790,GNU C++,OK,612,1513698312,aymanrasheed7,CONTESTANT,TESTS,55,31,2048000
902,B,33419989,GNU C++,OK,1509,1513699209,aymanrasheed7,CONTESTANT,TESTS,50,202,2457600
902,C,33426553,GNU C++,WRONG_ANSWER,3342,1513701042,aymanrasheed7,CONTESTANT,PRETESTS,4,15,2457600
902,C,33427046,GNU C++,WRONG_ANSWER,3524,1513701224,aymanrasheed7,CONTESTANT,PRETESTS,4,0,2457600
902,C,33430536,GNU C++,OK,4919,1513702619,aymanrasheed7,CONTESTANT,TESTS,45,109,2457600
902,A,33424686,C++14 (GCC 6-32),WRONG_ANSWER,2739,1513700439,ayu786,CONTESTANT,PRETESTS,1,15,1843200
902,A,33427051,C++14 (GCC 6-32),WRONG_ANSWER,3526,1513701226,ayu786,CONTESTANT,PRETESTS,1,15,1843200
902,A,33427425,C++14 (GCC 6-32),WRONG_ANSWER,3666,1513701366,ayu786,CONTESTANT,PRETESTS,5,0,1843200
902,A,33428723,C++14 (GCC 6-32),WRONG_ANSWER,4170,1513701870,ayu786,CONTESTANT,PRETESTS,1,15,1945600
902,A,33432938,C++14 (GCC 6-32),WRONG_ANSWER,6082,1513703782,ayu786,CONTESTANT,PRETESTS,5,15,1945600
902,A,33414139,GNU C,WRONG_ANSWER,509,1513698209,ayush19,CONTESTANT,PRETESTS,2,15,1843200
902,A,33415420,GNU C,WRONG_ANSWER,708,1513698408,ayush19,CONTESTANT,PRETESTS,4,15,1843200
902,A,33420272,GNU C,WRONG_ANSWER,1573,1513699273,ayush19,CONTESTANT,PRETESTS,4,15,1843200
902,A,33423345,GNU C,WRONG_ANSWER,2363,1513700063,ayush19,CONTESTANT,PRETESTS,4,0,1843200
902,A,33425168,GNU C,WRONG_ANSWER,2882,1513700582,ayush19,CONTESTANT,PRETESTS,4,15,1843200
902,A,33416703,C++14 (GCC 6-32),WRONG_ANSWER,900,1513698600,ayush_a97,CONTESTANT,PRETESTS,4,15,6656000
902,A,33419615,C++14 (GCC 6-32),WRONG_ANSWER,1434,1513699134,ayush_a97,CONTESTANT,PRETESTS,0,15,6656000
902,A,33420346,C++14 (GCC 6-32),CHALLENGED,1586,1513699286,ayush_a97,CONTESTANT,CHALLENGES,8,15,6656000
902,A,33433391,C++14 (GCC 6-32),OK,6289,1513703989,ayush_a97,CONTESTANT,TESTS,55,15,6656000
902,A,33421958,C++14 (GCC 6-32),WRONG_ANSWER,1982,1513699682,ayushagnihotri,CONTESTANT,PRETESTS,2,0,1843200
902,A,33423498,C++14 (GCC 6-32),WRONG_ANSWER,2405,1513700105,ayushagnihotri,CONTESTANT,PRETESTS,2,0,1843200
902,A,33423782,C++14 (GCC 6-32),WRONG_ANSWER,2488,1513700188,ayushagnihotri,CONTESTANT,PRETESTS,2,15,1843200
902,A,33424406,C++14 (GCC 6-32),WRONG_ANSWER,2658,1513700358,ayushagnihotri,CONTESTANT,PRETESTS,2,0,2048000
902,A,33426216,C++14 (GCC 6-32),OK,3228,1513700928,ayushagnihotri,CONTESTANT,TESTS,55,15,2048000
902,B,33434467,C++14 (GCC 6-32),WRONG_ANSWER,6788,1513704488,ayushagnihotri,CONTESTANT,PRETESTS,4,15,2252800
902,A,33421366,C++14 (GCC 6-32),OK,1834,1513699534,ayushghd,CONTESTANT,TESTS,55,15,1945600
902,B,33429553,C++14 (GCC 6-32),RUNTIME_ERROR,4511,1513702211,ayushghd,CONTESTANT,PRETESTS,5,15,2252800
902,B,33429722,C++14 (GCC 6-32),WRONG_ANSWER,4580,1513702280,ayushghd,CONTESTANT,PRETESTS,9,15,2764800
902,B,33430530,C++14 (GCC 6-32),OK,4914,1513702614,ayushghd,CONTESTANT,TESTS,50,15,2764800
902,A,33417406,C++14 (GCC 6-32),WRONG_ANSWER,1015,1513698715,ayushi1411,CONTESTANT,PRETESTS,0,15,1843200
902,A,33418232,C++14 (GCC 6-32),OK,1155,1513698855,ayushi1411,CONTESTANT,TESTS,55,15,1945600
902,B,33428639,C++14 (GCC 6-32),OK,4136,1513701836,ayushi1411,CONTESTANT,TESTS,50,31,2662400
902,A,33415971,GNU C++,WRONG_ANSWER,789,1513698489,ayushi_sneha,CONTESTANT,PRETESTS,3,15,2048000
902,A,33417058,GNU C++,WRONG_ANSWER,955,1513698655,ayushi_sneha,CONTESTANT,PRETESTS,2,15,2048000
902,A,33420649,GNU C++,OK,1660,1513699360,ayushi_sneha,CONTESTANT,TESTS,55,30,2048000
902,A,33418495,C++14 (GCC 6-32),WRONG_ANSWER,1201,1513698901,ayushitomar444,CONTESTANT,PRETESTS,2,15,1843200
902,A,33426706,C++14 (GCC 6-32),WRONG_ANSWER,3403,1513701103,ayushitomar444,CONTESTANT,PRETESTS,2,15,1945600
902,A,33429387,C++14 (GCC 6-32),WRONG_ANSWER,4432,1513702133,ayushitomar444,CONTESTANT,PRETESTS,3,15,1843200
902,A,33415410,C++14 (GCC 6-32),OK,707,1513698407,ayushjain2809,CONTESTANT,TESTS,55,15,1945600
902,B,33421124,C++14 (GCC 6-32),OK,1775,1513699475,ayushjain2809,CONTESTANT,TESTS,50,15,2048000
902,C,33432207,C++14 (GCC 6-32),OK,5714,1513703414,ayushjain2809,CONTESTANT,TESTS,45,77,2252800
902,A,33415109,C++14 (GCC 6-32),OK,662,1513698362,ayushkmr,CONTESTANT,TESTS,55,15,1945600
902,B,33418722,C++14 (GCC 6-32),OK,1247,1513698947,ayushkmr,CONTESTANT,TESTS,50,31,4300800
902,C,33424862,C++14 (GCC 6-32),WRONG_ANSWER,2788,1513700488,ayushkmr,CONTESTANT,TESTS,13,109,6246400
902,A,33419238,GNU C++,WRONG_ANSWER,1358,1513699058,ayushrungta,CONTESTANT,PRETESTS,4,15,2048000
902,A,33421584,GNU C++,WRONG_ANSWER,1889,1513699589,ayushrungta,CONTESTANT,PRETESTS,4,15,2048000
902,A,33413141,GNU C++11,WRONG_ANSWER,338,1513698038,b-aza-lt,CONTESTANT,PRETESTS,2,0,2048000
902,A,33413518,GNU C++11,WRONG_ANSWER,407,1513698107,b-aza-lt,CONTESTANT,PRETESTS,2,15,2048000
902,A,33413622,GNU C++11,WRONG_ANSWER,424,1513698124,b-aza-lt,CONTESTANT,PRETESTS,2,0,2048000
902,A,33416204,GNU C++11,WRONG_ANSWER,822,1513698522,b-aza-lt,CONTESTANT,PRETESTS,2,15,2048000
902,A,33416723,GNU C++11,WRONG_ANSWER,903,1513698603,b-aza-lt,CONTESTANT,PRETESTS,4,15,2048000
902,A,33417031,GNU C++11,WRONG_ANSWER,950,1513698650,b-aza-lt,CONTESTANT,PRETESTS,4,15,2048000
902,A,33420140,GNU C++11,WRONG_ANSWER,1543,1513699243,b-aza-lt,CONTESTANT,PRETESTS,3,15,2048000
902,A,33420383,GNU C++11,OK,1597,1513699297,b-aza-lt,CONTESTANT,TESTS,55,30,2048000
902,A,33417550,GNU C,WRONG_ANSWER,1040,1513698740,b00merang,CONTESTANT,PRETESTS,4,15,1843200
902,A,33422001,GNU C,CHALLENGED,1993,1513699693,b00merang,CONTESTANT,CHALLENGES,8,30,1843200
902,A,33434556,GNU C,TIME_LIMIT_EXCEEDED,6825,1513704525,b00merang,CONTESTANT,PRETESTS,7,1000,1843200
902,A,33434957,GNU C,WRONG_ANSWER,6988,1513704688,b00merang,CONTESTANT,CHALLENGES,0,15,1843200
902,A,33435305,GNU C,OK,7106,1513704806,b00merang,CONTESTANT,TESTS,55,15,1843200
902,A,33412991,C++14 (GCC 6-32),OK,307,1513698007,b21quocbao,CONTESTANT,TESTS,55,15,2867200
902,B,33422142,C++14 (GCC 6-32),OK,2025,1513699725,b21quocbao,CONTESTANT,TESTS,50,15,2662400
902,C,33428386,C++14 (GCC 6-32),OK,4025,1513701725,b21quocbao,CONTESTANT,TESTS,45,78,2867200
902,D,33432282,C++14 (GCC 6-32),WRONG_ANSWER,5756,1513703456,b21quocbao,CONTESTANT,PRETESTS,1,15,2048000
902,D,33432645,C++14 (GCC 6-32),WRONG_ANSWER,5942,1513703643,b21quocbao,CONTESTANT,PRETESTS,2,15,2048000
902,D,33434091,C++14 (GCC 6-32),WRONG_ANSWER,6622,1513704322,b21quocbao,CONTESTANT,PRETESTS,2,15,2048000
902,D,33434463,C++14 (GCC 6-32),WRONG_ANSWER,6785,1513704485,b21quocbao,CONTESTANT,PRETESTS,2,15,2048000
902,D,33434583,C++14 (GCC 6-32),WRONG_ANSWER,6835,1513704535,b21quocbao,CONTESTANT,PRETESTS,2,15,2048000
902,D,33434821,C++14 (GCC 6-32),WRONG_ANSWER,6941,1513704641,b21quocbao,CONTESTANT,PRETESTS,2,15,2048000
902,D,33435254,C++14 (GCC 6-32),WRONG_ANSWER,7089,1513704789,b21quocbao,CONTESTANT,PRETESTS,2,15,2048000
902,A,33413910,GNU C++11,OK,462,1513698173,b3t3lg3us3,CONTESTANT,TESTS,55,30,2048000
902,B,33419536,GNU C++11,OK,1407,1513699117,b3t3lg3us3,CONTESTANT,TESTS,50,46,2560000
902,C,33428057,GNU C++11,WRONG_ANSWER,3883,1513701593,b3t3lg3us3,CONTESTANT,PRETESTS,0,0,2457600
902,C,33428153,GNU C++11,OK,3927,1513701637,b3t3lg3us3,CONTESTANT,TESTS,45,342,2457600
902,A,33416791,C++14 (GCC 6-32),OK,914,1513698614,bAdbuoy,CONTESTANT,TESTS,55,15,1945600
902,B,33426710,C++14 (GCC 6-32),OK,3404,1513701104,bAdbuoy,CONTESTANT,TESTS,50,15,2355200
902,A,33420350,GNU C++11,WRONG_ANSWER,1588,1513699288,b_martian,CONTESTANT,PRETESTS,4,15,2150400
902,A,33426372,GNU C++,RUNTIME_ERROR,3278,1513700978,babulalnitw,CONTESTANT,PRETESTS,2,15,2048000
902,A,33416963,Python 3,WRONG_ANSWER,939,1513698639,baby_tape,CONTESTANT,PRETESTS,3,46,5529600
902,A,33421091,Python 3,WRONG_ANSWER,1766,1513699466,baby_tape,CONTESTANT,PRETESTS,3,46,5529600
902,A,33421805,Python 3,WRONG_ANSWER,1940,1513699640,baby_tape,CONTESTANT,PRETESTS,3,62,5529600
902,A,33422003,Python 3,WRONG_ANSWER,1994,1513699694,baby_tape,CONTESTANT,PRETESTS,1,46,5529600
902,A,33422312,Python 3,OK,2068,1513699768,baby_tape,CONTESTANT,TESTS,55,62,5529600
902,A,33423599,GNU C,WRONG_ANSWER,2431,1513700131,babygudimetla,CONTESTANT,PRETESTS,0,15,1843200
902,A,33429381,GNU C,OK,4431,1513702131,babygudimetla,CONTESTANT,TESTS,55,15,1843200
902,A,33418637,C++14 (GCC 6-32),OK,1230,1513698930,bachmanity_insanity,CONTESTANT,TESTS,55,15,2048000
902,B,33426586,C++14 (GCC 6-32),OK,3353,1513701053,bachmanity_insanity,CONTESTANT,TESTS,50,15,4710400
902,A,33419506,C++14 (GCC 6-32),OK,1409,1513699109,back_to_basics,CONTESTANT,TESTS,55,15,1945600
902,B,33430065,C++14 (GCC 6-32),OK,4725,1513702425,back_to_basics,CONTESTANT,TESTS,50,46,2560000
902,C,33435156,C++14 (GCC 6-32),WRONG_ANSWER,7056,1513704756,back_to_basics,CONTESTANT,PRETESTS,1,0,2662400
902,C,33435653,C++14 (GCC 6-32),WRONG_ANSWER,7193,1513704893,back_to_basics,CONTESTANT,PRETESTS,1,0,2662400
902,A,33416792,C++14 (GCC 6-32),OK,914,1513698614,backlight0417,CONTESTANT,TESTS,55,15,1945600
902,B,33423665,C++14 (GCC 6-32),OK,2451,1513700151,backlight0417,CONTESTANT,TESTS,50,15,2252800
902,C,33431194,C++14 (GCC 6-32),OK,5213,1513702913,backlight0417,CONTESTANT,TESTS,45,93,5939200
902,A,33424277,C++14 (GCC 6-32),WRONG_ANSWER,2617,1513700317,badTouch,CONTESTANT,PRETESTS,2,15,1945600
902,A,33426184,C++14 (GCC 6-32),WRONG_ANSWER,3216,1513700916,badTouch,CONTESTANT,PRETESTS,2,15,1945600
902,A,33426911,C++14 (GCC 6-32),WRONG_ANSWER,3473,1513701173,badTouch,CONTESTANT,PRETESTS,2,15,1945600
902,A,33427047,C++14 (GCC 6-32),WRONG_ANSWER,3524,1513701224,badTouch,CONTESTANT,PRETESTS,2,15,1945600
902,A,33430584,C++14 (GCC 6-32),WRONG_ANSWER,4940,1513702640,badTouch,CONTESTANT,PRETESTS,2,0,1945600
902,A,33431603,C++14 (GCC 6-32),WRONG_ANSWER,5410,1513703110,badTouch,CONTESTANT,PRETESTS,2,0,1945600
902,A,33432224,C++14 (GCC 6-32),WRONG_ANSWER,5724,1513703424,badTouch,CONTESTANT,PRETESTS,2,15,1945600
902,A,33432433,C++14 (GCC 6-32),WRONG_ANSWER,5834,1513703534,badTouch,CONTESTANT,PRETESTS,2,15,1945600
902,A,33433036,C++14 (GCC 6-32),WRONG_ANSWER,6127,1513703827,badTouch,CONTESTANT,PRETESTS,2,15,1945600
902,A,33434437,C++14 (GCC 6-32),WRONG_ANSWER,6773,1513704473,badTouch,CONTESTANT,PRETESTS,4,0,1945600
902,A,33421077,GNU C++11,WRONG_ANSWER,1763,1513699463,badcw,CONTESTANT,PRETESTS,0,15,2252800
902,A,33421368,GNU C++11,WRONG_ANSWER,1834,1513699534,badcw,CONTESTANT,PRETESTS,2,0,2048000
902,A,33422807,GNU C++11,WRONG_ANSWER,2211,1513699911,badcw,CONTESTANT,PRETESTS,2,0,2048000
902,A,33424138,GNU C++11,WRONG_ANSWER,2582,1513700282,badcw,CONTESTANT,PRETESTS,2,0,2048000
902,A,33427559,GNU C++11,WRONG_ANSWER,3714,1513701414,badcw,CONTESTANT,TESTS,41,15,2048000
902,B,33434740,GNU C++11,WRONG_ANSWER,6904,1513704604,badcw,CONTESTANT,PRETESTS,0,15,2048000
902,A,33420479,C++14 (GCC 6-32),OK,1620,1513699320,bagodabago,CONTESTANT,TESTS,55,15,3481600
902,B,33424962,C++14 (GCC 6-32),OK,2818,1513700518,bagodabago,CONTESTANT,TESTS,50,31,2355200
902,C,33432686,C++14 (GCC 6-32),WRONG_ANSWER,5957,1513703657,bagodabago,CONTESTANT,PRETESTS,1,15,3072000
902,C,33435402,C++14 (GCC 6-32),WRONG_ANSWER,7134,1513704834,bagodabago,CONTESTANT,TESTS,13,78,3072000
902,A,33421381,Java 8,WRONG_ANSWER,1837,1513699537,baijal,CONTESTANT,PRETESTS,2,139,20992000
902,A,33424381,Java 8,WRONG_ANSWER,2648,1513700348,baijal,CONTESTANT,PRETESTS,4,140,20992000
902,A,33428238,Java 8,WRONG_ANSWER,3970,1513701670,baijal,CONTESTANT,PRETESTS,1,139,20992000
902,A,33429256,Java 8,OK,4381,1513702081,baijal,CONTESTANT,TESTS,55,155,21094400
902,A,33423514,GNU C++11,WRONG_ANSWER,2409,1513700109,bant,CONTESTANT,PRETESTS,2,0,2048000
902,A,33426940,GNU C++11,WRONG_ANSWER,3484,1513701184,bant,CONTESTANT,PRETESTS,2,15,2048000
902,A,33429306,GNU C++11,TIME_LIMIT_EXCEEDED,4399,1513702099,bant,CONTESTANT,PRETESTS,0,1000,2048000
902,A,33430141,C++14 (GCC 6-32),WRONG_ANSWER,4748,1513702459,bant,CONTESTANT,PRETESTS,2,15,1843200
902,A,33417539,GNU C++,OK,1039,1513698739,baranerff,CONTESTANT,TESTS,55,15,2048000
902,B,33423220,GNU C++,OK,2327,1513700027,baranerff,CONTESTANT,TESTS,50,46,2560000
902,C,33427563,GNU C++,WRONG_ANSWER,3716,1513701416,baranerff,CONTESTANT,PRETESTS,4,15,2457600
902,C,33428259,GNU C++,OK,3978,1513701678,baranerff,CONTESTANT,TESTS,45,248,2457600
902,A,33414249,C++14 (GCC 6-32),OK,526,1513698226,bartkaw,CONTESTANT,TESTS,55,15,1945600
902,B,33416162,C++14 (GCC 6-32),OK,817,1513698517,bartkaw,CONTESTANT,TESTS,50,31,1945600
902,C,33420828,C++14 (GCC 6-32),OK,1703,1513699403,bartkaw,CONTESTANT,TESTS,45,92,2355200
902,A,33419164,C++14 (GCC 6-32),WRONG_ANSWER,1333,1513699043,bashr18,CONTESTANT,PRETESTS,1,15,1843200
902,A,33419828,C++14 (GCC 6-32),WRONG_ANSWER,1474,1513699174,bashr18,CONTESTANT,PRETESTS,2,15,2048000
902,A,33422058,C++14 (GCC 6-32),WRONG_ANSWER,2005,1513699705,bashr18,CONTESTANT,PRETESTS,2,15,2048000
902,B,33425048,C++14 (GCC 6-32),OK,2845,1513700545,bashr18,CONTESTANT,TESTS,50,15,2457600
902,A,33427061,C++14 (GCC 6-32),WRONG_ANSWER,3530,1513701230,bashr18,CONTESTANT,PRETESTS,2,15,2048000
902,C,33431817,C++14 (GCC 6-32),OK,5528,1513703228,bashr18,CONTESTANT,TESTS,45,93,5222400
902,A,33433467,C++14 (GCC 6-32),WRONG_ANSWER,6320,1513704020,bashr18,CONTESTANT,PRETESTS,2,0,2048000
902,A,33434184,C++14 (GCC 6-32),OK,6666,1513704366,bashr18,CONTESTANT,TESTS,55,15,2048000
902,A,33424940,C++14 (GCC 6-32),WRONG_ANSWER,2812,1513700512,basra,CONTESTANT,PRETESTS,2,15,1843200
902,A,33425239,C++14 (GCC 6-32),WRONG_ANSWER,2907,1513700607,basra,CONTESTANT,PRETESTS,2,0,1945600
902,A,33427139,C++14 (GCC 6-32),OK,3557,1513701257,basra,CONTESTANT,TESTS,55,15,1945600
902,B,33430670,C++14 (GCC 6-32),OK,4980,1513702680,basra,CONTESTANT,TESTS,50,46,2764800
902,B,33430805,C++14 (GCC 6-32),SKIPPED,5039,1513702739,bass.exe,CONTESTANT,PRETESTS,10,15,6144000
902,B,33430952,C++14 (GCC 6-32),SKIPPED,5091,1513702791,bass.exe,CONTESTANT,PRETESTS,10,15,6144000
902,A,33430998,C++14 (GCC 6-32),WRONG_ANSWER,5116,1513702816,bass.exe,CONTESTANT,PRETESTS,3,0,2048000
902,A,33431612,C++14 (GCC 6-32),OK,5413,1513703113,bass.exe,CONTESTANT,TESTS,55,15,2048000
902,B,33434056,C++14 (GCC 6-32),OK,6607,1513704307,bass.exe,CONTESTANT,TESTS,50,234,6451200
902,A,33428828,GNU C++,WRONG_ANSWER,4212,1513701912,batman.nits,CONTESTANT,PRETESTS,1,15,2048000
902,A,33429911,GNU C++,WRONG_ANSWER,4654,1513702354,batman.nits,CONTESTANT,PRETESTS,4,15,2048000
902,A,33412888,Java 8,WRONG_ANSWER,280,1513697980,batman123456789,CONTESTANT,PRETESTS,4,93,20684800
902,A,33414725,Java 8,WRONG_ANSWER,601,1513698301,batman123456789,CONTESTANT,PRETESTS,4,109,20684800
902,B,33425234,Java 8,OK,2903,1513700603,batman123456789,CONTESTANT,TESTS,50,139,20889600
902,A,33412812,GNU C++11,OK,255,1513697955,bayweiheng,CONTESTANT,TESTS,55,15,2048000
902,B,33417050,GNU C++11,OK,954,1513698654,bayweiheng,CONTESTANT,TESTS,50,46,2252800
902,C,33421997,GNU C++11,OK,1992,1513699692,bayweiheng,CONTESTANT,TESTS,45,202,3072000
902,A,33413293,GNU C++11,OK,356,1513698066,bbmirbek,CONTESTANT,TESTS,55,15,14131200
902,B,33416364,GNU C++11,OK,834,1513698545,bbmirbek,CONTESTANT,TESTS,50,62,22425600
902,C,33429996,GNU C++11,WRONG_ANSWER,4683,1513702393,bbmirbek,CONTESTANT,PRETESTS,1,15,26112000
902,C,33430120,C++14 (GCC 6-32),OK,4740,1513702450,bbmirbek,CONTESTANT,TESTS,45,156,25907200
902,A,33414128,MS C++,WRONG_ANSWER,498,1513698208,bddang,CONTESTANT,PRETESTS,2,15,2048000
902,A,33415569,MS C++,WRONG_ANSWER,730,1513698430,bddang,CONTESTANT,PRETESTS,4,15,2048000
902,A,33416276,MS C++,WRONG_ANSWER,823,1513698533,bddang,CONTESTANT,PRETESTS,3,0,2048000
902,A,33421352,MS C++,WRONG_ANSWER,1821,1513699531,bddang,CONTESTANT,PRETESTS,4,15,2048000
902,A,33424178,MS C++,WRONG_ANSWER,2581,1513700291,bddang,CONTESTANT,PRETESTS,1,15,2048000
902,A,33425283,C++14 (GCC 6-32),WRONG_ANSWER,2920,1513700620,beast_noob,CONTESTANT,PRETESTS,0,15,1843200
902,A,33413599,Python 3,WRONG_ANSWER,411,1513698121,beast_sl,CONTESTANT,PRETESTS,0,46,5529600
902,A,33413995,Python 3,OK,476,1513698187,beast_sl,CONTESTANT,TESTS,55,62,5529600
902,B,33420777,Python 3,COMPILATION_ERROR,1682,1513699393,beast_sl,CONTESTANT,PRETESTS,0,0,0
902,B,33421126,GNU C++11,OK,1765,1513699475,beast_sl,CONTESTANT,TESTS,50,171,237158400
902,C,33425862,Python 3,OK,3098,1513700809,beast_sl,CONTESTANT,TESTS,45,467,12697600
902,A,33433631,GNU C,WRONG_ANSWER,6396,1513704096,becalm1,CONTESTANT,PRETESTS,2,0,1843200
902,A,33435487,GNU C,WRONG_ANSWER,7161,1513704861,becalm1,CONTESTANT,PRETESTS,1,0,1843200
902,A,33415955,C++14 (GCC 6-32),OK,785,1513698485,beetheers,CONTESTANT,TESTS,55,15,2048000
902,B,33425324,C++14 (GCC 6-32),OK,2935,1513700635,beetheers,CONTESTANT,TESTS,50,46,2457600
902,A,33415667,C++14 (GCC 6-32),WRONG_ANSWER,743,1513698443,beijudezixuan,CONTESTANT,TESTS,41,15,1945600
902,B,33424050,C++14 (GCC 6-32),OK,2547,1513700258,beijudezixuan,CONTESTANT,TESTS,50,30,2560000
902,C,33432213,C++14 (GCC 6-32),OK,5707,1513703417,beijudezixuan,CONTESTANT,TESTS,45,93,2252800
902,A,33421373,MS C#,OK,1835,1513699535,beku,CONTESTANT,TESTS,55,46,9318400
902,B,33427255,MS C#,OK,3604,1513701304,beku,CONTESTANT,TESTS,50,577,16896000
902,A,33416271,C++14 (GCC 6-32),OK,831,1513698531,belhadjmohamedrami,CONTESTANT,TESTS,55,15,1945600
902,A,33416153,GNU C++11,OK,816,1513698516,believe_in_yourself,CONTESTANT,TESTS,55,31,2150400
902,B,33424983,GNU C++11,WRONG_ANSWER,2824,1513700524,believe_in_yourself,CONTESTANT,PRETESTS,2,0,2969600
902,B,33425791,GNU C++11,WRONG_ANSWER,3087,1513700787,believe_in_yourself,CONTESTANT,TESTS,40,264,3276800
902,C,33435462,GNU C++11,WRONG_ANSWER,7155,1513704855,believe_in_yourself,CONTESTANT,PRETESTS,1,15,4096000
902,A,33414267,GNU C++,CHALLENGED,529,1513698229,believeinU,CONTESTANT,CHALLENGES,8,15,2048000
902,B,33424933,GNU C++,OK,2809,1513700509,believeinU,CONTESTANT,TESTS,50,62,4096000
902,A,33426497,GNU C++,WRONG_ANSWER,3321,1513701021,believeinU,CONTESTANT,CHALLENGES,0,0,2048000
902,A,33426827,GNU C++,WRONG_ANSWER,3443,1513701143,believeinU,CONTESTANT,CHALLENGES,0,15,2048000
902,A,33413229,GNU C++11,WRONG_ANSWER,355,1513698055,benTuTuT,CONTESTANT,PRETESTS,3,15,2048000
902,A,33413971,GNU C++11,OK,484,1513698184,benTuTuT,CONTESTANT,TESTS,55,15,2048000
902,B,33421957,GNU C++11,WRONG_ANSWER,1982,1513699682,benTuTuT,CONTESTANT,PRETESTS,4,15,2048000
902,B,33422303,GNU C++11,WRONG_ANSWER,2065,1513699765,benTuTuT,CONTESTANT,PRETESTS,4,15,2048000
902,B,33424525,GNU C++11,WRONG_ANSWER,2684,1513700394,benTuTuT,CONTESTANT,PRETESTS,4,15,2048000
902,B,33424973,GNU C++11,RUNTIME_ERROR,2811,1513700521,benTuTuT,CONTESTANT,PRETESTS,5,15,2048000
902,B,33425166,GNU C++11,OK,2871,1513700581,benTuTuT,CONTESTANT,TESTS,50,30,2457600
902,C,33428154,GNU C++11,WRONG_ANSWER,3927,1513701637,benTuTuT,CONTESTANT,PRETESTS,4,15,2867200
902,C,33429140,GNU C++11,OK,4324,1513702035,benTuTuT,CONTESTANT,TESTS,45,109,2867200
902,A,33429668,GNU C++11,OK,4548,1513702258,beshoyhany,CONTESTANT,TESTS,55,15,2048000
902,A,33417918,GNU C++11,OK,1103,1513698803,best_man,CONTESTANT,TESTS,55,15,2048000
902,A,33413254,C++14 (GCC 6-32),OK,360,1513698060,betterDo,CONTESTANT,TESTS,55,15,1945600
902,B,33420566,C++14 (GCC 6-32),TIME_LIMIT_EXCEEDED,1641,1513699341,betterDo,CONTESTANT,TESTS,14,1000,2355200
902,C,33426629,C++14 (GCC 6-32),WRONG_ANSWER,3378,1513701078,betterDo,CONTESTANT,PRETESTS,1,0,2662400
902,D,33431208,C++14 (GCC 6-32),WRONG_ANSWER,5220,1513702920,betterDo,CONTESTANT,PRETESTS,2,15,1945600
902,A,33417150,C++14 (GCC 6-32),OK,972,1513698672,bevish,CONTESTANT,TESTS,55,15,1945600
902,B,33431089,C++14 (GCC 6-32),OK,5158,1513702858,bevish,CONTESTANT,TESTS,50,46,3174400
902,A,33418657,Python 3,WRONG_ANSWER,1234,1513698934,bezvershenko,CONTESTANT,PRETESTS,2,46,5529600
902,A,33426416,Python 3,WRONG_ANSWER,3294,1513700994,bezvershenko,CONTESTANT,PRETESTS,2,46,5529600
902,A,33426680,Python 3,WRONG_ANSWER,3393,1513701093,bezvershenko,CONTESTANT,PRETESTS,2,31,5529600
902,A,33427257,Python 3,WRONG_ANSWER,3606,1513701306,bezvershenko,CONTESTANT,PRETESTS,2,46,5529600
902,A,33427966,Python 3,WRONG_ANSWER,3862,1513701562,bezvershenko,CONTESTANT,PRETESTS,2,62,5529600
902,A,33423198,GNU C++11,WRONG_ANSWER,2311,1513700021,bhaarathigiripv4775,CONTESTANT,PRETESTS,2,0,2048000
902,A,33425607,GNU C++11,WRONG_ANSWER,3014,1513700725,bhaarathigiripv4775,CONTESTANT,PRETESTS,2,15,2048000
902,A,33412831,GNU C++11,OK,262,1513697962,bhadra,CONTESTANT,TESTS,55,15,2048000
902,B,33416322,GNU C++11,OK,840,1513698540,bhadra,CONTESTANT,TESTS,50,15,3788800
902,C,33423171,GNU C++11,WRONG_ANSWER,2313,1513700013,bhadra,CONTESTANT,PRETESTS,1,15,4096000
902,C,33424344,GNU C++11,OK,2635,1513700335,bhadra,CONTESTANT,TESTS,45,109,4096000
902,A,33414406,C++14 (GCC 6-32),WRONG_ANSWER,553,1513698253,bhandari22,CONTESTANT,PRETESTS,3,15,1843200
902,A,33415610,C++14 (GCC 6-32),OK,734,1513698434,bhandari22,CONTESTANT,TESTS,55,15,1945600
902,B,33421624,C++14 (GCC 6-32),OK,1897,1513699597,bhandari22,CONTESTANT,TESTS,50,15,2867200
902,C,33430073,C++14 (GCC 6-32),WRONG_ANSWER,4731,1513702431,bhandari22,CONTESTANT,PRETESTS,3,15,6656000
902,C,33432615,C++14 (GCC 6-32),WRONG_ANSWER,5926,1513703626,bhandari22,CONTESTANT,PRETESTS,3,15,9932800
902,C,33434793,C++14 (GCC 6-32),WRONG_ANSWER,6930,1513704630,bhandari22,CONTESTANT,PRETESTS,3,15,9932800
902,C,33435176,C++14 (GCC 6-32),WRONG_ANSWER,7064,1513704764,bhandari22,CONTESTANT,PRETESTS,3,15,9932800
902,C,33435327,C++14 (GCC 6-32),WRONG_ANSWER,7112,1513704812,bhandari22,CONTESTANT,PRETESTS,3,15,9932800
902,A,33431043,C++14 (GCC 6-32),WRONG_ANSWER,5136,1513702836,bhanu_supraja,CONTESTANT,PRETESTS,2,15,1945600
902,A,33431958,C++14 (GCC 6-32),WRONG_ANSWER,5593,1513703293,bhanu_supraja,CONTESTANT,PRETESTS,2,15,1843200
902,A,33422098,C++14 (GCC 6-32),WRONG_ANSWER,2013,1513699713,bharat459,CONTESTANT,PRETESTS,5,15,1945600
902,A,33423543,C++14 (GCC 6-32),OK,2418,1513700118,bharat459,CONTESTANT,TESTS,55,15,1945600
902,B,33434878,C++14 (GCC 6-32),OK,6961,1513704661,bharat459,CONTESTANT,TESTS,50,15,1945600
902,A,33422596,Python 3,WRONG_ANSWER,2153,1513699853,bharath,CONTESTANT,PRETESTS,4,62,5529600
902,A,33425115,Python 3,WRONG_ANSWER,2866,1513700566,bharath,CONTESTANT,PRETESTS,2,46,5529600
902,A,33425536,Python 3,WRONG_ANSWER,3003,1513700703,bharath,CONTESTANT,PRETESTS,2,62,5529600
902,A,33427226,Python 3,WRONG_ANSWER,3594,1513701294,bharath,CONTESTANT,PRETESTS,2,46,5529600
902,A,33431611,Python 3,WRONG_ANSWER,5413,1513703113,bharath,CONTESTANT,TESTS,20,62,5529600
902,A,33423001,GNU C,COMPILATION_ERROR,2259,1513699959,bhardwaj340,CONTESTANT,PRETESTS,0,0,0
902,A,33423188,GNU C++17 Diagnostics,WRONG_ANSWER,2318,1513700018,bhardwaj340,CONTESTANT,PRETESTS,1,780,98201600
902,A,33427095,GNU C++17 Diagnostics,OK,3543,1513701243,bhardwaj340,CONTESTANT,TESTS,55,811,100044800
902,A,33417465,Python 3,WRONG_ANSWER,1015,1513698726,bhargav98,CONTESTANT,PRETESTS,2,46,5529600
902,A,33421545,Python 3,WRONG_ANSWER,1869,1513699579,bhargav98,CONTESTANT,PRETESTS,2,46,5529600
902,A,33424969,Python 3,WRONG_ANSWER,2810,1513700520,bhargav98,CONTESTANT,PRETESTS,5,62,5632000
902,A,33425192,Python 3,WRONG_ANSWER,2879,1513700589,bhargav98,CONTESTANT,PRETESTS,2,46,5529600
902,A,33429384,Python 3,RUNTIME_ERROR,4421,1513702131,bhargav98,CONTESTANT,PRETESTS,3,77,5632000
902,A,33429669,Python 3,RUNTIME_ERROR,4548,1513702259,bhargav98,CONTESTANT,PRETESTS,3,62,5632000
902,A,33414484,GNU C++11,WRONG_ANSWER,564,1513698264,bhargavasaiy,CONTESTANT,TESTS,11,15,2048000
902,B,33419561,GNU C++11,OK,1424,1513699124,bhargavasaiy,CONTESTANT,TESTS,50,31,2662400
902,C,33425376,GNU C++11,OK,2952,1513700652,bhargavasaiy,CONTESTANT,TESTS,45,265,4096000
902,A,33428499,C++14 (GCC 6-32),WRONG_ANSWER,4076,1513701776,bhavanikakaraparthi,CONTESTANT,PRETESTS,1,0,1843200
902,A,33415388,C++14 (GCC 6-32),OK,705,1513698405,bhavi123,CONTESTANT,TESTS,55,30,1945600
902,B,33428339,C++14 (GCC 6-32),OK,4006,1513701706,bhavi123,CONTESTANT,TESTS,50,249,3174400
902,A,33431016,C++14 (GCC 6-32),WRONG_ANSWER,5126,1513702826,bhavuk22,CONTESTANT,PRETESTS,2,15,1843200
902,A,33432366,C++14 (GCC 6-32),WRONG_ANSWER,5793,1513703493,bhavuk22,CONTESTANT,PRETESTS,2,15,1843200
902,A,33435485,C++14 (GCC 6-32),WRONG_ANSWER,7160,1513704860,bhavuk22,CONTESTANT,PRETESTS,4,15,1945600
902,A,33416274,Java 8,WRONG_ANSWER,833,1513698533,bhavyashah9873,CONTESTANT,PRETESTS,2,93,20889600
902,A,33420835,Java 8,WRONG_ANSWER,1704,1513699404,bhavyashah9873,CONTESTANT,PRETESTS,2,108,20889600
902,B,33423982,Java 8,OK,2541,1513700241,bhavyashah9873,CONTESTANT,TESTS,50,140,21094400
902,A,33424855,Java 8,OK,2786,1513700486,bhavyashah9873,CONTESTANT,TESTS,55,124,20889600
902,C,33434802,Java 8,WRONG_ANSWER,6933,1513704633,bhavyashah9873,CONTESTANT,PRETESTS,1,109,20889600
902,A,33420041,GNU C11,COMPILATION_ERROR,1521,1513699221,bhoneshchawla,CONTESTANT,PRETESTS,0,0,0
902,A,33420310,C++14 (GCC 6-32),WRONG_ANSWER,1579,1513699279,bhoneshchawla,CONTESTANT,PRETESTS,2,15,1843200
902,A,33423799,C++14 (GCC 6-32),WRONG_ANSWER,2491,1513700191,bhoneshchawla,CONTESTANT,PRETESTS,2,15,1843200
902,A,33425698,C++14 (GCC 6-32),WRONG_ANSWER,3056,1513700756,bhoneshchawla,CONTESTANT,PRETESTS,1,0,1843200
902,A,33426129,C++14 (GCC 6-32),WRONG_ANSWER,3198,1513700898,bhoneshchawla,CONTESTANT,PRETESTS,2,0,1843200
902,A,33429758,C++14 (GCC 6-32),WRONG_ANSWER,4595,1513702295,bhoneshchawla,CONTESTANT,PRETESTS,2,15,1843200
902,A,33416613,C++14 (GCC 6-32),WRONG_ANSWER,874,1513698584,bhowmik,CONTESTANT,TESTS,11,15,1945600
902,B,33422015,C++14 (GCC 6-32),OK,1987,1513699697,bhowmik,CONTESTANT,TESTS,50,15,2560000
902,C,33427562,C++14 (GCC 6-32),WRONG_ANSWER,3706,1513701416,bhowmik,CONTESTANT,PRETESTS,1,15,2252800
902,C,33430892,C++14 (GCC 6-32),WRONG_ANSWER,5058,1513702769,bhowmik,CONTESTANT,PRETESTS,4,15,2252800
902,C,33431138,C++14 (GCC 6-32),WRONG_ANSWER,5170,1513702881,bhowmik,CONTESTANT,PRETESTS,4,15,2252800
902,C,33431322,C++14 (GCC 6-32),WRONG_ANSWER,5259,1513702970,bhowmik,CONTESTANT,PRETESTS,4,15,2252800
902,C,33431522,C++14 (GCC 6-32),WRONG_ANSWER,5361,1513703072,bhowmik,CONTESTANT,PRETESTS,4,0,2252800
902,C,33433125,C++14 (GCC 6-32),WRONG_ANSWER,6159,1513703869,bhowmik,CONTESTANT,PRETESTS,5,15,2252800
902,C,33433589,C++14 (GCC 6-32),WRONG_ANSWER,6366,1513704076,bhowmik,CONTESTANT,PRETESTS,3,15,2252800
902,C,33433850,C++14 (GCC 6-32),WRONG_ANSWER,6487,1513704198,bhowmik,CONTESTANT,PRETESTS,5,15,2252800
902,C,33434346,C++14 (GCC 6-32),WRONG_ANSWER,6726,1513704437,bhowmik,CONTESTANT,PRETESTS,4,15,2252800
902,C,33434683,C++14 (GCC 6-32),WRONG_ANSWER,6867,1513704578,bhowmik,CONTESTANT,PRETESTS,3,0,2252800
902,C,33435260,C++14 (GCC 6-32),OK,7080,1513704790,bhowmik,CONTESTANT,TESTS,45,93,2252800
902,A,33419449,Python 3,WRONG_ANSWER,1397,1513699097,bhuwanchandra.it,CONTESTANT,PRETESTS,2,46,5529600
902,A,33424494,Python 3,WRONG_ANSWER,2686,1513700386,bhuwanchandra.it,CONTESTANT,PRETESTS,2,62,5529600
902,A,33426256,Python 3,WRONG_ANSWER,3240,1513700940,bhuwanchandra.it,CONTESTANT,PRETESTS,4,46,5529600
902,A,33427924,Python 3,WRONG_ANSWER,3847,1513701547,bhuwanchandra.it,CONTESTANT,PRETESTS,4,46,5529600
902,A,33432238,Python 3,OK,5732,1513703432,bhuwanchandra.it,CONTESTANT,TESTS,55,62,5529600
902,A,33416363,GNU C,WRONG_ANSWER,845,1513698545,bidhanbaray,CONTESTANT,PRETESTS,2,15,1843200
902,A,33418277,GNU C,WRONG_ANSWER,1164,1513698864,bidhanbaray,CONTESTANT,PRETESTS,2,15,1843200
902,A,33421620,GNU C,WRONG_ANSWER,1895,1513699595,bidhanbaray,CONTESTANT,PRETESTS,2,15,1843200
902,A,33430142,GNU C,WRONG_ANSWER,4759,1513702459,bidhanbaray,CONTESTANT,PRETESTS,2,0,1843200
902,A,33431748,GNU C,WRONG_ANSWER,5486,1513703186,bidhanbaray,CONTESTANT,PRETESTS,1,0,1843200
902,A,33431887,GNU C,WRONG_ANSWER,5563,1513703263,bidhanbaray,CONTESTANT,PRETESTS,3,15,1843200
902,A,33434546,GNU C,WRONG_ANSWER,6820,1513704520,bidhanbaray,CONTESTANT,PRETESTS,2,15,1843200
902,A,33416632,GNU C++,OK,887,1513698587,bigbignoodle,CONTESTANT,TESTS,55,15,2048000
902,B,33426345,GNU C++,WRONG_ANSWER,3269,1513700969,bigbignoodle,CONTESTANT,PRETESTS,0,0,2048000
902,B,33426536,GNU C++,OK,3335,1513701035,bigbignoodle,CONTESTANT,TESTS,50,62,2867200
902,C,33431646,GNU C++,WRONG_ANSWER,5436,1513703136,bigbignoodle,CONTESTANT,PRETESTS,1,0,3686400
902,C,33432072,GNU C++,WRONG_ANSWER,5646,1513703346,bigbignoodle,CONTESTANT,PRETESTS,1,15,3686400
902,C,33432242,GNU C++,OK,5734,1513703434,bigbignoodle,CONTESTANT,TESTS,45,312,3686400
902,A,33416519,Java 8,WRONG_ANSWER,871,1513698571,bigsec,CONTESTANT,PRETESTS,4,140,20992000
902,A,33421840,Java 8,OK,1950,1513699650,bigsec,CONTESTANT,TESTS,55,170,20992000
902,A,33416300,GNU C++,WRONG_ANSWER,837,1513698537,bigshaniu,CONTESTANT,PRETESTS,3,15,1843200
902,A,33417574,GNU C++,OK,1044,1513698744,bigshaniu,CONTESTANT,TESTS,55,15,1843200
902,B,33419554,GNU C++,OK,1423,1513699123,bigshaniu,CONTESTANT,TESTS,50,15,2355200
902,C,33423717,GNU C++,OK,2467,1513700167,bigshaniu,CONTESTANT,TESTS,45,109,3481600
902,B,33420267,FPC,OK,1572,1513699272,binh123456,CONTESTANT,TESTS,50,15,2662400
902,A,33421848,FPC,OK,1952,1513699652,binh123456,CONTESTANT,TESTS,55,15,1638400
902,C,33432324,FPC,OK,5775,1513703475,binh123456,CONTESTANT,TESTS,45,748,3993600
902,A,33412834,GNU C++11,WRONG_ANSWER,263,1513697963,bira37,CONTESTANT,PRETESTS,2,15,2048000
902,A,33412926,GNU C++11,OK,292,1513697992,bira37,CONTESTANT,TESTS,55,30,2048000
902,B,33415452,GNU C++11,OK,714,1513698414,bira37,CONTESTANT,TESTS,50,31,2457600
902,C,33424465,GNU C++11,RUNTIME_ERROR,2678,1513700378,bira37,CONTESTANT,PRETESTS,12,61,9932800
902,C,33424708,GNU C++11,OK,2745,1513700445,bira37,CONTESTANT,TESTS,45,264,16384000
902,A,33413653,Java 8,WRONG_ANSWER,431,1513698131,bittu10,CONTESTANT,PRETESTS,2,139,20992000
902,A,33414263,Java 8,WRONG_ANSWER,528,1513698228,bittu10,CONTESTANT,PRETESTS,3,140,20992000
902,A,33415760,Java 8,WRONG_ANSWER,758,1513698458,bittu10,CONTESTANT,PRETESTS,3,139,20992000
902,A,33418531,Java 8,OK,1210,1513698910,bittu10,CONTESTANT,TESTS,55,155,21094400
902,B,33422085,Java 8,OK,2008,1513699708,bittu10,CONTESTANT,TESTS,50,187,21094400
902,A,33417573,C++14 (GCC 6-32),WRONG_ANSWER,1044,1513698744,bjosko96,CONTESTANT,PRETESTS,1,0,1945600
902,A,33419659,C++14 (GCC 6-32),WRONG_ANSWER,1441,1513699141,bjosko96,CONTESTANT,PRETESTS,1,0,1843200
902,A,33420386,C++14 (GCC 6-32),WRONG_ANSWER,1598,1513699298,bjosko96,CONTESTANT,PRETESTS,2,15,1843200
902,A,33421336,C++14 (GCC 6-32),WRONG_ANSWER,1827,1513699527,bjosko96,CONTESTANT,PRETESTS,2,0,1843200
902,A,33422744,C++14 (GCC 6-32),WRONG_ANSWER,2194,1513699894,bjosko96,CONTESTANT,PRETESTS,4,15,1843200
902,A,33425335,C++14 (GCC 6-32),WRONG_ANSWER,2940,1513700640,bjosko96,CONTESTANT,PRETESTS,5,15,1945600
902,A,33427840,C++14 (GCC 6-32),WRONG_ANSWER,3816,1513701516,bjosko96,CONTESTANT,PRETESTS,2,0,1843200
902,A,33428113,C++14 (GCC 6-32),OK,3920,1513701620,bjosko96,CONTESTANT,TESTS,55,15,1945600
902,A,33413452,C++14 (GCC 6-32),OK,384,1513698094,bktl1love,CONTESTANT,TESTS,55,15,2048000
902,B,33418881,C++14 (GCC 6-32),OK,1270,1513698981,bktl1love,CONTESTANT,TESTS,50,31,2560000
902,C,33426714,C++14 (GCC 6-32),OK,3396,1513701106,bktl1love,CONTESTANT,TESTS,45,93,3481600
902,A,33414575,C++14 (GCC 6-32),WRONG_ANSWER,580,1513698280,bla2k17,CONTESTANT,PRETESTS,2,15,1945600
902,A,33416602,C++14 (GCC 6-32),WRONG_ANSWER,883,1513698583,bla2k17,CONTESTANT,PRETESTS,4,15,1843200
902,A,33420145,C++14 (GCC 6-32),WRONG_ANSWER,1544,1513699244,bla2k17,CONTESTANT,PRETESTS,4,15,1843200
902,A,33423196,C++14 (GCC 6-32),WRONG_ANSWER,2321,1513700021,bla2k17,CONTESTANT,PRETESTS,4,15,1843200
902,A,33426056,C++14 (GCC 6-32),OK,3172,1513700872,bla2k17,CONTESTANT,TESTS,55,15,1945600
902,A,33420871,GNU C++11,TIME_LIMIT_EXCEEDED,1714,1513699414,black-master,CONTESTANT,PRETESTS,3,1000,190873600
902,A,33426431,GNU C++11,OK,3299,1513700999,black-master,CONTESTANT,TESTS,55,15,2048000
902,A,33413346,GNU C,COMPILATION_ERROR,365,1513698076,black_memories,CONTESTANT,PRETESTS,0,0,0
902,A,33413513,C++14 (GCC 6-32),OK,396,1513698106,black_memories,CONTESTANT,TESTS,55,15,1945600
902,B,33416419,C++14 (GCC 6-32),OK,842,1513698552,black_memories,CONTESTANT,TESTS,50,46,2457600
902,C,33421949,C++14 (GCC 6-32),RUNTIME_ERROR,1969,1513699680,black_memories,CONTESTANT,PRETESTS,12,15,1945600
902,C,33422195,C++14 (GCC 6-32),OK,2026,1513699736,black_memories,CONTESTANT,TESTS,45,155,5939200
902,D,33429380,C++14 (GCC 6-32),WRONG_ANSWER,4420,1513702130,black_memories,CONTESTANT,PRETESTS,1,0,1945600
902,D,33434254,C++14 (GCC 6-32),WRONG_ANSWER,6684,1513704395,black_memories,CONTESTANT,PRETESTS,0,15,2150400
902,D,33434386,C++14 (GCC 6-32),WRONG_ANSWER,6741,1513704452,black_memories,CONTESTANT,PRETESTS,0,0,2150400
902,D,33435161,C++14 (GCC 6-32),WRONG_ANSWER,7047,1513704758,black_memories,CONTESTANT,PRETESTS,1,15,2150400
902,D,33435565,C++14 (GCC 6-32),WRONG_ANSWER,7167,1513704878,black_memories,CONTESTANT,PRETESTS,2,15,2150400
902,A,33413925,C++14 (GCC 6-32),OK,475,1513698175,black_pearl_again,CONTESTANT,TESTS,55,15,1843200
902,B,33423425,C++14 (GCC 6-32),OK,2384,1513700084,black_pearl_again,CONTESTANT,TESTS,50,30,3072000
902,C,33431100,C++14 (GCC 6-32),OK,5162,1513702862,black_pearl_again,CONTESTANT,TESTS,45,171,16486400
902,A,33415361,GNU C++11,WRONG_ANSWER,701,1513698401,blackflag777,CONTESTANT,PRETESTS,0,15,2048000
902,A,33417087,GNU C++11,WRONG_ANSWER,960,1513698660,blackflag777,CONTESTANT,PRETESTS,4,15,2048000
902,A,33418288,GNU C++11,WRONG_ANSWER,1166,1513698866,blackflag777,CONTESTANT,PRETESTS,4,15,2048000
902,A,33414797,GNU C++,OK,613,1513698313,blak_dragon,CONTESTANT,TESTS,55,15,2048000
902,B,33418666,GNU C++,OK,1235,1513698935,blak_dragon,CONTESTANT,TESTS,50,31,2560000
902,C,33426349,GNU C++,WRONG_ANSWER,3270,1513700970,blak_dragon,CONTESTANT,PRETESTS,0,0,2048000
902,C,33427491,GNU C++,OK,3690,1513701390,blak_dragon,CONTESTANT,TESTS,45,264,7270400
902,A,33417940,C++14 (GCC 6-32),OK,1107,1513698807,blast,CONTESTANT,TESTS,55,31,1945600
902,A,33414153,GNU C++11,WRONG_ANSWER,512,1513698212,blaster97,CONTESTANT,PRETESTS,3,15,2048000
902,B,33420524,GNU C++11,OK,1632,1513699332,blaster97,CONTESTANT,TESTS,50,61,2560000
902,C,33431347,GNU C++11,OK,5286,1513702986,blaster97,CONTESTANT,TESTS,45,312,4096000
902,A,33432193,GNU C++11,OK,5708,1513703408,blaster97,CONTESTANT,TESTS,55,15,2048000
902,A,33413381,GNU C11,WRONG_ANSWER,381,1513698081,blazing_eagle,CONTESTANT,PRETESTS,2,0,1843200
902,A,33413628,GNU C11,WRONG_ANSWER,425,1513698125,blazing_eagle,CONTESTANT,PRETESTS,2,15,1843200
902,A,33417336,GNU C11,WRONG_ANSWER,1004,1513698704,blazing_eagle,CONTESTANT,PRETESTS,0,15,1843200
902,A,33417810,GNU C11,OK,1085,1513698785,blazing_eagle,CONTESTANT,TESTS,55,15,1843200
902,A,33414459,Python 3,WRONG_ANSWER,560,1513698260,blinkRS,CONTESTANT,PRETESTS,3,46,5529600
902,A,33416369,Python 3,WRONG_ANSWER,846,1513698546,blinkRS,CONTESTANT,PRETESTS,3,46,5529600
902,A,33418545,Python 3,CHALLENGED,1213,1513698913,blinkRS,CONTESTANT,CHALLENGES,8,61,5529600
902,B,33424738,Python 3,OK,2754,1513700454,blinkRS,CONTESTANT,TESTS,50,92,6963200
902,A,33425631,Python 3,WRONG_ANSWER,3031,1513700731,blinkRS,CONTESTANT,CHALLENGES,0,62,5529600
902,D,33429843,Python 3,WRONG_ANSWER,4629,1513702329,blinkRS,CONTESTANT,PRETESTS,2,46,5529600
902,A,33431980,Python 3,WRONG_ANSWER,5607,1513703307,blinkRS,CONTESTANT,PRETESTS,0,31,5529600
902,A,33432076,Python 3,WRONG_ANSWER,5649,1513703349,blinkRS,CONTESTANT,CHALLENGES,0,61,5529600
902,A,33433196,Python 3,OK,6205,1513703905,blinkRS,CONTESTANT,TESTS,55,62,5529600
902,D,33435461,Python 3,WRONG_ANSWER,7154,1513704854,blinkRS,CONTESTANT,PRETESTS,3,46,5529600
902,A,33413664,C++14 (GCC 6-32),WRONG_ANSWER,432,1513698132,blu-ray,CONTESTANT,PRETESTS,3,0,1843200
902,A,33417898,C++14 (GCC 6-32),WRONG_ANSWER,1100,1513698800,blu-ray,CONTESTANT,PRETESTS,3,0,1945600
902,A,33426512,C++14 (GCC 6-32),OK,3328,1513701028,blu-ray,CONTESTANT,TESTS,55,15,1945600
902,B,33430527,C++14 (GCC 6-32),OK,4913,1513702613,blu-ray,CONTESTANT,TESTS,50,46,1945600
902,A,33414717,GNU C++,OK,599,1513698299,blublublu,CONTESTANT,TESTS,55,15,2048000
902,B,33419200,GNU C++,OK,1339,1513699050,blublublu,CONTESTANT,TESTS,50,31,2764800
902,C,33424254,GNU C++,OK,2611,1513700311,blublublu,CONTESTANT,TESTS,45,124,8089600
902,A,33417558,GNU C++11,WRONG_ANSWER,1041,1513698741,bochaliya,CONTESTANT,PRETESTS,0,0,2048000
902,A,33421315,GNU C++11,OK,1822,1513699522,bochaliya,CONTESTANT,TESTS,55,15,2048000
902,A,33417510,Java 8,WRONG_ANSWER,1023,1513698733,bodmas,CONTESTANT,TESTS,47,186,21504000
902,B,33423836,Java 8,OK,2489,1513700200,bodmas,CONTESTANT,TESTS,50,202,21606400
902,A,33422049,GNU C++11,TIME_LIMIT_EXCEEDED,2003,1513699703,boki,CONTESTANT,PRETESTS,2,1000,10035200
902,A,33424577,GNU C++11,WRONG_ANSWER,2708,1513700408,boki,CONTESTANT,PRETESTS,0,0,2048000
902,A,33424763,GNU C++11,OK,2763,1513700463,boki,CONTESTANT,TESTS,55,15,2048000
902,B,33434572,GNU C++11,OK,6832,1513704532,boki,CONTESTANT,TESTS,50,343,2560000
902,A,33420876,C++14 (GCC 6-32),WRONG_ANSWER,1704,1513699414,bondhan,CONTESTANT,PRETESTS,1,0,1843200
902,A,33413130,GNU C++11,WRONG_ANSWER,337,1513698037,bonna46,CONTESTANT,PRETESTS,2,15,2048000
902,A,33413784,GNU C++11,WRONG_ANSWER,452,1513698152,bonna46,CONTESTANT,PRETESTS,2,30,2048000
902,A,33414998,GNU C++11,OK,646,1513698346,bonna46,CONTESTANT,TESTS,55,15,2048000
902,B,33427632,GNU C++11,OK,3741,1513701441,bonna46,CONTESTANT,TESTS,50,312,2764800
902,A,33414768,C++14 (GCC 6-32),OK,607,1513698307,bonzai,CONTESTANT,TESTS,55,15,1945600
902,B,33422362,C++14 (GCC 6-32),OK,2086,1513699786,bonzai,CONTESTANT,TESTS,50,30,2560000
902,C,33428707,C++14 (GCC 6-32),WRONG_ANSWER,4163,1513701863,bonzai,CONTESTANT,PRETESTS,1,0,1843200
902,C,33430409,C++14 (GCC 6-32),WRONG_ANSWER,4864,1513702564,bonzai,CONTESTANT,PRETESTS,4,15,1945600
902,C,33431014,C++14 (GCC 6-32),WRONG_ANSWER,5125,1513702825,bonzai,CONTESTANT,PRETESTS,4,15,1843200
902,C,33431835,C++14 (GCC 6-32),OK,5537,1513703237,bonzai,CONTESTANT,TESTS,45,77,2252800
902,A,33415089,GNU C++11,OK,659,1513698359,boomfourHaHa,CONTESTANT,TESTS,55,15,2048000
902,A,33413669,GNU C++,WRONG_ANSWER,433,1513698133,border,CONTESTANT,PRETESTS,3,15,2150400
902,A,33414552,GNU C++,OK,576,1513698276,border,CONTESTANT,TESTS,55,15,2150400
902,B,33430196,GNU C++,OK,4778,1513702478,border,CONTESTANT,TESTS,50,249,2457600
902,A,33417004,GNU C++11,WRONG_ANSWER,945,1513698645,boring_gue,CONTESTANT,PRETESTS,2,15,2048000
902,A,33419128,GNU C++11,WRONG_ANSWER,1338,1513699038,boring_gue,CONTESTANT,PRETESTS,2,15,2048000
902,A,33420703,GNU C++11,WRONG_ANSWER,1672,1513699372,boring_gue,CONTESTANT,PRETESTS,4,15,2048000
902,A,33423378,GNU C++11,WRONG_ANSWER,2374,1513700074,boring_gue,CONTESTANT,PRETESTS,5,15,2048000
902,A,33424130,GNU C++11,WRONG_ANSWER,2579,1513700279,boring_gue,CONTESTANT,PRETESTS,5,15,2048000
902,A,33426419,GNU C++11,WRONG_ANSWER,3295,1513700995,boring_gue,CONTESTANT,PRETESTS,5,15,2048000
902,A,33428751,GNU C++11,WRONG_ANSWER,4183,1513701883,boring_gue,CONTESTANT,PRETESTS,0,0,2048000
902,A,33428977,GNU C++11,OK,4268,1513701968,boring_gue,CONTESTANT,TESTS,55,15,2048000
902,A,33415563,C++14 (GCC 6-32),WRONG_ANSWER,730,1513698430,borisshapa,CONTESTANT,PRETESTS,2,15,1843200
902,A,33421083,C++14 (GCC 6-32),WRONG_ANSWER,1765,1513699465,borisshapa,CONTESTANT,PRETESTS,2,0,1945600
902,A,33422495,C++14 (GCC 6-32),WRONG_ANSWER,2125,1513699825,borisshapa,CONTESTANT,PRETESTS,3,0,1945600
902,A,33422723,C++14 (GCC 6-32),OK,2188,1513699888,borisshapa,CONTESTANT,TESTS,55,31,1945600
902,B,33424811,C++14 (GCC 6-32),OK,2774,1513700474,borisshapa,CONTESTANT,TESTS,50,15,2560000
902,C,33429824,C++14 (GCC 6-32),OK,4625,1513702325,borisshapa,CONTESTANT,TESTS,45,78,4710400
902,D,33432881,C++14 (GCC 6-32),WRONG_ANSWER,6057,1513703757,borisshapa,CONTESTANT,PRETESTS,3,15,1843200
902,D,33434140,C++14 (GCC 6-32),WRONG_ANSWER,6643,1513704343,borisshapa,CONTESTANT,PRETESTS,5,0,1945600
902,A,33417040,C++14 (GCC 6-32),RUNTIME_ERROR,951,1513698651,born.kira,CONTESTANT,PRETESTS,2,15,1843200
902,A,33422382,C++14 (GCC 6-32),OK,2092,1513699792,born.kira,CONTESTANT,TESTS,55,31,1945600
902,B,33422821,C++14 (GCC 6-32),OK,2215,1513699915,born.kira,CONTESTANT,TESTS,50,31,2969600
902,A,33412686,C++14 (GCC 6-32),OK,195,1513697895,bortol,CONTESTANT,TESTS,55,15,1945600
902,B,33419034,C++14 (GCC 6-32),OK,1316,1513699016,bortol,CONTESTANT,TESTS,50,30,2560000
902,C,33425511,C++14 (GCC 6-32),OK,2995,1513700695,bortol,CONTESTANT,TESTS,45,78,2662400
902,A,33416510,GNU C,WRONG_ANSWER,870,1513698570,bouatay.wassim,CONTESTANT,PRETESTS,3,15,1843200
902,A,33417158,GNU C,WRONG_ANSWER,973,1513698673,bouatay.wassim,CONTESTANT,PRETESTS,2,15,1843200
902,A,33420074,GNU C,WRONG_ANSWER,1530,1513699230,bouatay.wassim,CONTESTANT,PRETESTS,2,15,1843200
902,A,33421309,GNU C,WRONG_ANSWER,1821,1513699521,bouatay.wassim,CONTESTANT,PRETESTS,2,15,1843200
902,A,33422402,GNU C,WRONG_ANSWER,2100,1513699800,bouatay.wassim,CONTESTANT,PRETESTS,2,0,1843200
902,A,33422889,GNU C,WRONG_ANSWER,2231,1513699931,bouatay.wassim,CONTESTANT,PRETESTS,2,15,1843200
902,A,33414721,C++14 (GCC 6-32),OK,600,1513698300,bouhoula,CONTESTANT,TESTS,55,15,1945600
902,B,33418125,C++14 (GCC 6-32),OK,1137,1513698837,bouhoula,CONTESTANT,TESTS,50,30,2457600
902,C,33422677,C++14 (GCC 6-32),OK,2175,1513699875,bouhoula,CONTESTANT,TESTS,45,77,5734400
902,D,33431511,C++14 (GCC 6-32),OK,5368,1513703068,bouhoula,CONTESTANT,TESTS,150,15,2048000
902,A,33418287,C++14 (GCC 6-32),WRONG_ANSWER,1166,1513698866,bpr10ry,CONTESTANT,PRETESTS,4,15,1843200
902,A,33422526,C++14 (GCC 6-32),CHALLENGED,2133,1513699833,bpr10ry,CONTESTANT,CHALLENGES,8,15,1945600
902,A,33428040,C++14 (GCC 6-32),OK,3888,1513701588,bpr10ry,CONTESTANT,TESTS,55,15,1945600
902,A,33415517,C++14 (GCC 6-32),WRONG_ANSWER,724,1513698424,breakit1234,CONTESTANT,PRETESTS,4,15,1843200
902,A,33420910,C++14 (GCC 6-32),OK,1721,1513699421,breakit1234,CONTESTANT,TESTS,55,15,1945600
902,A,33412949,C++14 (GCC 6-32),OK,298,1513697998,brights1de,CONTESTANT,TESTS,55,15,1945600
902,B,33419724,C++14 (GCC 6-32),OK,1452,1513699152,brights1de,CONTESTANT,TESTS,50,30,2560000
902,C,33426676,C++14 (GCC 6-32),WRONG_ANSWER,3391,1513701091,brights1de,CONTESTANT,PRETESTS,4,15,2048000
902,C,33427023,C++14 (GCC 6-32),WRONG_ANSWER,3513,1513701213,brights1de,CONTESTANT,PRETESTS,1,15,1843200
902,C,33427439,C++14 (GCC 6-32),WRONG_ANSWER,3671,1513701371,brights1de,CONTESTANT,PRETESTS,4,15,1843200
902,C,33429000,C++14 (GCC 6-32),WRONG_ANSWER,4279,1513701979,brights1de,CONTESTANT,PRETESTS,4,0,2048000
902,C,33430815,C++14 (GCC 6-32),OK,5042,1513702742,brights1de,CONTESTANT,TESTS,45,93,5734400
902,A,33413030,C++14 (GCC 6-32),WRONG_ANSWER,314,1513698014,brimix__,CONTESTANT,PRETESTS,2,0,1945600
902,C,33420760,C++14 (GCC 6-32),WRONG_ANSWER,1689,1513699389,brimix__,CONTESTANT,PRETESTS,6,15,1843200
902,A,33421376,C++14 (GCC 6-32),OK,1836,1513699536,brimix__,CONTESTANT,TESTS,55,15,1945600
902,B,33427989,C++14 (GCC 6-32),OK,3871,1513701571,brimix__,CONTESTANT,TESTS,50,31,2150400
902,D,33429844,C++14 (GCC 6-32),WRONG_ANSWER,4630,1513702330,brimix__,CONTESTANT,PRETESTS,0,15,1945600
902,C,33429862,C++14 (GCC 6-32),OK,4638,1513702339,brimix__,CONTESTANT,TESTS,45,124,5632000
902,D,33435658,C++14 (GCC 6-32),COMPILATION_ERROR,7194,1513704894,brimix__,CONTESTANT,PRETESTS,0,0,0
902,A,33422182,GNU C++,WRONG_ANSWER,2022,1513699733,brojo,CONTESTANT,PRETESTS,1,0,2048000
902,A,33426944,C++14 (GCC 6-32),SKIPPED,3474,1513701185,brojo,CONTESTANT,PRETESTS,8,15,1945600
902,A,33427172,C++14 (GCC 6-32),WRONG_ANSWER,3563,1513701274,brojo,CONTESTANT,TESTS,11,15,1945600
902,A,33413526,C++14 (GCC 6-32),OK,398,1513698109,brurrito,CONTESTANT,TESTS,55,15,1945600
902,B,33420401,C++14 (GCC 6-32),OK,1590,1513699301,brurrito,CONTESTANT,TESTS,50,31,6348800
902,C,33427154,C++14 (GCC 6-32),OK,3555,1513701265,brurrito,CONTESTANT,TESTS,45,93,4710400
902,A,33419818,C++14 (GCC 6-32),WRONG_ANSWER,1462,1513699172,brute_forces,CONTESTANT,PRETESTS,2,15,1843200
902,A,33421724,C++14 (GCC 6-32),WRONG_ANSWER,1910,1513699621,brute_forces,CONTESTANT,PRETESTS,4,15,1945600
902,A,33423706,C++14 (GCC 6-32),WRONG_ANSWER,2454,1513700164,brute_forces,CONTESTANT,PRETESTS,4,15,1945600
902,B,33430954,C++14 (GCC 6-32),OK,5081,1513702792,brute_forces,CONTESTANT,TESTS,50,15,2867200
902,A,33433067,C++14 (GCC 6-32),WRONG_ANSWER,6133,1513703843,brute_forces,CONTESTANT,TESTS,41,15,1945600
902,A,33421437,GNU C++11,OK,1841,1513699551,btapple,CONTESTANT,TESTS,55,15,2048000
902,B,33428665,GNU C++11,MEMORY_LIMIT_EXCEEDED,4135,1513701846,btapple,CONTESTANT,PRETESTS,0,732,268390400
902,A,33412729,C++14 (GCC 6-32),WRONG_ANSWER,219,1513697919,bthero,CONTESTANT,PRETESTS,3,15,1843200
902,A,33413012,C++14 (GCC 6-32),OK,311,1513698011,bthero,CONTESTANT,TESTS,55,30,1945600
902,B,33415301,C++14 (GCC 6-32),OK,691,1513698391,bthero,CONTESTANT,TESTS,50,30,2457600
902,C,33420973,C++14 (GCC 6-32),WRONG_ANSWER,1738,1513699438,bthero,CONTESTANT,PRETESTS,1,15,2662400
902,C,33421147,C++14 (GCC 6-32),WRONG_ANSWER,1781,1513699481,bthero,CONTESTANT,PRETESTS,3,15,2662400
902,C,33422731,C++14 (GCC 6-32),WRONG_ANSWER,2190,1513699890,bthero,CONTESTANT,PRETESTS,1,15,5939200
902,C,33423237,C++14 (GCC 6-32),WRONG_ANSWER,2339,1513700039,bthero,CONTESTANT,PRETESTS,3,0,5939200
902,C,33424505,C++14 (GCC 6-32),WRONG_ANSWER,2689,1513700389,bthero,CONTESTANT,PRETESTS,1,15,5939200
902,C,33426234,C++14 (GCC 6-32),WRONG_ANSWER,3235,1513700935,bthero,CONTESTANT,PRETESTS,3,15,9932800
902,C,33430522,C++14 (GCC 6-32),OK,4911,1513702611,bthero,CONTESTANT,TESTS,45,93,3072000
902,D,33434364,C++14 (GCC 6-32),WRONG_ANSWER,6744,1513704444,bthero,CONTESTANT,PRETESTS,0,0,1843200
902,D,33434745,C++14 (GCC 6-32),WRONG_ANSWER,6907,1513704607,bthero,CONTESTANT,PRETESTS,3,0,1945600
902,D,33435113,C++14 (GCC 6-32),WRONG_ANSWER,7037,1513704737,bthero,CONTESTANT,PRETESTS,3,0,1843200
902,D,33435669,C++14 (GCC 6-32),WRONG_ANSWER,7197,1513704897,bthero,CONTESTANT,PRETESTS,0,0,1945600
902,A,33419679,C++14 (GCC 6-32),SKIPPED,1445,1513699145,bu_hridoy,CONTESTANT,PRETESTS,8,31,1945600
902,A,33424300,C++14 (GCC 6-32),WRONG_ANSWER,2626,1513700326,bu_hridoy,CONTESTANT,TESTS,20,15,1945600
902,B,33434358,C++14 (GCC 6-32),OK,6742,1513704442,bu_hridoy,CONTESTANT,TESTS,50,15,7987200
902,A,33414213,C++14 (GCC 6-32),OK,510,1513698221,bugaosuni,CONTESTANT,TESTS,55,15,1945600
902,B,33419479,C++14 (GCC 6-32),OK,1393,1513699103,bugaosuni,CONTESTANT,TESTS,50,15,2048000
902,C,33423682,C++14 (GCC 6-32),OK,2447,1513700157,bugaosuni,CONTESTANT,TESTS,45,77,2252800
902,A,33412705,C++14 (GCC 6-32),WRONG_ANSWER,207,1513697907,buggy,CONTESTANT,PRETESTS,1,15,1843200
902,A,33415141,C++14 (GCC 6-32),WRONG_ANSWER,666,1513698366,buggy,CONTESTANT,PRETESTS,0,0,1843200
902,A,33415690,C++14 (GCC 6-32),WRONG_ANSWER,746,1513698446,buggy,CONTESTANT,PRETESTS,5,0,1945600
902,A,33412772,C++14 (GCC 6-32),OK,236,1513697936,buggy.code,CONTESTANT,TESTS,55,15,1945600
902,B,33420496,C++14 (GCC 6-32),OK,1623,1513699323,buggy.code,CONTESTANT,TESTS,50,30,2560000
902,C,33424724,C++14 (GCC 6-32),WRONG_ANSWER,2749,1513700449,buggy.code,CONTESTANT,PRETESTS,1,15,1945600
902,C,33425934,C++14 (GCC 6-32),OK,3130,1513700830,buggy.code,CONTESTANT,TESTS,45,92,2252800
902,A,33415231,C++14 (GCC 6-32),WRONG_ANSWER,681,1513698381,builtnotborn,CONTESTANT,PRETESTS,2,15,1843200
902,A,33415852,C++14 (GCC 6-32),WRONG_ANSWER,771,1513698471,builtnotborn,CONTESTANT,PRETESTS,2,15,1945600
902,A,33416421,C++14 (GCC 6-32),WRONG_ANSWER,853,1513698553,builtnotborn,CONTESTANT,PRETESTS,2,15,1843200
902,A,33422874,C++14 (GCC 6-32),WRONG_ANSWER,2227,1513699927,builtnotborn,CONTESTANT,PRETESTS,2,0,1843200
902,A,33433638,C++14 (GCC 6-32),WRONG_ANSWER,6399,1513704099,builtnotborn,CONTESTANT,PRETESTS,0,0,1843200
902,A,33414838,GNU C++11,WRONG_ANSWER,620,1513698320,bula,CONTESTANT,PRETESTS,6,15,2048000
902,A,33415893,GNU C++11,WRONG_ANSWER,777,1513698477,bula,CONTESTANT,PRETESTS,6,15,2048000
902,B,33418782,GNU C++11,OK,1259,1513698959,bula,CONTESTANT,TESTS,50,31,2560000
902,A,33421660,GNU C++11,TIME_LIMIT_EXCEEDED,1904,1513699604,bula,CONTESTANT,PRETESTS,2,1000,2048000
902,A,33422360,GNU C++11,TIME_LIMIT_EXCEEDED,2084,1513699784,bula,CONTESTANT,TESTS,13,1000,2048000
902,C,33425992,GNU C++11,WRONG_ANSWER,3148,1513700848,bula,CONTESTANT,PRETESTS,3,15,2457600
902,C,33426472,GNU C++11,OK,3312,1513701012,bula,CONTESTANT,TESTS,45,249,5427200
902,A,33419950,GNU C++,WRONG_ANSWER,1501,1513699201,buster26,CONTESTANT,PRETESTS,2,15,2048000
902,A,33420674,GNU C++,WRONG_ANSWER,1666,1513699366,buster26,CONTESTANT,PRETESTS,2,0,2048000
902,A,33426023,GNU C++,WRONG_ANSWER,3158,1513700858,buster26,CONTESTANT,TESTS,47,15,2048000
902,A,33415857,GNU C++,OK,771,1513698471,by_default,CONTESTANT,TESTS,55,15,2048000
902,B,33426125,GNU C++,OK,3197,1513700897,by_default,CONTESTANT,TESTS,50,31,2560000
902,C,33433130,GNU C++,WRONG_ANSWER,6172,1513703872,by_default,CONTESTANT,PRETESTS,1,0,2867200
902,C,33433480,GNU C++,OK,6325,1513704025,by_default,CONTESTANT,TESTS,45,233,2867200
902,A,33415190,C++14 (GCC 6-32),WRONG_ANSWER,674,1513698374,byjiang98,CONTESTANT,PRETESTS,2,15,1945600
902,A,33415941,C++14 (GCC 6-32),OK,783,1513698483,byjiang98,CONTESTANT,TESTS,55,15,1945600
902,B,33421920,C++14 (GCC 6-32),OK,1971,1513699671,byjiang98,CONTESTANT,TESTS,50,15,2457600
902,D,33426252,C++14 (GCC 6-32),WRONG_ANSWER,3239,1513700939,byjiang98,CONTESTANT,PRETESTS,2,15,1945600
902,D,33428185,C++14 (GCC 6-32),WRONG_ANSWER,3950,1513701650,byjiang98,CONTESTANT,PRETESTS,4,15,1843200
902,C,33431397,C++14 (GCC 6-32),OK,5309,1513703009,byjiang98,CONTESTANT,TESTS,45,93,2252800
902,A,33414608,C++14 (GCC 6-32),WRONG_ANSWER,584,1513698284,cMartynas,CONTESTANT,PRETESTS,3,15,1843200
902,A,33414963,C++14 (GCC 6-32),OK,640,1513698340,cMartynas,CONTESTANT,TESTS,55,15,1945600
902,B,33418647,C++14 (GCC 6-32),OK,1232,1513698932,cMartynas,CONTESTANT,TESTS,50,46,2662400
902,C,33427464,C++14 (GCC 6-32),WRONG_ANSWER,3681,1513701381,cMartynas,CONTESTANT,PRETESTS,1,15,6656000
902,C,33427554,C++14 (GCC 6-32),WRONG_ANSWER,3713,1513701413,cMartynas,CONTESTANT,PRETESTS,1,15,6656000
902,C,33427685,C++14 (GCC 6-32),WRONG_ANSWER,3761,1513701461,cMartynas,CONTESTANT,PRETESTS,4,15,6860800
902,C,33430016,C++14 (GCC 6-32),OK,4703,1513702403,cMartynas,CONTESTANT,TESTS,45,124,12902400
902,A,33417175,C++14 (GCC 6-32),WRONG_ANSWER,977,1513698677,c_jain,CONTESTANT,TESTS,47,15,1945600
902,B,33428895,C++14 (GCC 6-32),WRONG_ANSWER,4235,1513701935,c_jain,CONTESTANT,PRETESTS,9,15,2457600
902,B,33431243,C++14 (GCC 6-32),OK,5236,1513702936,c_jain,CONTESTANT,TESTS,50,46,2662400
902,A,33413428,C++14 (GCC 6-32),CHALLENGED,390,1513698090,caiocandido,CONTESTANT,CHALLENGES,8,15,1945600
902,B,33420859,C++14 (GCC 6-32),OK,1712,1513699412,caiocandido,CONTESTANT,TESTS,50,30,2969600
902,C,33426961,C++14 (GCC 6-32),WRONG_ANSWER,3490,1513701190,caiocandido,CONTESTANT,PRETESTS,4,15,4300800
902,C,33427365,C++14 (GCC 6-32),WRONG_ANSWER,3647,1513701347,caiocandido,CONTESTANT,PRETESTS,4,15,4300800
902,C,33429286,C++14 (GCC 6-32),OK,4392,1513702092,caiocandido,CONTESTANT,TESTS,45,93,4300800
902,A,33413081,GNU C++,OK,325,1513698025,cant_worse_more,CONTESTANT,TESTS,55,15,2048000
902,B,33418448,GNU C++,OK,1193,1513698893,cant_worse_more,CONTESTANT,TESTS,50,15,2150400
902,C,33423197,GNU C++,WRONG_ANSWER,2321,1513700021,cant_worse_more,CONTESTANT,PRETESTS,1,15,2457600
902,C,33426640,GNU C++,WRONG_ANSWER,3380,1513701080,cant_worse_more,CONTESTANT,PRETESTS,4,15,2457600
902,C,33427033,GNU C++,OK,3517,1513701217,cant_worse_more,CONTESTANT,TESTS,45,109,2457600
902,A,33412805,GNU C++11,OK,254,1513697954,caprariuap,CONTESTANT,TESTS,55,15,2048000
902,B,33414927,GNU C++11,RUNTIME_ERROR,633,1513698333,caprariuap,CONTESTANT,PRETESTS,5,0,2150400
902,B,33416181,GNU C++11,RUNTIME_ERROR,819,1513698519,caprariuap,CONTESTANT,PRETESTS,5,15,2150400
902,B,33416492,GNU C++11,OK,867,1513698567,caprariuap,CONTESTANT,TESTS,50,31,2560000
902,C,33426117,GNU C++11,WRONG_ANSWER,3194,1513700894,caprariuap,CONTESTANT,PRETESTS,6,15,4710400
902,C,33427066,GNU C++11,WRONG_ANSWER,3532,1513701232,caprariuap,CONTESTANT,PRETESTS,4,15,4710400
902,C,33428059,GNU C++11,COMPILATION_ERROR,3895,1513701595,caprariuap,CONTESTANT,PRETESTS,0,0,0
902,C,33428150,GNU C++11,WRONG_ANSWER,3937,1513701637,caprariuap,CONTESTANT,PRETESTS,4,15,4710400
902,C,33429674,GNU C++11,WRONG_ANSWER,4561,1513702261,caprariuap,CONTESTANT,PRETESTS,4,15,4710400
902,C,33430941,GNU C++11,WRONG_ANSWER,5086,1513702786,caprariuap,CONTESTANT,PRETESTS,1,15,5427200
902,C,33431405,GNU C++11,OK,5313,1513703013,caprariuap,CONTESTANT,TESTS,45,265,5427200
902,A,33413859,GNU C++11,WRONG_ANSWER,453,1513698164,carnero,CONTESTANT,PRETESTS,2,15,2048000
902,A,33415706,GNU C++11,WRONG_ANSWER,749,1513698449,carnero,CONTESTANT,PRETESTS,4,15,2048000
902,A,33417306,GNU C++11,WRONG_ANSWER,988,1513698699,carnero,CONTESTANT,PRETESTS,4,15,2048000
902,A,33418510,GNU C++11,WRONG_ANSWER,1194,1513698905,carnero,CONTESTANT,PRETESTS,4,0,2048000
902,A,33419575,GNU C++11,OK,1416,1513699127,carnero,CONTESTANT,TESTS,55,15,2048000
902,B,33424691,GNU C++11,WRONG_ANSWER,2731,1513700442,carnero,CONTESTANT,PRETESTS,2,15,2252800
902,B,33426688,GNU C++11,OK,3386,1513701097,carnero,CONTESTANT,TESTS,50,343,2560000
902,C,33431253,GNU C++11,WRONG_ANSWER,5232,1513702942,carnero,CONTESTANT,PRETESTS,1,15,2457600
902,C,33431346,GNU C++11,WRONG_ANSWER,5275,1513702986,carnero,CONTESTANT,PRETESTS,1,15,2457600
902,C,33431861,GNU C++11,WRONG_ANSWER,5539,1513703250,carnero,CONTESTANT,PRETESTS,3,15,2457600
902,C,33433217,GNU C++11,WRONG_ANSWER,6201,1513703911,carnero,CONTESTANT,PRETESTS,4,15,2457600
902,A,33416262,GNU C++11,OK,830,1513698530,cartmancodes,CONTESTANT,TESTS,55,15,2048000
902,B,33419547,GNU C++11,OK,1420,1513699120,cartmancodes,CONTESTANT,TESTS,50,46,2764800
902,C,33425895,GNU C++11,WRONG_ANSWER,3118,1513700818,cartmancodes,CONTESTANT,PRETESTS,1,15,4505600
902,C,33428022,GNU C++11,OK,3883,1513701583,cartmancodes,CONTESTANT,TESTS,45,265,4505600
902,A,33423205,C++14 (GCC 6-32),WRONG_ANSWER,2323,1513700023,casha23,CONTESTANT,PRETESTS,2,15,1945600
902,A,33429541,C++14 (GCC 6-32),WRONG_ANSWER,4505,1513702205,casha23,CONTESTANT,PRETESTS,3,15,1843200
902,A,33414264,GNU C++,OK,528,1513698228,cassle,CONTESTANT,TESTS,55,15,2048000
902,C,33429303,GNU C++,WRONG_ANSWER,4397,1513702097,cassle,CONTESTANT,PRETESTS,5,15,2457600
902,C,33430358,GNU C++,OK,4843,1513702543,cassle,CONTESTANT,TESTS,45,264,2457600
902,A,33413270,C++14 (GCC 6-32),OK,363,1513698063,cb_Adam,CONTESTANT,TESTS,55,15,1945600
902,B,33416581,C++14 (GCC 6-32),OK,881,1513698581,cb_Adam,CONTESTANT,TESTS,50,46,26316800
902,C,33423030,C++14 (GCC 6-32),OK,2271,1513699971,cb_Adam,CONTESTANT,TESTS,45,155,17920000
902,D,33433486,C++14 (GCC 6-32),WRONG_ANSWER,6328,1513704028,cb_Adam,CONTESTANT,PRETESTS,2,15,1945600
902,D,33435620,C++14 (GCC 6-32),WRONG_ANSWER,7187,1513704887,cb_Adam,CONTESTANT,PRETESTS,1,15,1945600
902,A,33415683,GNU C++11,OK,745,1513698445,cbdavides,CONTESTANT,TESTS,55,31,2048000
902,B,33423680,GNU C++11,OK,2457,1513700157,cbdavides,CONTESTANT,TESTS,50,46,2457600
902,A,33412734,GNU C++11,WRONG_ANSWER,219,1513697919,cbosch_carlgauss,CONTESTANT,PRETESTS,2,0,2048000
902,A,33413577,GNU C++11,OK,417,1513698117,cbosch_carlgauss,CONTESTANT,TESTS,55,15,2048000
902,B,33417656,GNU C++11,OK,1060,1513698760,cbosch_carlgauss,CONTESTANT,TESTS,50,31,2560000
902,C,33423750,GNU C++11,OK,2476,1513700176,cbosch_carlgauss,CONTESTANT,TESTS,45,233,4505600
902,D,33424934,GNU C++11,WRONG_ANSWER,2809,1513700509,cbosch_carlgauss,CONTESTANT,PRETESTS,1,0,2048000
902,D,33425353,GNU C++11,WRONG_ANSWER,2946,1513700646,cbosch_carlgauss,CONTESTANT,PRETESTS,0,0,2048000
902,D,33426213,GNU C++11,WRONG_ANSWER,3227,1513700927,cbosch_carlgauss,CONTESTANT,PRETESTS,3,15,2048000
902,D,33430128,GNU C++11,WRONG_ANSWER,4755,1513702455,cbosch_carlgauss,CONTESTANT,PRETESTS,3,15,2048000
902,D,33432792,GNU C++11,WRONG_ANSWER,6009,1513703709,cbosch_carlgauss,CONTESTANT,PRETESTS,0,0,2048000
902,D,33432948,GNU C++11,WRONG_ANSWER,6086,1513703786,cbosch_carlgauss,CONTESTANT,PRETESTS,6,15,2048000
902,D,33433747,GNU C++11,WRONG_ANSWER,6445,1513704145,cbosch_carlgauss,CONTESTANT,PRETESTS,5,15,2048000
902,A,33417289,C++14 (GCC 6-32),WRONG_ANSWER,996,1513698696,ccd97,CONTESTANT,PRETESTS,2,15,1945600
902,A,33419746,C++14 (GCC 6-32),OK,1455,1513699155,ccd97,CONTESTANT,TESTS,55,31,1945600
902,A,33414191,GNU C++,OK,518,1513698218,ceawrpl,CONTESTANT,TESTS,55,15,1843200
902,B,33420102,GNU C++,OK,1535,1513699235,ceawrpl,CONTESTANT,TESTS,50,15,2457600
902,C,33427028,GNU C++,WRONG_ANSWER,3514,1513701214,ceawrpl,CONTESTANT,PRETESTS,3,15,2252800
902,C,33427482,GNU C++,WRONG_ANSWER,3686,1513701386,ceawrpl,CONTESTANT,PRETESTS,3,15,2252800
902,C,33429746,GNU C++,OK,4591,1513702291,ceawrpl,CONTESTANT,TESTS,45,109,2252800
902,A,33414316,GNU C++,WRONG_ANSWER,536,1513698236,cenation092,CONTESTANT,PRETESTS,1,15,2457600
902,A,33415065,GNU C++,COMPILATION_ERROR,656,1513698356,cenation092,CONTESTANT,PRETESTS,0,0,0
902,A,33415365,GNU C++,WRONG_ANSWER,701,1513698401,cenation092,CONTESTANT,PRETESTS,0,0,2457600
902,A,33416356,GNU C++,WRONG_ANSWER,844,1513698544,cenation092,CONTESTANT,PRETESTS,2,15,2048000
902,A,33416918,GNU C++,WRONG_ANSWER,933,1513698633,cenation092,CONTESTANT,PRETESTS,2,15,2048000
902,A,33419567,GNU C++,COMPILATION_ERROR,1425,1513699125,cenation092,CONTESTANT,PRETESTS,0,0,0
902,A,33420059,GNU C++,OK,1526,1513699226,cenation092,CONTESTANT,TESTS,55,15,2048000
902,B,33428111,GNU C++,OK,3909,1513701620,cenation092,CONTESTANT,TESTS,50,46,3788800
902,B,33430219,GNU C++11,OK,4778,1513702488,cffake,CONTESTANT,TESTS,50,15,2560000
902,A,33417157,C++14 (GCC 6-32),WRONG_ANSWER,973,1513698673,chamanag,CONTESTANT,PRETESTS,4,15,1945600
902,A,33417723,C++14 (GCC 6-32),WRONG_ANSWER,1071,1513698771,chamanag,CONTESTANT,PRETESTS,4,15,1843200
902,A,33418584,C++14 (GCC 6-32),WRONG_ANSWER,1219,1513698919,chamanag,CONTESTANT,PRETESTS,4,15,1843200
902,A,33420405,C++14 (GCC 6-32),WRONG_ANSWER,1602,1513699302,chamanag,CONTESTANT,PRETESTS,4,15,1945600
902,A,33421052,C++14 (GCC 6-32),WRONG_ANSWER,1757,1513699457,chamanag,CONTESTANT,PRETESTS,4,15,1843200
902,A,33421370,C++14 (GCC 6-32),WRONG_ANSWER,1835,1513699535,chamanag,CONTESTANT,PRETESTS,4,15,1843200
902,B,33430298,C++14 (GCC 6-32),OK,4818,1513702518,chamanag,CONTESTANT,TESTS,50,31,2662400
902,A,33413011,C++14 (GCC 6-32),WRONG_ANSWER,311,1513698011,chamow,CONTESTANT,PRETESTS,2,15,1945600
902,A,33413743,C++14 (GCC 6-32),WRONG_ANSWER,444,1513698144,chamow,CONTESTANT,PRETESTS,2,15,1843200
902,A,33414873,C++14 (GCC 6-32),WRONG_ANSWER,627,1513698327,chamow,CONTESTANT,PRETESTS,2,15,1843200
902,A,33416203,C++14 (GCC 6-32),WRONG_ANSWER,822,1513698522,chamow,CONTESTANT,PRETESTS,2,0,1843200
902,A,33418787,C++14 (GCC 6-32),WRONG_ANSWER,1259,1513698959,chamow,CONTESTANT,PRETESTS,2,15,1843200
902,A,33420332,C++14 (GCC 6-32),WRONG_ANSWER,1583,1513699283,chamow,CONTESTANT,PRETESTS,0,0,1843200
902,A,33420562,C++14 (GCC 6-32),WRONG_ANSWER,1640,1513699340,chamow,CONTESTANT,TESTS,41,15,1945600
902,B,33426554,C++14 (GCC 6-32),WRONG_ANSWER,3343,1513701043,chamow,CONTESTANT,PRETESTS,2,15,1843200
902,B,33429895,C++14 (GCC 6-32),OK,4647,1513702347,chamow,CONTESTANT,TESTS,50,31,2662400
902,C,33434292,C++14 (GCC 6-32),WRONG_ANSWER,6712,1513704412,chamow,CONTESTANT,PRETESTS,1,15,1843200
902,C,33435107,C++14 (GCC 6-32),WRONG_ANSWER,7035,1513704735,chamow,CONTESTANT,PRETESTS,1,0,1945600
902,C,33435268,GNU C++11,WRONG_ANSWER,7094,1513704794,chamow,CONTESTANT,PRETESTS,1,15,2048000
902,C,33435352,GNU C++,COMPILATION_ERROR,7120,1513704820,chamow,CONTESTANT,PRETESTS,0,0,0
902,C,33435390,GNU C++17 Diagnostics,RUNTIME_ERROR,7132,1513704832,chamow,CONTESTANT,PRETESTS,1,841,101273600
902,B,33423270,C++14 (GCC 6-32),RUNTIME_ERROR,2345,1513700045,chaudharyadityachd,CONTESTANT,PRETESTS,5,31,2457600
902,B,33423444,C++14 (GCC 6-32),OK,2389,1513700089,chaudharyadityachd,CONTESTANT,TESTS,50,31,4300800
902,A,33423938,C++14 (GCC 6-32),OK,2530,1513700230,chaudharyadityachd,CONTESTANT,TESTS,55,15,1945600
902,A,33423683,Java 8,RUNTIME_ERROR,2457,1513700157,chaukhuong0412,CONTESTANT,PRETESTS,0,109,20684800
902,A,33425200,Java 8,RUNTIME_ERROR,2893,1513700593,chaukhuong0412,CONTESTANT,PRETESTS,0,77,20684800
902,A,33427952,Java 8,RUNTIME_ERROR,3857,1513701557,chaukhuong0412,CONTESTANT,PRETESTS,0,93,20684800
902,A,33428410,Java 8,RUNTIME_ERROR,4039,1513701739,chaukhuong0412,CONTESTANT,PRETESTS,0,109,20684800
902,A,33430760,Java 8,RUNTIME_ERROR,5020,1513702720,chaukhuong0412,CONTESTANT,PRETESTS,0,108,20582400
902,A,33431631,Java 8,RUNTIME_ERROR,5428,1513703128,chaukhuong0412,CONTESTANT,PRETESTS,0,108,20684800
902,A,33414057,C++14 (GCC 6-32),WRONG_ANSWER,498,1513698198,chawla_harsh,CONTESTANT,PRETESTS,3,15,1945600
902,A,33415510,C++14 (GCC 6-32),WRONG_ANSWER,723,1513698423,chawla_harsh,CONTESTANT,PRETESTS,3,15,1843200
902,A,33422305,C++14 (GCC 6-32),OK,2066,1513699766,chawla_harsh,CONTESTANT,TESTS,55,15,1945600
902,B,33424942,C++14 (GCC 6-32),OK,2812,1513700512,chawla_harsh,CONTESTANT,TESTS,50,15,3993600
902,C,33432441,C++14 (GCC 6-32),OK,5840,1513703540,chawla_harsh,CONTESTANT,TESTS,45,93,5222400
902,A,33414073,GNU C++11,WRONG_ANSWER,501,1513698201,chb19,CONTESTANT,PRETESTS,2,15,2048000
902,A,33415726,GNU C++11,WRONG_ANSWER,752,1513698452,chb19,CONTESTANT,PRETESTS,0,15,2048000
902,A,33416032,GNU C++11,WRONG_ANSWER,796,1513698496,chb19,CONTESTANT,PRETESTS,2,15,2048000
902,B,33418675,GNU C++11,OK,1236,1513698936,chb19,CONTESTANT,TESTS,50,46,2560000
902,A,33423058,GNU C++11,WRONG_ANSWER,2278,1513699978,chb19,CONTESTANT,PRETESTS,0,0,2048000
902,A,33423224,GNU C++11,WRONG_ANSWER,2330,1513700030,chb19,CONTESTANT,PRETESTS,4,15,2048000
902,A,33424148,GNU C++11,WRONG_ANSWER,2583,1513700283,chb19,CONTESTANT,PRETESTS,4,15,2048000
902,A,33424289,GNU C++11,WRONG_ANSWER,2621,1513700321,chb19,CONTESTANT,PRETESTS,4,15,2048000
902,A,33425055,GNU C++11,WRONG_ANSWER,2848,1513700548,chb19,CONTESTANT,PRETESTS,4,15,2048000
902,C,33427841,GNU C++11,WRONG_ANSWER,3816,1513701516,chb19,CONTESTANT,PRETESTS,3,15,2867200
902,A,33429372,GNU C++11,COMPILATION_ERROR,4429,1513702129,chb19,CONTESTANT,PRETESTS,0,0,0
902,A,33429432,GNU C++11,TIME_LIMIT_EXCEEDED,4457,1513702157,chb19,CONTESTANT,PRETESTS,0,1000,2048000
902,A,33429566,GNU C++11,OK,4514,1513702214,chb19,CONTESTANT,TESTS,55,31,2048000
902,C,33430476,GNU C++11,WRONG_ANSWER,4892,1513702592,chb19,CONTESTANT,PRETESTS,3,15,2867200
902,C,33433461,GNU C++11,WRONG_ANSWER,6317,1513704017,chb19,CONTESTANT,PRETESTS,3,0,2867200
902,A,33416468,MS C++,WRONG_ANSWER,852,1513698562,chenmingrui,CONTESTANT,PRETESTS,3,30,2048000
902,A,33420407,MS C++,WRONG_ANSWER,1592,1513699302,chenmingrui,CONTESTANT,PRETESTS,4,15,2048000
902,A,33426666,MS C++,CHALLENGED,3375,1513701085,chenmingrui,CONTESTANT,CHALLENGES,8,15,2048000
902,A,33431034,MS C++,OK,5123,1513702834,chenmingrui,CONTESTANT,TESTS,55,31,2048000
902,A,33415235,GNU C,COMPILATION_ERROR,682,1513698382,chenss,CONTESTANT,PRETESTS,0,0,0
902,A,33415670,GNU C,COMPILATION_ERROR,743,1513698443,chenss,CONTESTANT,PRETESTS,0,0,0
902,A,33415818,GNU C++11,OK,766,1513698466,chenss,CONTESTANT,TESTS,55,15,2048000
902,B,33422354,GNU C++11,OK,2082,1513699782,chenss,CONTESTANT,TESTS,50,15,2560000
902,C,33428576,GNU C++11,WRONG_ANSWER,4105,1513701805,chenss,CONTESTANT,PRETESTS,5,15,2662400
902,C,33429337,GNU C++11,OK,4412,1513702112,chenss,CONTESTANT,TESTS,45,109,2662400
902,A,33415483,Python 3,OK,719,1513698419,chessmaster44,CONTESTANT,TESTS,55,62,5632000
902,B,33428445,C++14 (GCC 6-32),OK,4050,1513701750,chessmaster44,CONTESTANT,TESTS,50,31,2560000
902,A,33418225,C++14 (GCC 6-32),OK,1144,1513698854,chhote_log,CONTESTANT,TESTS,55,15,5939200
902,D,33429611,C++14 (GCC 6-32),WRONG_ANSWER,4528,1513702238,chhote_log,CONTESTANT,PRETESTS,1,0,5939200
902,D,33430257,C++14 (GCC 6-32),WRONG_ANSWER,4791,1513702501,chhote_log,CONTESTANT,PRETESTS,2,15,5939200
902,A,33414463,C++14 (GCC 6-32),OK,560,1513698260,chinacwj,CONTESTANT,TESTS,55,15,2048000
902,B,33417839,C++14 (GCC 6-32),OK,1091,1513698791,chinacwj,CONTESTANT,TESTS,50,15,5017600
902,C,33424347,C++14 (GCC 6-32),OK,2637,1513700337,chinacwj,CONTESTANT,TESTS,45,109,7270400
902,D,33421100,C++14 (GCC 6-32),OK,1758,1513699468,chinmay0906,CONTESTANT,TESTS,150,15,1945600
902,A,33424151,C++14 (GCC 6-32),OK,2574,1513700285,chinmay0906,CONTESTANT,TESTS,55,15,1945600
902,B,33426100,C++14 (GCC 6-32),OK,3178,1513700889,chinmay0906,CONTESTANT,TESTS,50,31,2560000
902,C,33430415,C++14 (GCC 6-32),OK,4856,1513702566,chinmay0906,CONTESTANT,TESTS,45,93,4608000
902,A,33429227,C++14 (GCC 6-32),WRONG_ANSWER,4366,1513702066,chinmay_ingle,CONTESTANT,PRETESTS,4,0,1843200
902,A,33431192,C++14 (GCC 6-32),WRONG_ANSWER,5212,1513702912,chinmay_ingle,CONTESTANT,PRETESTS,4,15,1843200
902,A,33431648,C++14 (GCC 6-32),WRONG_ANSWER,5436,1513703136,chinmay_ingle,CONTESTANT,PRETESTS,4,0,1843200
902,A,33433966,C++14 (GCC 6-32),WRONG_ANSWER,6559,1513704259,chinmay_ingle,CONTESTANT,PRETESTS,4,15,1843200
902,A,33425846,GNU C++17 Diagnostics,WRONG_ANSWER,3093,1513700803,chinthasaisowmith,CONTESTANT,PRETESTS,2,779,98406400
902,A,33417065,GNU C++11,WRONG_ANSWER,956,1513698656,chits007,CONTESTANT,PRETESTS,3,15,2048000
902,A,33418717,GNU C++11,WRONG_ANSWER,1245,1513698945,chits007,CONTESTANT,PRETESTS,3,15,2048000
902,A,33413619,C++14 (GCC 6-32),OK,424,1513698124,chrisboo,CONTESTANT,TESTS,55,15,1945600
902,B,33416859,C++14 (GCC 6-32),OK,923,1513698623,chrisboo,CONTESTANT,TESTS,50,46,2457600
902,C,33423153,C++14 (GCC 6-32),OK,2309,1513700009,chrisboo,CONTESTANT,TESTS,45,93,2252800
902,A,33416294,Python 3,WRONG_ANSWER,836,1513698536,chshbh,CONTESTANT,PRETESTS,2,62,5529600
902,A,33423148,Python 3,OK,2307,1513700007,chshbh,CONTESTANT,TESTS,55,62,5529600
902,B,33430315,C++14 (GCC 6-32),COMPILATION_ERROR,4828,1513702528,chshbh,CONTESTANT,PRETESTS,0,0,0
902,B,33430647,C++14 (GCC 6-32),OK,4971,1513702671,chshbh,CONTESTANT,TESTS,50,31,2764800
902,C,33435137,C++14 (GCC 6-32),WRONG_ANSWER,7046,1513704746,chshbh,CONTESTANT,PRETESTS,1,15,1843200
902,A,33426523,GNU C,COMPILATION_ERROR,3322,1513701032,chvrchandrika,CONTESTANT,PRETESTS,0,0,0
902,A,33414663,GNU C++,OK,591,1513698291,chychy,CONTESTANT,TESTS,55,15,2048000
902,B,33417760,GNU C++,OK,1077,1513698777,chychy,CONTESTANT,TESTS,50,30,5324800
902,C,33424190,GNU C++,OK,2594,1513700294,chychy,CONTESTANT,TESTS,45,156,2867200
902,A,33413504,GNU C++11,WRONG_ANSWER,405,1513698105,cicicii,CONTESTANT,PRETESTS,0,0,2048000
902,A,33415767,GNU C++11,OK,760,1513698460,cicicii,CONTESTANT,TESTS,55,30,2048000
902,B,33420026,GNU C++11,OK,1518,1513699218,cicicii,CONTESTANT,TESTS,50,31,2457600
902,C,33424164,GNU C++11,OK,2588,1513700288,cicicii,CONTESTANT,TESTS,45,248,2457600
902,D,33431115,GNU C++11,WRONG_ANSWER,5171,1513702871,cicicii,CONTESTANT,PRETESTS,2,15,2355200
902,D,33434857,GNU C++11,WRONG_ANSWER,6954,1513704654,cicicii,CONTESTANT,PRETESTS,0,0,2355200
902,A,33413710,C++14 (GCC 6-32),WRONG_ANSWER,440,1513698140,ciphereck,CONTESTANT,PRETESTS,4,15,9932800
902,A,33414164,C++14 (GCC 6-32),WRONG_ANSWER,514,1513698214,ciphereck,CONTESTANT,PRETESTS,4,15,9932800
902,A,33416194,C++14 (GCC 6-32),WRONG_ANSWER,821,1513698521,ciphereck,CONTESTANT,PRETESTS,4,15,9932800
902,A,33418475,C++14 (GCC 6-32),WRONG_ANSWER,1199,1513698899,ciphereck,CONTESTANT,PRETESTS,4,0,9932800
902,A,33419426,C++14 (GCC 6-32),OK,1393,1513699093,ciphereck,CONTESTANT,TESTS,55,15,9932800
902,B,33427944,C++14 (GCC 6-32),OK,3855,1513701555,ciphereck,CONTESTANT,TESTS,50,421,10956800
902,C,33431219,C++14 (GCC 6-32),WRONG_ANSWER,5226,1513702926,ciphereck,CONTESTANT,PRETESTS,1,15,10752000
902,C,33432730,C++14 (GCC 6-32),WRONG_ANSWER,5977,1513703677,ciphereck,CONTESTANT,PRETESTS,5,15,10752000
902,C,33433561,C++14 (GCC 6-32),OK,6361,1513704061,ciphereck,CONTESTANT,TESTS,45,109,10752000
902,A,33418944,GNU C++,WRONG_ANSWER,1284,1513698995,cjrj,CONTESTANT,PRETESTS,2,0,1843200
902,A,33420058,GNU C++,WRONG_ANSWER,1515,1513699225,cjrj,CONTESTANT,PRETESTS,2,15,1843200
902,A,33424034,GNU C++,WRONG_ANSWER,2544,1513700254,cjrj,CONTESTANT,PRETESTS,2,15,1843200
902,A,33427941,GNU C++,WRONG_ANSWER,3855,1513701555,cjrj,CONTESTANT,PRETESTS,4,15,1843200
902,A,33428227,GNU C++,WRONG_ANSWER,3965,1513701665,cjrj,CONTESTANT,PRETESTS,1,15,1843200
902,A,33413199,GNU C++11,OK,349,1513698049,clacck,CONTESTANT,TESTS,55,15,1843200
902,B,33417469,GNU C++11,OK,1027,1513698727,clacck,CONTESTANT,TESTS,50,15,2560000
902,C,33425004,GNU C++11,OK,2831,1513700531,clacck,CONTESTANT,TESTS,45,109,8908800
902,D,33432227,GNU C++11,WRONG_ANSWER,5724,1513703424,clacck,CONTESTANT,PRETESTS,0,0,1843200
902,D,33432701,GNU C++11,WRONG_ANSWER,5963,1513703663,clacck,CONTESTANT,PRETESTS,0,0,1843200
902,D,33433556,GNU C++11,WRONG_ANSWER,6360,1513704060,clacck,CONTESTANT,PRETESTS,4,15,1843200
902,D,33434879,GNU C++11,WRONG_ANSWER,6961,1513704661,clacck,CONTESTANT,PRETESTS,4,15,1843200
902,D,33435101,GNU C++11,WRONG_ANSWER,7034,1513704734,clacck,CONTESTANT,PRETESTS,4,15,1843200
902,A,33414395,C++14 (GCC 6-32),WRONG_ANSWER,551,1513698251,classic_dante,CONTESTANT,PRETESTS,0,0,1843200
902,A,33415570,C++14 (GCC 6-32),WRONG_ANSWER,730,1513698430,classic_dante,CONTESTANT,PRETESTS,1,15,1945600
902,A,33425105,C++14 (GCC 6-32),WRONG_ANSWER,2863,1513700563,classic_dante,CONTESTANT,PRETESTS,2,15,1945600
902,A,33416399,GNU C++,CHALLENGED,850,1513698550,cleopatra,CONTESTANT,CHALLENGES,8,15,2048000
902,B,33421939,GNU C++,OK,1976,1513699676,cleopatra,CONTESTANT,TESTS,50,46,7065600
902,A,33424627,GNU C++,WRONG_ANSWER,2723,1513700423,cleopatra,CONTESTANT,CHALLENGES,0,15,2048000
902,A,33425648,GNU C++,WRONG_ANSWER,3037,1513700737,cleopatra,CONTESTANT,CHALLENGES,0,15,2048000
902,A,33426135,GNU C++,WRONG_ANSWER,3200,1513700900,cleopatra,CONTESTANT,CHALLENGES,0,15,2048000
902,A,33427071,GNU C++,MEMORY_LIMIT_EXCEEDED,3534,1513701234,cleopatra,CONTESTANT,PRETESTS,0,124,268390400
902,A,33427223,GNU C++,WRONG_ANSWER,3593,1513701293,cleopatra,CONTESTANT,CHALLENGES,0,15,2048000
902,A,33429444,GNU C++,OK,4460,1513702160,cleopatra,CONTESTANT,TESTS,55,15,2048000
902,C,33433134,GNU C++,WRONG_ANSWER,6174,1513703874,cleopatra,CONTESTANT,PRETESTS,1,15,4505600
902,C,33434250,GNU C++,WRONG_ANSWER,6692,1513704392,cleopatra,CONTESTANT,PRETESTS,3,15,4505600
902,C,33434398,GNU C++,WRONG_ANSWER,6756,1513704456,cleopatra,CONTESTANT,PRETESTS,3,15,4505600
902,C,33434751,GNU C++,WRONG_ANSWER,6910,1513704610,cleopatra,CONTESTANT,PRETESTS,3,15,4505600
902,C,33435048,GNU C++,WRONG_ANSWER,7019,1513704719,cleopatra,CONTESTANT,PRETESTS,0,0,4505600
902,A,33413940,C++14 (GCC 6-32),OK,468,1513698178,clueless2401,CONTESTANT,TESTS,55,15,1945600
902,B,33421714,C++14 (GCC 6-32),OK,1908,1513699619,clueless2401,CONTESTANT,TESTS,50,15,2560000
902,C,33434387,C++14 (GCC 6-32),WRONG_ANSWER,6741,1513704452,clueless2401,CONTESTANT,PRETESTS,4,15,5632000
902,A,33415176,C++14 (GCC 6-32),WRONG_ANSWER,661,1513698372,cm05,CONTESTANT,PRETESTS,1,15,1843200
902,A,33417919,C++14 (GCC 6-32),WRONG_ANSWER,1093,1513698804,cm05,CONTESTANT,PRETESTS,5,15,1843200
902,A,33419068,C++14 (GCC 6-32),WRONG_ANSWER,1314,1513699025,cm05,CONTESTANT,PRETESTS,2,0,1843200
902,A,33420529,C++14 (GCC 6-32),WRONG_ANSWER,1622,1513699333,cm05,CONTESTANT,PRETESTS,2,15,1843200
902,A,33424221,C++14 (GCC 6-32),WRONG_ANSWER,2589,1513700300,cm05,CONTESTANT,PRETESTS,4,15,1843200
902,B,33425480,C++14 (GCC 6-32),OK,2974,1513700684,cm05,CONTESTANT,TESTS,50,218,2457600
902,A,33426260,C++14 (GCC 6-32),CHALLENGED,3231,1513700941,cm05,CONTESTANT,CHALLENGES,8,15,1945600
902,C,33428713,C++14 (GCC 6-32),WRONG_ANSWER,4154,1513701865,cm05,CONTESTANT,PRETESTS,1,15,2662400
902,C,33435612,C++14 (GCC 6-32),WRONG_ANSWER,7175,1513704886,cm05,CONTESTANT,PRETESTS,4,0,1843200
902,A,33432352,GNU C++11,WRONG_ANSWER,5788,1513703488,cmehedi,CONTESTANT,PRETESTS,0,15,2048000
902,A,33432711,GNU C++11,WRONG_ANSWER,5968,1513703668,cmehedi,CONTESTANT,PRETESTS,2,15,2048000
902,A,33433412,GNU C++11,WRONG_ANSWER,6300,1513704000,cmehedi,CONTESTANT,PRETESTS,2,0,2048000
902,A,33435236,GNU C++11,WRONG_ANSWER,7083,1513704783,cmehedi,CONTESTANT,PRETESTS,0,0,2048000
902,A,33435439,GNU C++11,WRONG_ANSWER,7149,1513704849,cmehedi,CONTESTANT,PRETESTS,0,15,2048000
902,A,33418436,GNU C++11,OK,1192,1513698892,cmws,CONTESTANT,TESTS,55,15,2048000
902,B,33428054,C++14 (GCC 6-32),OK,3882,1513701593,cmws,CONTESTANT,TESTS,50,202,2457600
902,A,33417534,C++14 (GCC 6-32),WRONG_ANSWER,1039,1513698739,codash,CONTESTANT,PRETESTS,3,15,1843200
902,A,33421132,C++14 (GCC 6-32),OK,1777,1513699477,codash,CONTESTANT,TESTS,55,15,1945600
902,B,33424927,C++14 (GCC 6-32),WRONG_ANSWER,2807,1513700507,codash,CONTESTANT,PRETESTS,2,0,1945600
902,B,33426690,C++14 (GCC 6-32),WRONG_ANSWER,3398,1513701098,codash,CONTESTANT,PRETESTS,2,15,1945600
902,B,33431396,C++14 (GCC 6-32),OK,5309,1513703009,codash,CONTESTANT,TESTS,50,31,2457600
902,A,33414914,C++14 (GCC 6-32),WRONG_ANSWER,632,1513698332,code2222,CONTESTANT,PRETESTS,1,0,1843200
902,A,33415625,C++14 (GCC 6-32),OK,736,1513698436,code2222,CONTESTANT,TESTS,55,15,2048000
902,B,33423659,C++14 (GCC 6-32),OK,2448,1513700148,code2222,CONTESTANT,TESTS,50,249,2560000
902,C,33419205,C++14 (GCC 6-32),WRONG_ANSWER,1350,1513699050,codeRaider,CONTESTANT,PRETESTS,1,15,33996800
902,A,33421264,C++14 (GCC 6-32),OK,1799,1513699510,codeRaider,CONTESTANT,TESTS,55,15,33996800
902,B,33423469,C++14 (GCC 6-32),WRONG_ANSWER,2386,1513700097,codeRaider,CONTESTANT,PRETESTS,2,15,45977600
902,B,33423605,C++14 (GCC 6-32),OK,2422,1513700132,codeRaider,CONTESTANT,TESTS,50,15,46489600
902,C,33426442,C++14 (GCC 6-32),WRONG_ANSWER,3292,1513701002,codeRaider,CONTESTANT,PRETESTS,4,15,33996800
902,C,33427039,C++14 (GCC 6-32),OK,3509,1513701219,codeRaider,CONTESTANT,TESTS,45,108,33996800
902,D,33432515,C++14 (GCC 6-32),WRONG_ANSWER,5865,1513703576,codeRaider,CONTESTANT,PRETESTS,2,15,33996800
902,D,33434441,C++14 (GCC 6-32),WRONG_ANSWER,6763,1513704473,codeRaider,CONTESTANT,PRETESTS,2,0,33996800
902,D,33434941,C++14 (GCC 6-32),WRONG_ANSWER,6973,1513704683,codeRaider,CONTESTANT,PRETESTS,6,15,33996800
902,A,33418898,C++14 (GCC 6-32),COMPILATION_ERROR,1285,1513698985,code_beginner,CONTESTANT,PRETESTS,0,0,0
902,A,33419254,C++14 (GCC 6-32),CHALLENGED,1361,1513699061,code_beginner,CONTESTANT,CHALLENGES,8,15,1945600
902,A,33416424,GNU C++,WRONG_ANSWER,854,1513698554,code_fast17,CONTESTANT,PRETESTS,2,15,2048000
902,A,33421369,GNU C++,CHALLENGED,1834,1513699534,code_fast17,CONTESTANT,CHALLENGES,8,15,2048000
902,A,33415649,C++14 (GCC 6-32),WRONG_ANSWER,740,1513698440,code_master5,CONTESTANT,PRETESTS,2,15,1945600
902,A,33418835,C++14 (GCC 6-32),WRONG_ANSWER,1268,1513698968,code_master5,CONTESTANT,PRETESTS,2,0,1945600
902,A,33419676,C++14 (GCC 6-32),OK,1444,1513699144,code_master5,CONTESTANT,TESTS,55,15,1945600
902,B,33426329,C++14 (GCC 6-32),OK,3263,1513700963,code_master5,CONTESTANT,TESTS,50,31,2457600
902,C,33433252,C++14 (GCC 6-32),OK,6228,1513703928,code_master5,CONTESTANT,TESTS,45,93,3481600
902,A,33417453,GNU C++11,WRONG_ANSWER,1013,1513698724,code_witcher,CONTESTANT,PRETESTS,3,15,2048000
902,A,33417713,GNU C++11,OK,1058,1513698769,code_witcher,CONTESTANT,TESTS,55,15,2048000
902,B,33421175,GNU C++11,OK,1777,1513699487,code_witcher,CONTESTANT,TESTS,50,62,2457600
902,C,33426955,GNU C++11,OK,3479,1513701190,code_witcher,CONTESTANT,TESTS,45,109,2457600
902,A,33414826,GNU C,WRONG_ANSWER,617,1513698317,codebug007,CONTESTANT,PRETESTS,2,0,1843200
902,A,33415807,GNU C,WRONG_ANSWER,765,1513698465,codebug007,CONTESTANT,PRETESTS,0,0,1843200
902,A,33416295,GNU C,WRONG_ANSWER,836,1513698536,codebug007,CONTESTANT,PRETESTS,2,15,1843200
902,A,33418672,GNU C,WRONG_ANSWER,1236,1513698936,codebug007,CONTESTANT,PRETESTS,2,15,1843200
902,A,33420021,GNU C,WRONG_ANSWER,1517,1513699217,codebug007,CONTESTANT,PRETESTS,2,15,1843200
902,A,33421673,GNU C,WRONG_ANSWER,1908,1513699608,codebug007,CONTESTANT,PRETESTS,1,15,1843200
902,A,33423072,GNU C,WRONG_ANSWER,2281,1513699981,codebug007,CONTESTANT,PRETESTS,4,0,1843200
902,B,33425458,GNU C,WRONG_ANSWER,2979,1513700679,codebug007,CONTESTANT,PRETESTS,0,0,1843200
902,A,33425523,GNU C,WRONG_ANSWER,2998,1513700698,codebug007,CONTESTANT,PRETESTS,2,15,1843200
902,A,33428488,GNU C,WRONG_ANSWER,4070,1513701770,codebug007,CONTESTANT,PRETESTS,2,15,1843200
902,A,33429825,GNU C,WRONG_ANSWER,4625,1513702325,codebug007,CONTESTANT,PRETESTS,2,15,1843200
902,B,33432786,GNU C,OK,6006,1513703706,codebug007,CONTESTANT,TESTS,50,30,1945600
902,A,33434419,GNU C,WRONG_ANSWER,6762,1513704462,codebug007,CONTESTANT,PRETESTS,2,15,1843200
902,A,33435476,GNU C,WRONG_ANSWER,7159,1513704859,codebug007,CONTESTANT,PRETESTS,2,15,1843200
902,A,33431560,C++14 (GCC 6-32),WRONG_ANSWER,5389,1513703089,codeforrest,CONTESTANT,PRETESTS,2,15,1945600
902,A,33417096,GNU C++,OK,962,1513698662,codegeass1,CONTESTANT,TESTS,55,31,2048000
902,B,33424845,GNU C++,OK,2784,1513700484,codegeass1,CONTESTANT,TESTS,50,46,2560000
902,C,33431966,GNU C++,WRONG_ANSWER,5596,1513703296,codegeass1,CONTESTANT,PRETESTS,1,15,2048000
902,C,33434903,GNU C++,WRONG_ANSWER,6972,1513704672,codegeass1,CONTESTANT,PRETESTS,3,15,2048000
902,A,33417540,C++14 (GCC 6-32),WRONG_ANSWER,1039,1513698739,coder_1998,CONTESTANT,PRETESTS,2,15,1945600
902,A,33418987,C++14 (GCC 6-32),WRONG_ANSWER,1304,1513699004,coder_1998,CONTESTANT,PRETESTS,2,0,1843200
902,A,33423418,GNU C,OK,2383,1513700083,coderbd,CONTESTANT,TESTS,55,15,1843200
902,B,33429645,GNU C++,OK,4550,1513702250,coderbd,CONTESTANT,TESTS,50,31,2560000
902,A,33416352,C++14 (GCC 6-32),WRONG_ANSWER,843,1513698543,coderex5,CONTESTANT,TESTS,16,15,1945600
902,B,33423549,C++14 (GCC 6-32),OK,2419,1513700119,coderex5,CONTESTANT,TESTS,50,46,2764800
902,C,33432944,C++14 (GCC 6-32),WRONG_ANSWER,6074,1513703784,coderex5,CONTESTANT,PRETESTS,1,15,5120000
902,A,33416337,C++14 (GCC 6-32),WRONG_ANSWER,842,1513698542,coderharshit2510,CONTESTANT,PRETESTS,4,15,1945600
902,A,33417677,C++14 (GCC 6-32),WRONG_ANSWER,1063,1513698763,coderharshit2510,CONTESTANT,PRETESTS,4,0,1945600
902,A,33422826,C++14 (GCC 6-32),WRONG_ANSWER,2217,1513699917,coderharshit2510,CONTESTANT,PRETESTS,0,0,1843200
902,A,33423876,C++14 (GCC 6-32),WRONG_ANSWER,2510,1513700210,coderharshit2510,CONTESTANT,PRETESTS,1,15,1945600
902,A,33425707,C++14 (GCC 6-32),OK,3060,1513700760,coderharshit2510,CONTESTANT,TESTS,55,15,1945600
902,B,33430682,C++14 (GCC 6-32),WRONG_ANSWER,4987,1513702687,coderharshit2510,CONTESTANT,PRETESTS,9,15,2560000
902,B,33431548,C++14 (GCC 6-32),OK,5383,1513703083,coderharshit2510,CONTESTANT,TESTS,50,15,2560000
902,C,33434830,C++14 (GCC 6-32),OK,6943,1513704643,coderharshit2510,CONTESTANT,TESTS,45,93,6758400
902,A,33423983,GNU C++11,WRONG_ANSWER,2541,1513700241,codermehrajbd,CONTESTANT,PRETESTS,2,15,2048000
902,A,33425210,GNU C++11,WRONG_ANSWER,2897,1513700597,codermehrajbd,CONTESTANT,PRETESTS,2,15,2048000
902,A,33426392,GNU C++11,WRONG_ANSWER,3288,1513700988,codermehrajbd,CONTESTANT,PRETESTS,1,15,2048000
902,A,33430084,GNU C++11,WRONG_ANSWER,4737,1513702437,codermehrajbd,CONTESTANT,PRETESTS,1,15,2048000
902,A,33415686,C++14 (GCC 6-32),WRONG_ANSWER,746,1513698446,codex0196,CONTESTANT,PRETESTS,4,15,1945600
902,A,33417273,C++14 (GCC 6-32),WRONG_ANSWER,983,1513698694,codex0196,CONTESTANT,PRETESTS,2,0,1843200
902,A,33419065,C++14 (GCC 6-32),OK,1314,1513699025,codex0196,CONTESTANT,TESTS,55,15,1945600
902,B,33422558,C++14 (GCC 6-32),OK,2130,1513699841,codex0196,CONTESTANT,TESTS,50,218,2457600
902,C,33426365,C++14 (GCC 6-32),WRONG_ANSWER,3265,1513700975,codex0196,CONTESTANT,PRETESTS,1,15,9113600
902,C,33430848,C++14 (GCC 6-32),OK,5041,1513702752,codex0196,CONTESTANT,TESTS,45,92,2662400
902,A,33414266,C++14 (GCC 6-32),OK,529,1513698229,codgician,CONTESTANT,TESTS,55,15,1945600
902,B,33423551,C++14 (GCC 6-32),OK,2420,1513700120,codgician,CONTESTANT,TESTS,50,15,1945600
902,C,33428334,C++14 (GCC 6-32),WRONG_ANSWER,4004,1513701704,codgician,CONTESTANT,PRETESTS,6,15,2662400
902,C,33429717,C++14 (GCC 6-32),WRONG_ANSWER,4578,1513702278,codgician,CONTESTANT,PRETESTS,3,15,2662400
902,C,33429967,C++14 (GCC 6-32),WRONG_ANSWER,4682,1513702382,codgician,CONTESTANT,PRETESTS,5,15,2662400
902,C,33431452,C++14 (GCC 6-32),WRONG_ANSWER,5335,1513703035,codgician,CONTESTANT,PRETESTS,6,15,2662400
902,C,33431751,C++14 (GCC 6-32),WRONG_ANSWER,5489,1513703189,codgician,CONTESTANT,PRETESTS,6,15,2662400
902,C,33431873,C++14 (GCC 6-32),OK,5556,1513703256,codgician,CONTESTANT,TESTS,45,78,2662400
902,A,33424414,GNU C++,WRONG_ANSWER,2660,1513700360,codinghunter,CONTESTANT,PRETESTS,4,15,2048000
902,A,33429329,GNU C++,WRONG_ANSWER,4409,1513702109,codinghunter,CONTESTANT,PRETESTS,4,15,2048000
902,A,33413807,C++14 (GCC 6-32),WRONG_ANSWER,456,1513698156,coldEr66,CONTESTANT,PRETESTS,2,15,1843200
902,A,33416255,C++14 (GCC 6-32),WRONG_ANSWER,829,1513698529,coldEr66,CONTESTANT,PRETESTS,2,15,1945600
902,A,33422758,C++14 (GCC 6-32),WRONG_ANSWER,2198,1513699898,coldEr66,CONTESTANT,PRETESTS,1,0,1945600
902,A,33423093,C++14 (GCC 6-32),OK,2286,1513699986,coldEr66,CONTESTANT,TESTS,55,15,1945600
902,A,33415405,C++14 (GCC 6-32),WRONG_ANSWER,706,1513698406,colins,CONTESTANT,PRETESTS,2,15,1843200
902,A,33418321,C++14 (GCC 6-32),CHALLENGED,1171,1513698871,colins,CONTESTANT,CHALLENGES,8,0,1945600
902,B,33421481,C++14 (GCC 6-32),OK,1864,1513699564,colins,CONTESTANT,TESTS,50,15,2560000
902,C,33428304,C++14 (GCC 6-32),WRONG_ANSWER,3996,1513701696,colins,CONTESTANT,PRETESTS,1,15,1843200
902,C,33428727,C++14 (GCC 6-32),WRONG_ANSWER,4170,1513701870,colins,CONTESTANT,PRETESTS,4,0,1945600
902,A,33416094,GNU C++11,OK,795,1513698505,colonel_NL,CONTESTANT,TESTS,55,15,2048000
902,B,33428515,GNU C++11,TIME_LIMIT_EXCEEDED,4071,1513701781,colonel_NL,CONTESTANT,TESTS,11,1000,2150400
902,A,33413511,GNU C++11,OK,406,1513698106,coloredrabbit,CONTESTANT,TESTS,55,15,1843200
902,B,33422818,GNU C++11,OK,2214,1513699914,coloredrabbit,CONTESTANT,TESTS,50,15,2560000
902,C,33427674,GNU C++11,WRONG_ANSWER,3758,1513701458,coloredrabbit,CONTESTANT,PRETESTS,3,0,2048000
902,A,33416027,C++14 (GCC 6-32),WRONG_ANSWER,785,1513698496,comavp,CONTESTANT,PRETESTS,2,15,1843200
902,A,33418428,C++14 (GCC 6-32),WRONG_ANSWER,1179,1513698890,comavp,CONTESTANT,PRETESTS,2,0,1843200
902,A,33423424,C++14 (GCC 6-32),OK,2374,1513700084,comavp,CONTESTANT,TESTS,55,15,1945600
902,B,33427280,C++14 (GCC 6-32),OK,3615,1513701315,computerbox,CONTESTANT,TESTS,50,15,3174400
902,A,33427627,C++14 (GCC 6-32),OK,3740,1513701440,computerbox,CONTESTANT,TESTS,55,15,2150400
902,C,33431065,C++14 (GCC 6-32),OK,5149,1513702849,computerbox,CONTESTANT,TESTS,45,109,3481600
902,A,33419876,GNU C,WRONG_ANSWER,1485,1513699185,computermechanic,CONTESTANT,PRETESTS,4,15,1843200
902,A,33422210,GNU C,WRONG_ANSWER,2039,1513699739,computermechanic,CONTESTANT,PRETESTS,4,0,1843200
902,A,33413326,GNU C++11,OK,371,1513698071,comsyl,CONTESTANT,TESTS,55,31,2048000
902,B,33420664,GNU C++11,OK,1664,1513699364,comsyl,CONTESTANT,TESTS,50,46,2560000
902,C,33429494,GNU C++11,OK,4483,1513702183,comsyl,CONTESTANT,TESTS,45,312,4198400
902,A,33412934,C++14 (GCC 6-32),OK,293,1513697993,congthanh123,CONTESTANT,TESTS,55,15,2662400
902,B,33418029,C++14 (GCC 6-32),WRONG_ANSWER,1121,1513698821,congthanh123,CONTESTANT,PRETESTS,5,15,16793600
902,B,33419175,C++14 (GCC 6-32),OK,1345,1513699045,congthanh123,CONTESTANT,TESTS,50,31,12083200
902,C,33433029,C++14 (GCC 6-32),COMPILATION_ERROR,6123,1513703823,congthanh123,CONTESTANT,PRETESTS,0,0,0
902,C,33433065,FPC,OK,6142,1513703842,congthanh123,CONTESTANT,TESTS,45,701,2457600
902,A,33420038,C++14 (GCC 6-32),RUNTIME_ERROR,1521,1513699221,cool_head,CONTESTANT,PRETESTS,0,15,2048000
902,A,33420189,C++14 (GCC 6-32),OK,1555,1513699255,cool_head,CONTESTANT,TESTS,55,15,1945600
902,B,33430475,C++14 (GCC 6-32),OK,4891,1513702591,cool_head,CONTESTANT,TESTS,50,30,3072000
902,A,33423678,C++14 (GCC 6-32),WRONG_ANSWER,2456,1513700156,coolabhi_1729,CONTESTANT,PRETESTS,2,15,1843200
902,A,33431434,C++14 (GCC 6-32),WRONG_ANSWER,5324,1513703024,coolabhi_1729,CONTESTANT,PRETESTS,2,15,1945600
902,A,33432312,C++14 (GCC 6-32),WRONG_ANSWER,5770,1513703470,coolabhi_1729,CONTESTANT,PRETESTS,2,15,1843200
902,A,33425584,C++14 (GCC 6-32),OK,3019,1513700719,cooli0_1,CONTESTANT,TESTS,55,15,1945600
902,A,33414398,C++14 (GCC 6-32),OK,551,1513698251,cooltusshar,CONTESTANT,TESTS,55,15,1945600
902,B,33429564,C++14 (GCC 6-32),OK,4514,1513702214,cooltusshar,CONTESTANT,TESTS,50,31,2457600
902,A,33414999,GNU C++11,WRONG_ANSWER,635,1513698346,costom,CONTESTANT,PRETESTS,3,15,2048000
902,A,33418929,GNU C++11,WRONG_ANSWER,1280,1513698991,costom,CONTESTANT,TESTS,11,15,2048000
902,B,33422569,GNU C++11,OK,2133,1513699844,costom,CONTESTANT,TESTS,50,218,2457600
902,C,33430383,GNU C++11,WRONG_ANSWER,4841,1513702552,costom,CONTESTANT,PRETESTS,4,15,2048000
902,C,33433147,GNU C++11,WRONG_ANSWER,6170,1513703881,costom,CONTESTANT,PRETESTS,1,0,2048000
902,C,33433720,GNU C++11,OK,6422,1513704132,costom,CONTESTANT,TESTS,45,327,4096000
902,A,33415108,C++14 (GCC 6-32),WRONG_ANSWER,662,1513698362,cpaudyal,CONTESTANT,PRETESTS,3,15,1945600
902,A,33416036,C++14 (GCC 6-32),OK,797,1513698497,cpaudyal,CONTESTANT,TESTS,55,15,1945600
902,B,33423891,C++14 (GCC 6-32),OK,2516,1513700216,cpaudyal,CONTESTANT,TESTS,50,234,2457600
902,C,33431166,C++14 (GCC 6-32),WRONG_ANSWER,5200,1513702900,cpaudyal,CONTESTANT,PRETESTS,4,15,1843200
902,C,33432019,C++14 (GCC 6-32),WRONG_ANSWER,5624,1513703324,cpaudyal,CONTESTANT,PRETESTS,4,15,1843200
902,C,33432940,C++14 (GCC 6-32),WRONG_ANSWER,6083,1513703783,cpaudyal,CONTESTANT,PRETESTS,8,15,1945600
902,C,33434262,C++14 (GCC 6-32),OK,6700,1513704400,cpaudyal,CONTESTANT,TESTS,45,156,4812800
902,A,33420636,GNU C++,WRONG_ANSWER,1657,1513699357,cptprice,CONTESTANT,PRETESTS,2,15,2048000
902,A,33422335,GNU C++,WRONG_ANSWER,2075,1513699775,cptprice,CONTESTANT,PRETESTS,2,15,2048000
902,A,33426425,GNU C++,WRONG_ANSWER,3297,1513700997,cptprice,CONTESTANT,PRETESTS,2,0,2048000
902,A,33417156,C++14 (GCC 6-32),WRONG_ANSWER,973,1513698673,cre_ator,CONTESTANT,PRETESTS,2,15,1945600
902,A,33415748,GNU C++,WRONG_ANSWER,756,1513698456,creane,CONTESTANT,PRETESTS,2,0,2048000
902,A,33418746,GNU C++,WRONG_ANSWER,1252,1513698952,creane,CONTESTANT,PRETESTS,2,0,2048000
902,A,33420844,GNU C++,WRONG_ANSWER,1708,1513699408,creane,CONTESTANT,PRETESTS,4,15,2048000
902,A,33423096,GNU C++,CHALLENGED,2288,1513699988,creane,CONTESTANT,CHALLENGES,8,15,2048000
902,A,33414898,C++14 (GCC 6-32),OK,630,1513698330,creed13605,CONTESTANT,TESTS,55,15,2048000
902,B,33421371,C++14 (GCC 6-32),OK,1835,1513699535,creed13605,CONTESTANT,TESTS,50,187,2457600
902,A,33417037,Java 8,RUNTIME_ERROR,950,1513698650,cridaflo,CONTESTANT,PRETESTS,0,109,20684800
902,A,33417876,Java 8,RUNTIME_ERROR,1097,1513698797,cridaflo,CONTESTANT,PRETESTS,0,124,20684800
902,A,33418437,Java 8,WRONG_ANSWER,1192,1513698892,cridaflo,CONTESTANT,PRETESTS,2,109,20684800
902,A,33415282,C++14 (GCC 6-32),WRONG_ANSWER,689,1513698389,csediwanshu,CONTESTANT,PRETESTS,4,15,9932800
902,A,33418074,C++14 (GCC 6-32),WRONG_ANSWER,1128,1513698828,csediwanshu,CONTESTANT,PRETESTS,4,15,9932800
902,A,33420060,C++14 (GCC 6-32),WRONG_ANSWER,1526,1513699226,csediwanshu,CONTESTANT,PRETESTS,5,15,2662400
902,A,33421723,C++14 (GCC 6-32),OK,1921,1513699621,csediwanshu,CONTESTANT,TESTS,55,15,2867200
902,B,33424947,C++14 (GCC 6-32),OK,2814,1513700514,csediwanshu,CONTESTANT,TESTS,50,31,5222400
902,C,33427048,C++14 (GCC 6-32),OK,3524,1513701224,csediwanshu,CONTESTANT,TESTS,45,156,2662400
902,A,33419376,GNU C++11,OK,1367,1513699078,cseruhulamin123,CONTESTANT,TESTS,55,15,2048000
902,A,33427487,GNU C++,WRONG_ANSWER,3678,1513701388,csesabbir,CONTESTANT,PRETESTS,0,0,2048000
902,A,33414469,GNU C++11,COMPILATION_ERROR,550,1513698261,csesayanju,CONTESTANT,PRETESTS,0,0,0
902,A,33419157,GNU C++11,WRONG_ANSWER,1332,1513699042,csesayanju,CONTESTANT,PRETESTS,1,0,2048000
902,A,33419954,GNU C++11,WRONG_ANSWER,1492,1513699202,csesayanju,CONTESTANT,PRETESTS,2,15,2048000
902,A,33422337,GNU C++11,WRONG_ANSWER,2066,1513699776,csesayanju,CONTESTANT,PRETESTS,2,15,2048000
902,A,33424063,GNU C++11,WRONG_ANSWER,2550,1513700261,csesayanju,CONTESTANT,PRETESTS,0,15,2048000
902,A,33425026,GNU C++11,CHALLENGED,2828,1513700538,csesayanju,CONTESTANT,CHALLENGES,8,15,2048000
902,A,33412757,C++14 (GCC 6-32),WRONG_ANSWER,232,1513697932,cuom1999,CONTESTANT,PRETESTS,2,0,1843200
902,A,33420200,C++14 (GCC 6-32),WRONG_ANSWER,1558,1513699258,cuom1999,CONTESTANT,PRETESTS,4,15,2048000
902,B,33423111,C++14 (GCC 6-32),OK,2295,1513699995,cuom1999,CONTESTANT,TESTS,50,30,2560000
902,A,33425146,C++14 (GCC 6-32),OK,2874,1513700574,cuom1999,CONTESTANT,TESTS,55,15,1945600
902,C,33430747,C++14 (GCC 6-32),WRONG_ANSWER,5013,1513702713,cuom1999,CONTESTANT,PRETESTS,1,15,3481600
902,C,33430944,C++14 (GCC 6-32),RUNTIME_ERROR,5088,1513702788,cuom1999,CONTESTANT,TESTS,13,77,3481600
902,D,33435153,C++14 (GCC 6-32),WRONG_ANSWER,7055,1513704755,cuom1999,CONTESTANT,PRETESTS,1,0,1945600
902,A,33412665,C++14 (GCC 6-32),OK,172,1513697872,curlink,CONTESTANT,TESTS,55,15,1945600
902,B,33417652,C++14 (GCC 6-32),OK,1060,1513698760,curlink,CONTESTANT,TESTS,50,15,2662400
902,C,33425186,C++14 (GCC 6-32),OK,2887,1513700587,curlink,CONTESTANT,TESTS,45,92,4300800
902,A,33420979,C++14 (GCC 6-32),WRONG_ANSWER,1729,1513699440,cute_hater,CONTESTANT,PRETESTS,2,15,1843200
902,A,33422034,C++14 (GCC 6-32),OK,1990,1513699701,cute_hater,CONTESTANT,TESTS,55,15,1945600
902,B,33427113,C++14 (GCC 6-32),OK,3536,1513701247,cute_hater,CONTESTANT,TESTS,50,15,1945600
902,C,33433880,C++14 (GCC 6-32),OK,6502,1513704212,cute_hater,CONTESTANT,TESTS,45,93,2252800
902,A,33421633,Java 8,WRONG_ANSWER,1899,1513699599,cvrf99,CONTESTANT,PRETESTS,2,124,20992000
902,A,33423816,Java 8,WRONG_ANSWER,2494,1513700194,cvrf99,CONTESTANT,PRETESTS,1,124,20992000
902,A,33429937,Java 8,OK,4667,1513702367,cvrf99,CONTESTANT,TESTS,55,156,20992000
902,A,33413824,C++14 (GCC 6-32),OK,448,1513698158,cwhao,CONTESTANT,TESTS,55,15,2252800
902,B,33421212,C++14 (GCC 6-32),OK,1786,1513699496,cwhao,CONTESTANT,TESTS,50,31,4403200
902,C,33430097,C++14 (GCC 6-32),WRONG_ANSWER,4734,1513702444,cwhao,CONTESTANT,PRETESTS,7,15,2252800
902,C,33430318,C++14 (GCC 6-32),WRONG_ANSWER,4818,1513702528,cwhao,CONTESTANT,PRETESTS,3,15,2252800
902,C,33432723,C++14 (GCC 6-32),WRONG_ANSWER,5964,1513703675,cwhao,CONTESTANT,PRETESTS,7,15,2252800
902,C,33434826,C++14 (GCC 6-32),WRONG_ANSWER,6932,1513704643,cwhao,CONTESTANT,PRETESTS,3,15,2252800
902,C,33435105,C++14 (GCC 6-32),WRONG_ANSWER,7024,1513704735,cwhao,CONTESTANT,PRETESTS,3,15,2252800
902,A,33415195,PascalABC.NET,WRONG_ANSWER,676,1513698376,cxrost,CONTESTANT,PRETESTS,2,46,16998400
902,A,33415797,PascalABC.NET,OK,764,1513698464,cxrost,CONTESTANT,TESTS,55,46,16998400
902,B,33423786,PascalABC.NET,OK,2489,1513700189,cxrost,CONTESTANT,TESTS,50,61,19763200
902,C,33428604,PascalABC.NET,RUNTIME_ERROR,4116,1513701816,cxrost,CONTESTANT,PRETESTS,2,31,16896000
902,C,33428669,PascalABC.NET,OK,4147,1513701847,cxrost,CONTESTANT,TESTS,45,1606,20377600
902,D,33434194,PascalABC.NET,WRONG_ANSWER,6671,1513704371,cxrost,CONTESTANT,PRETESTS,0,31,16896000
902,A,33414695,GNU C++,OK,595,1513698295,cxw,CONTESTANT,TESTS,55,15,2048000
902,D,33430891,GNU C++,OK,5068,1513702768,cxw,CONTESTANT,TESTS,150,15,2048000
902,A,33412731,GNU C++,WRONG_ANSWER,219,1513697919,cy1999,CONTESTANT,PRETESTS,2,0,2048000
902,A,33412933,GNU C++,WRONG_ANSWER,293,1513697993,cy1999,CONTESTANT,PRETESTS,4,15,2048000
902,A,33414306,GNU C++,OK,534,1513698234,cy1999,CONTESTANT,TESTS,55,30,2048000
902,B,33420039,GNU C++,OK,1521,1513699221,cy1999,CONTESTANT,TESTS,50,15,2355200
902,C,33425620,GNU C++,WRONG_ANSWER,3028,1513700728,cy1999,CONTESTANT,PRETESTS,3,15,4096000
902,C,33426285,GNU C++,WRONG_ANSWER,3248,1513700948,cy1999,CONTESTANT,PRETESTS,3,15,4096000
902,C,33431202,GNU C++,WRONG_ANSWER,5215,1513702915,cy1999,CONTESTANT,PRETESTS,5,15,4096000
902,C,33431441,GNU C++,WRONG_ANSWER,5327,1513703027,cy1999,CONTESTANT,PRETESTS,5,15,4096000
902,C,33432115,GNU C++,WRONG_ANSWER,5673,1513703373,cy1999,CONTESTANT,PRETESTS,5,15,4096000
902,C,33432696,GNU C++,WRONG_ANSWER,5961,1513703661,cy1999,CONTESTANT,PRETESTS,5,15,4096000
902,C,33434866,GNU C++,WRONG_ANSWER,6957,1513704657,cy1999,CONTESTANT,PRETESTS,7,15,4096000
902,C,33434969,GNU C++,WRONG_ANSWER,6992,1513704692,cy1999,CONTESTANT,PRETESTS,1,0,4096000
902,C,33435289,GNU C++,WRONG_ANSWER,7101,1513704801,cy1999,CONTESTANT,PRETESTS,7,15,4096000
902,A,33427332,GNU C++,CHALLENGED,3627,1513701337,cyberinfinity,CONTESTANT,CHALLENGES,8,15,2048000
902,A,33429181,GNU C++,WRONG_ANSWER,4339,1513702050,cyberinfinity,CONTESTANT,CHALLENGES,0,15,2048000
902,A,33430626,GNU C++,WRONG_ANSWER,4951,1513702662,cyberinfinity,CONTESTANT,TESTS,16,15,2048000
902,A,33420782,PHP,WRONG_ANSWER,1694,1513699394,cyclebased,CONTESTANT,PRETESTS,2,15,5939200
902,A,33421281,PHP,WRONG_ANSWER,1814,1513699514,cyclebased,CONTESTANT,PRETESTS,2,46,5939200
902,A,33426354,PHP,WRONG_ANSWER,3271,1513700971,cyclebased,CONTESTANT,PRETESTS,2,30,5939200
902,A,33427567,PHP,WRONG_ANSWER,3719,1513701419,cyclebased,CONTESTANT,PRETESTS,2,15,5939200
902,A,33432007,PHP,WRONG_ANSWER,5620,1513703320,cyclebased,CONTESTANT,PRETESTS,4,31,6041600
902,A,33418795,C++14 (GCC 6-32),OK,1260,1513698960,cykel,CONTESTANT,TESTS,55,15,1945600
902,B,33425594,C++14 (GCC 6-32),OK,3021,1513700721,cykel,CONTESTANT,TESTS,50,31,2560000
902,C,33430380,C++14 (GCC 6-32),WRONG_ANSWER,4851,1513702551,cykel,CONTESTANT,PRETESTS,1,15,1843200
902,C,33432359,C++14 (GCC 6-32),OK,5790,1513703490,cykel,CONTESTANT,TESTS,45,93,2355200
902,A,33416995,MS C++,WRONG_ANSWER,943,1513698643,cynthiafu,CONTESTANT,TESTS,15,15,2048000
902,B,33421801,MS C++,MEMORY_LIMIT_EXCEEDED,1940,1513699640,cynthiafu,CONTESTANT,PRETESTS,0,0,268390400
902,B,33422469,MS C++,OK,2118,1513699818,cynthiafu,CONTESTANT,TESTS,50,46,2150400
902,C,33431137,MS C++,WRONG_ANSWER,5180,1513702880,cynthiafu,CONTESTANT,PRETESTS,4,0,2048000
902,C,33433238,MS C++,WRONG_ANSWER,6222,1513703922,cynthiafu,CONTESTANT,PRETESTS,4,15,2048000
902,A,33415238,C++14 (GCC 6-32),WRONG_ANSWER,682,1513698382,d0uch3b4g,CONTESTANT,PRETESTS,4,15,3481600
902,A,33424056,C++14 (GCC 6-32),WRONG_ANSWER,2560,1513700260,d0uch3b4g,CONTESTANT,PRETESTS,2,15,3481600
902,A,33425679,C++14 (GCC 6-32),WRONG_ANSWER,3048,1513700748,d0uch3b4g,CONTESTANT,PRETESTS,4,15,3481600
902,A,33426382,C++14 (GCC 6-32),WRONG_ANSWER,3284,1513700984,d0uch3b4g,CONTESTANT,PRETESTS,0,15,3481600
902,A,33430699,C++14 (GCC 6-32),WRONG_ANSWER,4996,1513702696,d0uch3b4g,CONTESTANT,PRETESTS,4,15,3481600
902,A,33417814,GNU C++11,WRONG_ANSWER,1086,1513698786,d1skovod,CONTESTANT,PRETESTS,2,15,2048000
902,A,33420590,GNU C++11,SKIPPED,1646,1513699346,d1skovod,CONTESTANT,PRETESTS,8,15,2048000
902,A,33422507,GNU C++11,OK,2127,1513699827,d1skovod,CONTESTANT,TESTS,55,15,2048000
902,A,33423303,GNU C++,WRONG_ANSWER,2351,1513700051,d79p,CONTESTANT,PRETESTS,2,15,2048000
902,A,33424651,GNU C++,WRONG_ANSWER,2730,1513700430,d79p,CONTESTANT,PRETESTS,2,15,2048000
902,A,33419805,C++14 (GCC 6-32),OK,1469,1513699169,dShiwam,CONTESTANT,TESTS,55,30,1945600
902,A,33417691,C++14 (GCC 6-32),MEMORY_LIMIT_EXCEEDED,1065,1513698765,d_skyhawk,CONTESTANT,PRETESTS,2,249,268390400
902,A,33418756,C++14 (GCC 6-32),OK,1253,1513698953,d_skyhawk,CONTESTANT,TESTS,55,15,2048000
902,B,33422845,C++14 (GCC 6-32),OK,2222,1513699922,d_skyhawk,CONTESTANT,TESTS,50,31,2457600
902,C,33429180,C++14 (GCC 6-32),RUNTIME_ERROR,4350,1513702050,d_skyhawk,CONTESTANT,PRETESTS,12,46,2662400
902,C,33429458,C++14 (GCC 6-32),OK,4467,1513702167,d_skyhawk,CONTESTANT,TESTS,45,156,3481600
902,A,33415711,C++14 (GCC 6-32),CHALLENGED,750,1513698450,da.2396,CONTESTANT,CHALLENGES,8,78,2048000
902,B,33420705,C++14 (GCC 6-32),OK,1672,1513699372,da.2396,CONTESTANT,TESTS,50,31,2457600
902,C,33428612,C++14 (GCC 6-32),WRONG_ANSWER,4122,1513701822,da.2396,CONTESTANT,PRETESTS,1,0,2252800
902,C,33431839,C++14 (GCC 6-32),WRONG_ANSWER,5539,1513703239,da.2396,CONTESTANT,PRETESTS,1,15,2252800
902,C,33432209,C++14 (GCC 6-32),WRONG_ANSWER,5716,1513703416,da.2396,CONTESTANT,PRETESTS,3,15,2252800
902,C,33433321,C++14 (GCC 6-32),OK,6257,1513703957,da.2396,CONTESTANT,TESTS,45,140,3891200
902,A,33415202,GNU C++11,WRONG_ANSWER,677,1513698377,daisyo,CONTESTANT,PRETESTS,3,15,2048000
902,A,33416425,GNU C++11,WRONG_ANSWER,854,1513698554,daisyo,CONTESTANT,PRETESTS,4,15,2048000
902,A,33418678,GNU C++11,WRONG_ANSWER,1237,1513698937,daisyo,CONTESTANT,PRETESTS,4,15,2048000
902,A,33419606,GNU C++11,WRONG_ANSWER,1433,1513699133,daisyo,CONTESTANT,PRETESTS,2,15,2048000
902,A,33420597,GNU C++11,WRONG_ANSWER,1647,1513699347,daisyo,CONTESTANT,PRETESTS,2,15,2048000
902,A,33421008,GNU C++11,OK,1747,1513699447,daisyo,CONTESTANT,TESTS,55,15,2048000
902,B,33424305,GNU C++11,OK,2627,1513700327,daisyo,CONTESTANT,TESTS,50,46,2457600
902,C,33427917,GNU C++11,WRONG_ANSWER,3845,1513701545,daisyo,CONTESTANT,PRETESTS,3,15,2048000
902,C,33428016,GNU C++11,WRONG_ANSWER,3881,1513701581,daisyo,CONTESTANT,PRETESTS,1,15,2048000
902,C,33428800,GNU C++11,WRONG_ANSWER,4200,1513701900,daisyo,CONTESTANT,PRETESTS,3,0,2048000
902,C,33429239,GNU C++11,WRONG_ANSWER,4370,1513702070,daisyo,CONTESTANT,PRETESTS,3,15,2048000
902,C,33430801,GNU C++11,WRONG_ANSWER,5038,1513702738,daisyo,CONTESTANT,PRETESTS,1,0,2048000
902,C,33431656,GNU C++11,OK,5439,1513703139,daisyo,CONTESTANT,TESTS,45,327,5427200
902,A,33417205,GNU C++,OK,983,1513698683,dam0n,CONTESTANT,TESTS,55,31,2048000
902,B,33424041,GNU C++,OK,2555,1513700255,dam0n,CONTESTANT,TESTS,50,46,2560000
902,C,33431198,GNU C++,WRONG_ANSWER,5214,1513702914,dam0n,CONTESTANT,PRETESTS,3,15,2048000
902,C,33431518,GNU C++,WRONG_ANSWER,5370,1513703070,dam0n,CONTESTANT,PRETESTS,1,15,2048000
902,C,33432053,GNU C++,WRONG_ANSWER,5639,1513703339,dam0n,CONTESTANT,PRETESTS,4,15,2048000
902,A,33420216,C++14 (GCC 6-32),WRONG_ANSWER,1562,1513699262,damakbajaj98,CONTESTANT,PRETESTS,2,15,1945600
902,A,33420569,C++14 (GCC 6-32),WRONG_ANSWER,1641,1513699341,damakbajaj98,CONTESTANT,PRETESTS,2,15,1945600
902,A,33421739,C++14 (GCC 6-32),WRONG_ANSWER,1924,1513699624,damakbajaj98,CONTESTANT,PRETESTS,1,15,1945600
902,A,33424658,C++14 (GCC 6-32),WRONG_ANSWER,2732,1513700432,damakbajaj98,CONTESTANT,PRETESTS,3,15,1945600
902,A,33425202,C++14 (GCC 6-32),WRONG_ANSWER,2894,1513700594,damakbajaj98,CONTESTANT,PRETESTS,4,15,1843200
902,A,33425796,C++14 (GCC 6-32),WRONG_ANSWER,3088,1513700788,damakbajaj98,CONTESTANT,PRETESTS,4,15,1843200
902,A,33427519,C++14 (GCC 6-32),WRONG_ANSWER,3706,1513701406,damakbajaj98,CONTESTANT,PRETESTS,4,15,1945600
902,A,33431777,C++14 (GCC 6-32),WRONG_ANSWER,5503,1513703203,damakbajaj98,CONTESTANT,PRETESTS,2,15,1843200
902,A,33432291,C++14 (GCC 6-32),WRONG_ANSWER,5760,1513703460,damakbajaj98,CONTESTANT,PRETESTS,0,15,1843200
902,A,33432518,C++14 (GCC 6-32),OK,5879,1513703579,damakbajaj98,CONTESTANT,TESTS,55,15,1945600
902,A,33421205,FPC,WRONG_ANSWER,1795,1513699495,dan8643,CONTESTANT,PRETESTS,2,15,1638400
902,A,33422593,FPC,WRONG_ANSWER,2152,1513699852,dan8643,CONTESTANT,PRETESTS,2,0,1638400
902,A,33423337,FPC,WRONG_ANSWER,2361,1513700061,dan8643,CONTESTANT,PRETESTS,2,15,1638400
902,A,33426118,FPC,OK,3194,1513700894,dan8643,CONTESTANT,TESTS,55,15,1638400
902,A,33415605,Scala,OK,734,1513698434,dandersonw,CONTESTANT,TESTS,55,514,39219200
902,B,33422861,Scala,OK,2225,1513699925,dandersonw,CONTESTANT,TESTS,50,623,40038400
902,C,33427109,Scala,OK,3546,1513701246,dandersonw,CONTESTANT,TESTS,45,857,48332800
902,D,33431254,Scala,WRONG_ANSWER,5242,1513702942,dandersonw,CONTESTANT,PRETESTS,0,436,39014400
902,D,33431380,Scala,WRONG_ANSWER,5302,1513703002,dandersonw,CONTESTANT,PRETESTS,6,467,39116800
902,A,33412723,GNU C++11,WRONG_ANSWER,206,1513697916,danick,CONTESTANT,PRETESTS,3,15,2048000
902,A,33412848,GNU C++11,OK,257,1513697967,danick,CONTESTANT,TESTS,55,15,2048000
902,B,33415473,GNU C++11,OK,706,1513698417,danick,CONTESTANT,TESTS,50,61,2150400
902,C,33422757,GNU C++11,WRONG_ANSWER,2187,1513699898,danick,CONTESTANT,PRETESTS,1,15,2048000
902,C,33423191,GNU C++11,WRONG_ANSWER,2309,1513700020,danick,CONTESTANT,PRETESTS,1,0,2048000
902,C,33423863,GNU C++11,OK,2495,1513700205,danick,CONTESTANT,TESTS,45,218,2867200
902,D,33435673,GNU C++11,WRONG_ANSWER,7186,1513704897,danick,CONTESTANT,PRETESTS,5,15,2048000
902,A,33419405,C++14 (GCC 6-32),WRONG_ANSWER,1388,1513699088,danish_devil,CONTESTANT,PRETESTS,4,0,1945600
902,A,33420855,C++14 (GCC 6-32),WRONG_ANSWER,1711,1513699411,danish_devil,CONTESTANT,PRETESTS,4,15,1945600
902,A,33422969,C++14 (GCC 6-32),WRONG_ANSWER,2251,1513699951,danish_devil,CONTESTANT,PRETESTS,4,15,1945600
902,A,33425710,C++14 (GCC 6-32),OK,3061,1513700761,danish_devil,CONTESTANT,TESTS,55,15,1843200
902,B,33428514,C++14 (GCC 6-32),OK,4081,1513701781,danish_devil,CONTESTANT,TESTS,50,31,2560000
902,C,33434162,C++14 (GCC 6-32),WRONG_ANSWER,6652,1513704352,danish_devil,CONTESTANT,PRETESTS,1,0,1945600
902,A,33415977,C++14 (GCC 6-32),OK,790,1513698490,dante_,CONTESTANT,TESTS,55,15,1945600
902,B,33423575,C++14 (GCC 6-32),OK,2426,1513700126,dante_,CONTESTANT,TESTS,50,405,2867200
902,A,33415219,C++14 (GCC 6-32),OK,679,1513698379,dante_smit_98,CONTESTANT,TESTS,55,15,1945600
902,B,33423009,C++14 (GCC 6-32),OK,2261,1513699961,dante_smit_98,CONTESTANT,TESTS,50,31,2560000
902,C,33431013,C++14 (GCC 6-32),WRONG_ANSWER,5125,1513702825,dante_smit_98,CONTESTANT,PRETESTS,1,15,2252800
902,A,33416909,GNU C++,WRONG_ANSWER,931,1513698631,danthanhhuynhpham,CONTESTANT,PRETESTS,0,0,2048000
902,A,33418353,GNU C++,WRONG_ANSWER,1176,1513698876,danthanhhuynhpham,CONTESTANT,PRETESTS,4,15,2048000
902,A,33425261,GNU C++,WRONG_ANSWER,2913,1513700613,danthanhhuynhpham,CONTESTANT,PRETESTS,4,15,2048000
902,A,33428021,GNU C++,OK,3883,1513701583,danthanhhuynhpham,CONTESTANT,TESTS,55,15,2048000
902,A,33414623,PascalABC.NET,COMPILATION_ERROR,575,1513698285,danymalets,CONTESTANT,PRETESTS,0,0,0
902,A,33414733,GNU C++,OK,591,1513698302,danymalets,CONTESTANT,TESTS,55,15,2048000
902,B,33421553,GNU C++,OK,1871,1513699582,danymalets,CONTESTANT,TESTS,50,46,2457600
902,C,33428208,GNU C++,WRONG_ANSWER,3948,1513701659,danymalets,CONTESTANT,TESTS,13,93,2457600
902,A,33415763,C++14 (GCC 6-32),WRONG_ANSWER,759,1513698459,dark_knight97,CONTESTANT,PRETESTS,2,15,3481600
902,A,33416358,C++14 (GCC 6-32),WRONG_ANSWER,844,1513698544,dark_knight97,CONTESTANT,PRETESTS,2,0,3481600
902,A,33417951,C++14 (GCC 6-32),WRONG_ANSWER,1109,1513698809,dark_knight97,CONTESTANT,PRETESTS,2,0,3481600
902,A,33419654,C++14 (GCC 6-32),WRONG_ANSWER,1439,1513699139,dark_knight97,CONTESTANT,PRETESTS,2,15,3481600
902,A,33423956,C++14 (GCC 6-32),WRONG_ANSWER,2535,1513700235,dark_knight97,CONTESTANT,PRETESTS,2,0,3481600
902,A,33413050,C++14 (GCC 6-32),WRONG_ANSWER,308,1513698019,darkdx,CONTESTANT,PRETESTS,2,0,1843200
902,A,33414710,C++14 (GCC 6-32),OK,587,1513698297,darkdx,CONTESTANT,TESTS,55,15,1843200
902,B,33420014,C++14 (GCC 6-32),OK,1505,1513699216,darkdx,CONTESTANT,TESTS,50,30,2355200
902,C,33426577,C++14 (GCC 6-32),WRONG_ANSWER,3341,1513701051,darkdx,CONTESTANT,PRETESTS,4,15,2662400
902,C,33427415,C++14 (GCC 6-32),OK,3652,1513701362,darkdx,CONTESTANT,TESTS,45,109,2662400
902,B,33426121,C++14 (GCC 6-32),OK,3185,1513700895,darkhorse7,CONTESTANT,TESTS,50,15,3276800
902,C,33431563,C++14 (GCC 6-32),OK,5379,1513703090,darkhorse7,CONTESTANT,TESTS,45,108,6246400
902,A,33433995,C++14 (GCC 6-32),WRONG_ANSWER,6564,1513704274,darkhorse7,CONTESTANT,PRETESTS,2,0,1945600
902,A,33413005,C++14 (GCC 6-32),OK,310,1513698010,darksmith,CONTESTANT,TESTS,55,15,1945600
902,B,33415230,C++14 (GCC 6-32),OK,681,1513698381,darksmith,CONTESTANT,TESTS,50,31,3174400
902,C,33421421,C++14 (GCC 6-32),OK,1846,1513699546,darksmith,CONTESTANT,TESTS,45,109,5324800
902,A,33413509,GNU C++11,OK,406,1513698106,darksta5,CONTESTANT,TESTS,55,15,2048000
902,B,33418879,GNU C++11,OK,1281,1513698981,darksta5,CONTESTANT,TESTS,50,30,2560000
902,C,33424887,GNU C++11,OK,2795,1513700495,darksta5,CONTESTANT,TESTS,45,109,2457600
902,D,33432520,GNU C++11,WRONG_ANSWER,5881,1513703581,darksta5,CONTESTANT,PRETESTS,6,15,2048000
902,D,33433890,GNU C++11,WRONG_ANSWER,6518,1513704218,darksta5,CONTESTANT,PRETESTS,6,15,2048000
902,A,33421361,GNU C++,WRONG_ANSWER,1823,1513699533,darshan_601,CONTESTANT,PRETESTS,5,15,2048000
902,A,33424392,GNU C++,CHALLENGED,2640,1513700351,darshan_601,CONTESTANT,CHALLENGES,8,15,2048000
902,B,33430081,GNU C++,OK,4724,1513702435,darshan_601,CONTESTANT,TESTS,50,31,2150400
902,A,33414343,C++14 (GCC 6-32),OK,530,1513698241,darth_coder,CONTESTANT,TESTS,55,15,1945600
902,B,33426598,C++14 (GCC 6-32),OK,3350,1513701061,darth_coder,CONTESTANT,TESTS,50,249,4403200
902,C,33434846,C++14 (GCC 6-32),OK,6938,1513704649,darth_coder,CONTESTANT,TESTS,45,93,2252800
902,C,33418063,C++14 (GCC 6-32),WRONG_ANSWER,1126,1513698826,darthmelonder,CONTESTANT,PRETESTS,1,15,3481600
902,C,33420338,C++14 (GCC 6-32),WRONG_ANSWER,1585,1513699285,darthmelonder,CONTESTANT,TESTS,37,93,3481600
902,A,33422426,C++14 (GCC 6-32),OK,2106,1513699806,darthmelonder,CONTESTANT,TESTS,55,15,1945600
902,B,33426843,C++14 (GCC 6-32),OK,3454,1513701154,darthmelonder,CONTESTANT,TESTS,50,30,2662400
902,A,33433610,GNU C++,OK,6386,1513704086,darthvadar,CONTESTANT,TESTS,55,15,2048000
902,A,33426400,C++14 (GCC 6-32),OK,3289,1513700989,darthvader9,CONTESTANT,TESTS,55,15,1945600
902,A,33413697,C++14 (GCC 6-32),OK,439,1513698139,dasper,CONTESTANT,TESTS,55,15,1945600
902,B,33421048,C++14 (GCC 6-32),OK,1756,1513699456,dasper,CONTESTANT,TESTS,50,30,2560000
902,C,33430638,C++14 (GCC 6-32),WRONG_ANSWER,4967,1513702667,dasper,CONTESTANT,PRETESTS,0,0,4710400
902,C,33430734,C++14 (GCC 6-32),WRONG_ANSWER,5007,1513702707,dasper,CONTESTANT,PRETESTS,5,15,4710400
902,C,33431510,C++14 (GCC 6-32),WRONG_ANSWER,5367,1513703067,dasper,CONTESTANT,PRETESTS,5,15,4710400
902,C,33432319,C++14 (GCC 6-32),OK,5772,1513703472,dasper,CONTESTANT,TESTS,45,93,4710400
902,D,33435044,C++14 (GCC 6-32),WRONG_ANSWER,7019,1513704719,dasper,CONTESTANT,PRETESTS,1,15,4710400
902,A,33414052,GNU C++11,OK,497,1513698197,dastan,CONTESTANT,TESTS,55,15,2048000
902,B,33417235,GNU C++11,OK,988,1513698688,dastan,CONTESTANT,TESTS,50,46,3993600
902,C,33421916,GNU C++11,WRONG_ANSWER,1970,1513699670,dastan,CONTESTANT,PRETESTS,4,15,3276800
902,C,33425272,GNU C++11,OK,2916,1513700616,dastan,CONTESTANT,TESTS,45,109,3276800
902,A,33420109,C++14 (GCC 6-32),OK,1536,1513699236,data_base,CONTESTANT,TESTS,55,15,1945600
902,B,33414047,GNU C++11,OK,497,1513698197,davidberard,CONTESTANT,TESTS,50,31,2560000
902,A,33416037,GNU C++11,OK,797,1513698497,davidberard,CONTESTANT,TESTS,55,15,2048000
902,C,33419829,GNU C++11,WRONG_ANSWER,1474,1513699174,davidberard,CONTESTANT,PRETESTS,1,0,2048000
902,C,33420729,GNU C++11,WRONG_ANSWER,1679,1513699379,davidberard,CONTESTANT,PRETESTS,3,15,2048000
902,C,33421364,GNU C++11,WRONG_ANSWER,1833,1513699533,davidberard,CONTESTANT,PRETESTS,4,15,2048000
902,C,33422252,GNU C++11,TIME_LIMIT_EXCEEDED,2050,1513699750,davidberard,CONTESTANT,TESTS,16,2000,2457600
902,A,33416368,Java 8,WRONG_ANSWER,845,1513698545,davidonsy,CONTESTANT,PRETESTS,1,124,20992000
902,A,33416554,Java 8,WRONG_ANSWER,876,1513698576,davidonsy,CONTESTANT,PRETESTS,3,155,20992000
902,A,33417366,Java 8,WRONG_ANSWER,1009,1513698709,davidonsy,CONTESTANT,PRETESTS,3,140,20992000
902,A,33418178,Java 8,WRONG_ANSWER,1146,1513698846,davidonsy,CONTESTANT,PRETESTS,3,155,20992000
902,A,33418739,Java 8,WRONG_ANSWER,1251,1513698951,davidonsy,CONTESTANT,PRETESTS,3,140,20992000
902,A,33420907,Java 8,WRONG_ANSWER,1720,1513699420,davidonsy,CONTESTANT,PRETESTS,3,139,20992000
902,B,33428202,Java 8,OK,3957,1513701657,davidonsy,CONTESTANT,TESTS,50,655,21196800
902,A,33429223,Java 8,OK,4365,1513702065,davidonsy,CONTESTANT,TESTS,55,171,20992000
902,A,33416832,GNU C++,OK,910,1513698620,davidvotran22,CONTESTANT,TESTS,55,30,2150400
902,B,33427132,GNU C++,WRONG_ANSWER,3543,1513701254,davidvotran22,CONTESTANT,PRETESTS,4,15,2355200
902,B,33429880,GNU C++,OK,4634,1513702345,davidvotran22,CONTESTANT,TESTS,50,280,2662400
902,A,33420561,GNU C,WRONG_ANSWER,1629,1513699340,dawidogg,CONTESTANT,PRETESTS,3,15,1843200
902,A,33425021,GNU C,OK,2826,1513700536,dawidogg,CONTESTANT,TESTS,55,15,1843200
902,B,33428359,GNU C,WRONG_ANSWER,4003,1513701714,dawidogg,CONTESTANT,PRETESTS,5,15,5939200
902,A,33416285,GNU C++11,WRONG_ANSWER,834,1513698534,daydreaman,CONTESTANT,PRETESTS,2,15,2048000
902,A,33417754,GNU C++11,WRONG_ANSWER,1076,1513698776,daydreaman,CONTESTANT,PRETESTS,2,15,2048000
902,A,33419935,GNU C++11,WRONG_ANSWER,1497,1513699197,daydreaman,CONTESTANT,PRETESTS,2,15,2048000
902,A,33424111,GNU C++11,WRONG_ANSWER,2572,1513700272,daydreaman,CONTESTANT,PRETESTS,2,15,2048000
902,A,33426401,GNU C++11,WRONG_ANSWER,3290,1513700990,daydreaman,CONTESTANT,PRETESTS,2,0,2048000
902,A,33427371,GNU C++11,OK,3648,1513701348,daydreaman,CONTESTANT,TESTS,55,15,2048000
902,A,33413857,GNU C++11,WRONG_ANSWER,463,1513698163,dcongtinh,CONTESTANT,PRETESTS,4,15,2048000
902,A,33416283,GNU C++11,WRONG_ANSWER,834,1513698534,dcongtinh,CONTESTANT,PRETESTS,4,15,2048000
902,A,33421547,GNU C++11,WRONG_ANSWER,1880,1513699580,dcongtinh,CONTESTANT,PRETESTS,5,15,2048000
902,A,33422447,GNU C++11,OK,2111,1513699811,dcongtinh,CONTESTANT,TESTS,55,15,2048000
902,B,33426821,GNU C++11,OK,3442,1513701142,dcongtinh,CONTESTANT,TESTS,50,30,4505600
902,A,33417566,GNU C++11,WRONG_ANSWER,1043,1513698743,ddavies,CONTESTANT,PRETESTS,5,15,2048000
902,A,33421355,GNU C++11,OK,1832,1513699532,ddavies,CONTESTANT,TESTS,55,15,2150400
902,B,33424603,GNU C++11,OK,2716,1513700416,ddavies,CONTESTANT,TESTS,50,77,2252800
902,C,33430655,GNU C++11,WRONG_ANSWER,4974,1513702674,ddavies,CONTESTANT,PRETESTS,4,15,2048000
902,C,33431085,GNU C++11,WRONG_ANSWER,5157,1513702857,ddavies,CONTESTANT,PRETESTS,4,15,2048000
902,A,33421121,C++14 (GCC 6-32),OK,1764,1513699475,ddeka,CONTESTANT,TESTS,55,15,1945600
902,B,33434279,C++14 (GCC 6-32),OK,6696,1513704407,ddeka,CONTESTANT,TESTS,50,30,2560000
902,C,33419847,C++14 (GCC 6-32),COMPILATION_ERROR,1466,1513699177,ddevbrat,CONTESTANT,PRETESTS,0,0,0
902,C,33420304,C++14 (GCC 6-32),WRONG_ANSWER,1568,1513699279,ddevbrat,CONTESTANT,PRETESTS,1,0,5939200
902,B,33421898,C++14 (GCC 6-32),OK,1956,1513699666,ddevbrat,CONTESTANT,TESTS,50,46,4403200
902,C,33422433,C++14 (GCC 6-32),WRONG_ANSWER,2097,1513699808,ddevbrat,CONTESTANT,PRETESTS,3,15,5939200
902,A,33424614,C++14 (GCC 6-32),OK,2709,1513700420,ddevbrat,CONTESTANT,TESTS,55,15,3379200
902,C,33426436,C++14 (GCC 6-32),WRONG_ANSWER,3290,1513701000,ddevbrat,CONTESTANT,PRETESTS,3,15,5939200
902,C,33430187,C++14 (GCC 6-32),WRONG_ANSWER,4766,1513702476,ddevbrat,CONTESTANT,PRETESTS,7,15,5939200
902,C,33430616,C++14 (GCC 6-32),WRONG_ANSWER,4945,1513702655,ddevbrat,CONTESTANT,TESTS,37,140,8601600
902,A,33415471,GNU C,WRONG_ANSWER,717,1513698417,ddxm,CONTESTANT,PRETESTS,2,15,1843200
902,A,33417452,GNU C,WRONG_ANSWER,1023,1513698723,ddxm,CONTESTANT,PRETESTS,2,0,1843200
902,A,33418106,GNU C,WRONG_ANSWER,1134,1513698834,ddxm,CONTESTANT,PRETESTS,2,15,1843200
902,A,33419279,GNU C,WRONG_ANSWER,1364,1513699064,ddxm,CONTESTANT,PRETESTS,2,15,1843200
902,A,33420726,GNU C,WRONG_ANSWER,1678,1513699378,ddxm,CONTESTANT,PRETESTS,3,15,1843200
902,A,33425275,GNU C,WRONG_ANSWER,2917,1513700617,ddxm,CONTESTANT,PRETESTS,3,15,1843200
902,A,33427130,GNU C,WRONG_ANSWER,3553,1513701253,ddxm,CONTESTANT,PRETESTS,3,15,1843200
902,A,33430450,GNU C,WRONG_ANSWER,4881,1513702581,ddxm,CONTESTANT,PRETESTS,2,0,1843200
902,A,33431086,GNU C,WRONG_ANSWER,5157,1513702857,ddxm,CONTESTANT,PRETESTS,3,15,1843200
902,A,33414796,C++14 (GCC 6-32),SKIPPED,613,1513698313,dead_coder,CONTESTANT,PRETESTS,8,15,1945600
902,A,33417035,C++14 (GCC 6-32),OK,950,1513698650,dead_coder,CONTESTANT,TESTS,55,15,1945600
902,B,33426814,C++14 (GCC 6-32),OK,3440,1513701140,dead_coder,CONTESTANT,TESTS,50,46,2355200
902,A,33416427,C++14 (GCC 6-32),WRONG_ANSWER,854,1513698554,dead_shooter,CONTESTANT,PRETESTS,4,15,1945600
902,A,33417768,C++14 (GCC 6-32),WRONG_ANSWER,1079,1513698779,dead_shooter,CONTESTANT,PRETESTS,4,15,1945600
902,A,33423564,C++14 (GCC 6-32),WRONG_ANSWER,2423,1513700123,dead_shooter,CONTESTANT,PRETESTS,4,15,1945600
902,A,33424874,C++14 (GCC 6-32),OK,2791,1513700491,dead_shooter,CONTESTANT,TESTS,55,15,1945600
902,B,33429442,C++14 (GCC 6-32),OK,4460,1513702160,dead_shooter,CONTESTANT,TESTS,50,46,2355200
902,A,33413796,C++14 (GCC 6-32),OK,454,1513698154,debagnick,CONTESTANT,TESTS,55,15,1945600
902,B,33421170,C++14 (GCC 6-32),OK,1786,1513699486,debagnick,CONTESTANT,TESTS,50,30,2662400
902,C,33426929,C++14 (GCC 6-32),OK,3480,1513701180,debagnick,CONTESTANT,TESTS,45,93,2662400
902,D,33435091,C++14 (GCC 6-32),WRONG_ANSWER,7031,1513704731,debagnick,CONTESTANT,PRETESTS,0,0,1843200
902,A,33416563,GNU C++,WRONG_ANSWER,878,1513698578,debashish.roy,CONTESTANT,PRETESTS,2,15,2048000
902,A,33417174,GNU C++,WRONG_ANSWER,975,1513698675,debashish.roy,CONTESTANT,PRETESTS,4,15,2048000
902,A,33422413,GNU C++,WRONG_ANSWER,2102,1513699802,debashish.roy,CONTESTANT,PRETESTS,4,15,2048000
902,A,33425361,GNU C++,WRONG_ANSWER,2947,1513700647,debashish.roy,CONTESTANT,PRETESTS,4,15,2048000
902,A,33430601,GNU C++,OK,4947,1513702647,debashish.roy,CONTESTANT,TESTS,55,15,2048000
902,B,33434501,GNU C++,COMPILATION_ERROR,6806,1513704506,debashish.roy,CONTESTANT,PRETESTS,0,0,0
902,B,33434597,C++14 (GCC 6-32),OK,6844,1513704544,debashish.roy,CONTESTANT,TESTS,50,15,2560000
902,A,33417363,GNU C++,WRONG_ANSWER,1009,1513698709,debasish.pranta,CONTESTANT,PRETESTS,2,15,2048000
902,A,33422048,GNU C++,WRONG_ANSWER,2003,1513699703,debasish.pranta,CONTESTANT,PRETESTS,2,15,2048000
902,A,33425574,GNU C++,OK,3016,1513700716,debasish.pranta,CONTESTANT,TESTS,55,15,2048000
902,A,33414617,Java 8,OK,585,1513698285,debjit,CONTESTANT,TESTS,55,156,20992000
902,A,33421859,GNU C,OK,1955,1513699655,deep529,CONTESTANT,TESTS,55,30,1843200
902,B,33431010,GNU C,OK,5122,1513702822,deep529,CONTESTANT,TESTS,50,31,2560000
902,A,33412906,C++14 (GCC 6-32),WRONG_ANSWER,286,1513697986,deepak1050pandey,CONTESTANT,PRETESTS,2,0,3481600
902,A,33413512,C++14 (GCC 6-32),WRONG_ANSWER,406,1513698106,deepak1050pandey,CONTESTANT,PRETESTS,2,0,3481600
902,A,33416156,C++14 (GCC 6-32),WRONG_ANSWER,816,1513698516,deepak1050pandey,CONTESTANT,PRETESTS,4,15,3481600
902,B,33423647,C++14 (GCC 6-32),WRONG_ANSWER,2445,1513700145,deepak1050pandey,CONTESTANT,PRETESTS,9,15,4710400
902,B,33424250,C++14 (GCC 6-32),WRONG_ANSWER,2608,1513700308,deepak1050pandey,CONTESTANT,PRETESTS,9,15,4710400
902,B,33424980,C++14 (GCC 6-32),WRONG_ANSWER,2822,1513700523,deepak1050pandey,CONTESTANT,PRETESTS,9,15,4710400
902,B,33427307,C++14 (GCC 6-32),OK,3630,1513701331,deepak1050pandey,CONTESTANT,TESTS,50,171,4915200
902,A,33428706,C++14 (GCC 6-32),WRONG_ANSWER,4162,1513701862,deepak1050pandey,CONTESTANT,PRETESTS,4,15,3481600
902,C,33432797,C++14 (GCC 6-32),WRONG_ANSWER,6010,1513703710,deepak1050pandey,CONTESTANT,PRETESTS,3,15,2662400
902,C,33433054,C++14 (GCC 6-32),WRONG_ANSWER,6136,1513703836,deepak1050pandey,CONTESTANT,PRETESTS,3,15,2662400
902,C,33433140,C++14 (GCC 6-32),WRONG_ANSWER,6179,1513703879,deepak1050pandey,CONTESTANT,PRETESTS,3,15,2662400
902,A,33434187,C++14 (GCC 6-32),WRONG_ANSWER,6667,1513704367,deepak1050pandey,CONTESTANT,PRETESTS,1,15,3584000
902,A,33434448,C++14 (GCC 6-32),OK,6776,1513704476,deepak1050pandey,CONTESTANT,TESTS,55,15,3584000
902,C,33434887,C++14 (GCC 6-32),WRONG_ANSWER,6964,1513704664,deepak1050pandey,CONTESTANT,PRETESTS,4,15,2662400
902,A,33414093,C++14 (GCC 6-32),OK,503,1513698203,deepak2015,CONTESTANT,TESTS,55,15,1945600
902,B,33419361,C++14 (GCC 6-32),WRONG_ANSWER,1376,1513699076,deepak2015,CONTESTANT,PRETESTS,2,15,2457600
902,B,33419873,C++14 (GCC 6-32),OK,1484,1513699184,deepak2015,CONTESTANT,TESTS,50,15,2764800
902,C,33426751,C++14 (GCC 6-32),OK,3416,1513701116,deepak2015,CONTESTANT,TESTS,45,140,9113600
902,A,33419797,C++14 (GCC 6-32),WRONG_ANSWER,1468,1513699168,deepak21_,CONTESTANT,PRETESTS,3,15,1945600
902,A,33421995,C++14 (GCC 6-32),WRONG_ANSWER,1992,1513699692,deepak21_,CONTESTANT,PRETESTS,5,31,1945600
902,A,33422493,C++14 (GCC 6-32),WRONG_ANSWER,2124,1513699824,deepak21_,CONTESTANT,PRETESTS,5,15,1945600
902,A,33423304,C++14 (GCC 6-32),WRONG_ANSWER,2351,1513700051,deepak21_,CONTESTANT,PRETESTS,4,15,1945600
902,A,33417115,GNU C11,OK,966,1513698666,deepak_choudhary,CONTESTANT,TESTS,55,15,1843200
902,A,33417630,C++14 (GCC 6-32),WRONG_ANSWER,1056,1513698756,deepak_vashishtha,CONTESTANT,PRETESTS,2,15,1843200
902,A,33419401,C++14 (GCC 6-32),WRONG_ANSWER,1385,1513699085,deepak_vashishtha,CONTESTANT,PRETESTS,4,15,1843200
902,A,33420042,C++14 (GCC 6-32),WRONG_ANSWER,1522,1513699222,deepak_vashishtha,CONTESTANT,PRETESTS,2,15,1843200
902,A,33420580,C++14 (GCC 6-32),WRONG_ANSWER,1644,1513699344,deepak_vashishtha,CONTESTANT,TESTS,20,15,1945600
902,A,33416589,GNU C++11,WRONG_ANSWER,872,1513698582,deerj_reddy,CONTESTANT,PRETESTS,0,15,2048000
902,A,33417085,GNU C++11,WRONG_ANSWER,949,1513698659,deerj_reddy,CONTESTANT,PRETESTS,4,15,2048000
902,A,33419022,GNU C++11,WRONG_ANSWER,1303,1513699013,deerj_reddy,CONTESTANT,PRETESTS,4,15,2048000
902,B,33434388,GNU C++11,OK,6742,1513704452,deerj_reddy,CONTESTANT,TESTS,50,234,2560000
902,A,33414041,C++14 (GCC 6-32),OK,495,1513698195,deevroman,CONTESTANT,TESTS,55,15,1945600
902,A,33416101,C++14 (GCC 6-32),WRONG_ANSWER,806,1513698506,defint33,CONTESTANT,PRETESTS,2,15,1843200
902,A,33417543,C++14 (GCC 6-32),WRONG_ANSWER,1040,1513698740,defint33,CONTESTANT,PRETESTS,2,15,1843200
902,A,33421350,C++14 (GCC 6-32),WRONG_ANSWER,1831,1513699531,defint33,CONTESTANT,PRETESTS,1,0,1843200
902,A,33430719,C++14 (GCC 6-32),WRONG_ANSWER,5002,1513702702,defint33,CONTESTANT,TESTS,41,15,1945600
902,A,33413256,Python 3,OK,361,1513698061,defunator01,CONTESTANT,TESTS,55,62,5529600
902,B,33418976,C++14 (GCC 6-32),OK,1302,1513699002,defunator01,CONTESTANT,TESTS,50,218,2560000
902,C,33423314,C++14 (GCC 6-32),WRONG_ANSWER,2354,1513700054,defunator01,CONTESTANT,PRETESTS,1,0,2252800
902,C,33423940,C++14 (GCC 6-32),WRONG_ANSWER,2531,1513700231,defunator01,CONTESTANT,PRETESTS,4,15,2252800
902,C,33425738,C++14 (GCC 6-32),OK,3069,1513700769,defunator01,CONTESTANT,TESTS,45,155,2355200
902,D,33431842,Python 3,WRONG_ANSWER,5540,1513703240,defunator01,CONTESTANT,PRETESTS,0,46,5529600
902,D,33432088,Python 3,WRONG_ANSWER,5656,1513703356,defunator01,CONTESTANT,PRETESTS,2,46,5529600
902,A,33417556,GNU C++,WRONG_ANSWER,1031,1513698741,deinier,CONTESTANT,PRETESTS,0,15,2048000
902,A,33418455,GNU C++,OK,1183,1513698894,deinier,CONTESTANT,TESTS,55,15,2048000
902,B,33423952,GNU C++,OK,2522,1513700233,deinier,CONTESTANT,TESTS,50,31,2764800
902,C,33432372,GNU C++,WRONG_ANSWER,5785,1513703496,deinier,CONTESTANT,TESTS,37,249,8089600
902,A,33414596,C++14 (GCC 6-32),RUNTIME_ERROR,582,1513698282,deleteeeeeeeeed,CONTESTANT,PRETESTS,0,0,2048000
902,A,33414779,C++14 (GCC 6-32),OK,609,1513698309,deleteeeeeeeeed,CONTESTANT,TESTS,55,15,1945600
902,B,33421063,C++14 (GCC 6-32),OK,1760,1513699460,deleteeeeeeeeed,CONTESTANT,TESTS,50,31,4096000
902,C,33430770,C++14 (GCC 6-32),WRONG_ANSWER,5023,1513702723,deleteeeeeeeeed,CONTESTANT,PRETESTS,3,15,3481600
902,C,33432652,C++14 (GCC 6-32),WRONG_ANSWER,5943,1513703643,deleteeeeeeeeed,CONTESTANT,PRETESTS,1,15,3481600
902,A,33420256,Java 8,WRONG_ANSWER,1570,1513699270,delta13,CONTESTANT,PRETESTS,4,140,20992000
902,A,33420970,Java 8,OK,1737,1513699437,delta13,CONTESTANT,TESTS,55,156,20992000
902,A,33415817,GNU C++11,WRONG_ANSWER,766,1513698466,demian,CONTESTANT,PRETESTS,2,15,2048000
902,A,33421118,GNU C++11,WRONG_ANSWER,1774,1513699474,demian,CONTESTANT,PRETESTS,2,15,2048000
902,A,33422645,GNU C++11,WRONG_ANSWER,2166,1513699866,demian,CONTESTANT,PRETESTS,2,0,2048000
902,A,33424040,GNU C++11,CHALLENGED,2555,1513700255,demian,CONTESTANT,CHALLENGES,8,15,2048000
902,B,33433528,GNU C++11,OK,6346,1513704046,demian,CONTESTANT,TESTS,50,46,2560000
902,A,33419677,GNU C11,WRONG_ANSWER,1445,1513699145,demidovichv,CONTESTANT,PRETESTS,2,0,1843200
902,A,33420717,GNU C11,WRONG_ANSWER,1677,1513699377,demidovichv,CONTESTANT,PRETESTS,2,15,1843200
902,A,33421537,GNU C11,WRONG_ANSWER,1877,1513699577,demidovichv,CONTESTANT,PRETESTS,2,0,1843200
902,A,33425826,GNU C11,WRONG_ANSWER,3097,1513700797,demidovichv,CONTESTANT,PRETESTS,2,0,1843200
902,A,33424796,GNU C,WRONG_ANSWER,2771,1513700471,dengie,CONTESTANT,PRETESTS,0,0,1843200
902,A,33426150,GNU C,WRONG_ANSWER,3205,1513700905,dengie,CONTESTANT,PRETESTS,2,15,1843200
902,A,33426853,GNU C,WRONG_ANSWER,3456,1513701156,dengie,CONTESTANT,PRETESTS,2,0,1843200
902,A,33429709,GNU C,WRONG_ANSWER,4576,1513702276,dengie,CONTESTANT,PRETESTS,2,15,1843200
902,A,33430103,GNU C,COMPILATION_ERROR,4745,1513702445,dengie,CONTESTANT,PRETESTS,0,0,0
902,A,33430403,GNU C,COMPILATION_ERROR,4861,1513702561,dengie,CONTESTANT,PRETESTS,0,0,0
902,A,33430532,GNU C++,OK,4915,1513702615,dengie,CONTESTANT,TESTS,55,15,2048000
902,A,33433587,Python 3,WRONG_ANSWER,6375,1513704075,denismaks10001,CONTESTANT,PRETESTS,3,46,5529600
902,A,33412801,C++14 (GCC 6-32),OK,253,1513697953,denisrtyhb,CONTESTANT,TESTS,55,15,2048000
902,B,33414385,C++14 (GCC 6-32),OK,548,1513698248,denisrtyhb,CONTESTANT,TESTS,50,46,2457600
902,C,33419427,C++14 (GCC 6-32),WRONG_ANSWER,1393,1513699093,denisrtyhb,CONTESTANT,PRETESTS,3,30,1945600
902,C,33421652,C++14 (GCC 6-32),WRONG_ANSWER,1903,1513699603,denisrtyhb,CONTESTANT,TESTS,37,139,4300800
902,A,33412989,Python 3,OK,296,1513698007,denny_sem,CONTESTANT,TESTS,55,62,5529600
902,B,33417742,Python 3,OK,1063,1513698774,denny_sem,CONTESTANT,TESTS,50,108,7680000
902,C,33421760,Python 3,OK,1919,1513699630,denny_sem,CONTESTANT,TESTS,45,451,20684800
902,D,33432525,Python 3,WRONG_ANSWER,5873,1513703583,denny_sem,CONTESTANT,PRETESTS,1,46,5529600
902,D,33432811,Python 3,OK,6008,1513703718,denny_sem,CONTESTANT,TESTS,150,77,5632000
902,A,33414735,GNU C++11,COMPILATION_ERROR,602,1513698302,dentchik2015,CONTESTANT,PRETESTS,0,0,0
902,A,33414952,GNU C++11,OK,638,1513698338,dentchik2015,CONTESTANT,TESTS,55,15,2662400
902,B,33429958,GNU C++11,OK,4678,1513702378,dentchik2015,CONTESTANT,TESTS,50,405,162918400
902,A,33413215,C++14 (GCC 6-32),WRONG_ANSWER,342,1513698052,desai10,CONTESTANT,PRETESTS,3,15,1843200
902,A,33413496,C++14 (GCC 6-32),WRONG_ANSWER,393,1513698103,desai10,CONTESTANT,PRETESTS,4,15,1945600
902,A,33414444,C++14 (GCC 6-32),OK,548,1513698258,desai10,CONTESTANT,TESTS,55,15,1945600
902,B,33419806,C++14 (GCC 6-32),OK,1459,1513699170,desai10,CONTESTANT,TESTS,50,46,3788800
902,A,33414913,C++14 (GCC 6-32),OK,632,1513698332,desmond085,CONTESTANT,TESTS,55,15,1945600
902,B,33419722,C++14 (GCC 6-32),RUNTIME_ERROR,1452,1513699152,desmond085,CONTESTANT,PRETESTS,5,15,2355200
902,B,33419971,C++14 (GCC 6-32),OK,1507,1513699207,desmond085,CONTESTANT,TESTS,50,31,2560000
902,C,33426614,C++14 (GCC 6-32),WRONG_ANSWER,3369,1513701069,desmond085,CONTESTANT,PRETESTS,1,0,2662400
902,C,33428525,C++14 (GCC 6-32),OK,4087,1513701787,desmond085,CONTESTANT,TESTS,45,109,2662400
902,A,33420435,C++14 (GCC 6-32),SKIPPED,1610,1513699310,devACE,CONTESTANT,PRETESTS,8,15,2048000
902,B,33424501,C++14 (GCC 6-32),OK,2688,1513700388,devACE,CONTESTANT,TESTS,50,15,2969600
902,A,33427781,C++14 (GCC 6-32),OK,3797,1513701497,devACE,CONTESTANT,TESTS,55,15,2150400
902,C,33434576,C++14 (GCC 6-32),WRONG_ANSWER,6832,1513704533,devACE,CONTESTANT,PRETESTS,1,15,1843200
902,C,33434853,C++14 (GCC 6-32),OK,6952,1513704652,devACE,CONTESTANT,TESTS,45,109,5939200
902,A,33420693,Python 2,WRONG_ANSWER,1670,1513699370,devansh1497,CONTESTANT,PRETESTS,1,46,4608000
902,A,33422660,Python 2,COMPILATION_ERROR,2171,1513699871,devansh1497,CONTESTANT,PRETESTS,0,0,0
902,A,33422911,Python 2,WRONG_ANSWER,2238,1513699938,devansh1497,CONTESTANT,PRETESTS,1,46,4505600
902,A,33424678,Python 2,WRONG_ANSWER,2738,1513700438,devansh1497,CONTESTANT,PRETESTS,2,46,4608000
902,A,33432306,Python 2,WRONG_ANSWER,5766,1513703466,devansh1497,CONTESTANT,PRETESTS,5,61,4608000
902,A,33433286,Python 2,WRONG_ANSWER,6243,1513703943,devansh1497,CONTESTANT,PRETESTS,1,46,4505600
902,A,33433884,Python 2,WRONG_ANSWER,6514,1513704214,devansh1497,CONTESTANT,PRETESTS,2,62,4505600
902,A,33434064,Python 2,WRONG_ANSWER,6609,1513704309,devansh1497,CONTESTANT,PRETESTS,1,62,4505600
902,A,33434185,Python 2,WRONG_ANSWER,6666,1513704366,devansh1497,CONTESTANT,PRETESTS,1,46,4608000
902,A,33416910,GNU C++11,WRONG_ANSWER,932,1513698632,devendra_sharma,CONTESTANT,PRETESTS,4,15,2048000
902,A,33417475,GNU C++11,WRONG_ANSWER,1027,1513698727,devendra_sharma,CONTESTANT,PRETESTS,4,15,2048000
902,A,33422603,GNU C++11,CHALLENGED,2155,1513699855,devendra_sharma,CONTESTANT,CHALLENGES,8,15,2048000
902,A,33424932,GNU C++11,WRONG_ANSWER,2809,1513700509,devendra_sharma,CONTESTANT,CHALLENGES,0,15,2048000
902,B,33426746,GNU C++11,OK,3414,1513701114,devendra_sharma,CONTESTANT,TESTS,50,46,2150400
902,C,33433626,GNU C++11,WRONG_ANSWER,6393,1513704093,devendra_sharma,CONTESTANT,PRETESTS,4,15,3686400
902,C,33434135,GNU C++11,WRONG_ANSWER,6640,1513704340,devendra_sharma,CONTESTANT,PRETESTS,4,0,6041600
902,A,33434402,GNU C++11,OK,6757,1513704457,devendra_sharma,CONTESTANT,TESTS,55,15,2048000
902,A,33413905,C++14 (GCC 6-32),WRONG_ANSWER,472,1513698172,devil202,CONTESTANT,PRETESTS,2,15,1945600
902,A,33415771,C++14 (GCC 6-32),WRONG_ANSWER,761,1513698461,devil202,CONTESTANT,PRETESTS,2,15,1843200
902,A,33418098,C++14 (GCC 6-32),WRONG_ANSWER,1131,1513698831,devil202,CONTESTANT,PRETESTS,4,15,1945600
902,A,33419802,C++14 (GCC 6-32),WRONG_ANSWER,1468,1513699168,devil202,CONTESTANT,PRETESTS,4,15,1843200
902,A,33420872,C++14 (GCC 6-32),WRONG_ANSWER,1714,1513699414,devil202,CONTESTANT,PRETESTS,4,15,1843200
902,A,33417398,GNU C++,WRONG_ANSWER,1014,1513698714,devils_hearth,CONTESTANT,PRETESTS,1,15,2048000
902,A,33420621,GNU C++,WRONG_ANSWER,1653,1513699353,devils_hearth,CONTESTANT,PRETESTS,1,0,2048000
902,A,33421162,GNU C++,WRONG_ANSWER,1785,1513699485,devils_hearth,CONTESTANT,PRETESTS,1,15,2048000
902,A,33422105,GNU C++,WRONG_ANSWER,2014,1513699714,devils_hearth,CONTESTANT,PRETESTS,1,0,2048000
902,A,33424259,GNU C++,WRONG_ANSWER,2612,1513700312,devils_hearth,CONTESTANT,PRETESTS,1,15,2048000
902,A,33421556,C++14 (GCC 6-32),WRONG_ANSWER,1872,1513699582,devilunicorn,CONTESTANT,PRETESTS,2,15,1843200
902,A,33421808,C++14 (GCC 6-32),WRONG_ANSWER,1931,1513699641,devilunicorn,CONTESTANT,PRETESTS,2,15,1843200
902,A,33431217,C++14 (GCC 6-32),WRONG_ANSWER,5214,1513702925,devilunicorn,CONTESTANT,PRETESTS,2,15,1843200
902,A,33421349,C++14 (GCC 6-32),WRONG_ANSWER,1831,1513699531,devkalra,CONTESTANT,PRETESTS,3,15,2048000
902,A,33422560,C++14 (GCC 6-32),OK,2141,1513699841,devkalra,CONTESTANT,TESTS,55,15,2048000
902,A,33420845,GNU C++,WRONG_ANSWER,1708,1513699408,devoneng,CONTESTANT,PRETESTS,0,0,2048000
902,A,33421049,GNU C++11,WRONG_ANSWER,1757,1513699457,devoneng,CONTESTANT,PRETESTS,0,15,2048000
902,A,33421562,GNU C++11,WRONG_ANSWER,1884,1513699584,devoneng,CONTESTANT,PRETESTS,2,15,2048000
902,A,33413413,C++14 (GCC 6-32),WRONG_ANSWER,377,1513698088,dewitast,CONTESTANT,PRETESTS,3,15,2048000
902,A,33416078,C++14 (GCC 6-32),OK,792,1513698503,dewitast,CONTESTANT,TESTS,55,15,1945600
902,B,33418960,C++14 (GCC 6-32),OK,1287,1513698998,dewitast,CONTESTANT,TESTS,50,46,2560000
902,C,33423346,C++14 (GCC 6-32),WRONG_ANSWER,2353,1513700063,dewitast,CONTESTANT,PRETESTS,6,15,2252800
902,D,33427945,C++14 (GCC 6-32),WRONG_ANSWER,3845,1513701555,dewitast,CONTESTANT,PRETESTS,2,15,1843200
902,D,33430521,C++14 (GCC 6-32),SKIPPED,4899,1513702610,dewitast,CONTESTANT,PRETESTS,10,15,1945600
902,D,33432413,C++14 (GCC 6-32),OK,5809,1513703519,dewitast,CONTESTANT,TESTS,150,15,1945600
902,C,33432550,C++14 (GCC 6-32),WRONG_ANSWER,5883,1513703594,dewitast,CONTESTANT,PRETESTS,6,15,2662400
902,C,33433433,C++14 (GCC 6-32),OK,6299,1513704009,dewitast,CONTESTANT,TESTS,45,171,2662400
902,A,33415033,C++14 (GCC 6-32),WRONG_ANSWER,641,1513698352,dexter_7991,CONTESTANT,PRETESTS,3,0,1843200
902,A,33416959,C++14 (GCC 6-32),OK,928,1513698638,dexter_7991,CONTESTANT,TESTS,55,15,1843200
902,B,33420123,C++14 (GCC 6-32),OK,1529,1513699240,dexter_7991,CONTESTANT,TESTS,50,31,22323200
902,C,33430068,C++14 (GCC 6-32),WRONG_ANSWER,4717,1513702428,dexter_7991,CONTESTANT,PRETESTS,3,15,2252800
902,C,33432141,C++14 (GCC 6-32),WRONG_ANSWER,5675,1513703386,dexter_7991,CONTESTANT,PRETESTS,3,15,2252800
902,C,33432411,C++14 (GCC 6-32),WRONG_ANSWER,5809,1513703519,dexter_7991,CONTESTANT,PRETESTS,3,15,2252800
902,C,33433160,C++14 (GCC 6-32),WRONG_ANSWER,6178,1513703888,dexter_7991,CONTESTANT,PRETESTS,3,0,2252800
902,C,33433670,C++14 (GCC 6-32),WRONG_ANSWER,6401,1513704112,dexter_7991,CONTESTANT,PRETESTS,3,15,2252800
902,A,33417000,C++14 (GCC 6-32),RUNTIME_ERROR,944,1513698644,dharmilp,CONTESTANT,PRETESTS,2,30,1945600
902,A,33419616,C++14 (GCC 6-32),WRONG_ANSWER,1434,1513699134,dharmilp,CONTESTANT,PRETESTS,2,15,3072000
902,A,33422110,C++14 (GCC 6-32),WRONG_ANSWER,2016,1513699716,dharmilp,CONTESTANT,PRETESTS,0,0,2252800
902,A,33422559,C++14 (GCC 6-32),OK,2141,1513699841,dharmilp,CONTESTANT,TESTS,55,15,2252800
902,B,33426644,C++14 (GCC 6-32),OK,3381,1513701081,dharmilp,CONTESTANT,TESTS,50,15,2662400
902,C,33432382,C++14 (GCC 6-32),OK,5803,1513703503,dharmilp,CONTESTANT,TESTS,45,124,10035200
902,D,33434739,C++14 (GCC 6-32),WRONG_ANSWER,6903,1513704603,dharmilp,CONTESTANT,PRETESTS,3,15,1843200
902,A,33417998,Java 8,WRONG_ANSWER,1117,1513698817,dhatra1,CONTESTANT,PRETESTS,4,140,20992000
902,A,33428209,Java 8,OK,3949,1513701659,dhatra1,CONTESTANT,TESTS,55,171,20992000
902,A,33417460,C++14 (GCC 6-32),OK,1025,1513698725,dheeraj_1997,CONTESTANT,TESTS,55,15,1945600
902,B,33419513,C++14 (GCC 6-32),TIME_LIMIT_EXCEEDED,1410,1513699110,dheeraj_1997,CONTESTANT,PRETESTS,5,1000,2457600
902,B,33419937,C++14 (GCC 6-32),OK,1497,1513699197,dheeraj_1997,CONTESTANT,TESTS,50,31,2560000
902,C,33428974,C++14 (GCC 6-32),WRONG_ANSWER,4268,1513701968,dheeraj_1997,CONTESTANT,PRETESTS,1,15,2662400
902,C,33429903,C++14 (GCC 6-32),OK,4649,1513702349,dheeraj_1997,CONTESTANT,TESTS,45,93,5324800
902,D,33434379,C++14 (GCC 6-32),WRONG_ANSWER,6749,1513704449,dheeraj_1997,CONTESTANT,PRETESTS,2,15,1843200
902,D,33434687,C++14 (GCC 6-32),WRONG_ANSWER,6882,1513704582,dheeraj_1997,CONTESTANT,PRETESTS,2,15,1843200
902,D,33434772,C++14 (GCC 6-32),WRONG_ANSWER,6919,1513704619,dheeraj_1997,CONTESTANT,PRETESTS,2,15,1945600
902,D,33435114,C++14 (GCC 6-32),WRONG_ANSWER,7037,1513704737,dheeraj_1997,CONTESTANT,PRETESTS,2,15,1843200
902,A,33420348,C++14 (GCC 6-32),WRONG_ANSWER,1587,1513699287,dhiabouacida,CONTESTANT,PRETESTS,1,15,1843200
902,B,33425140,C++14 (GCC 6-32),WRONG_ANSWER,2873,1513700573,dhiabouacida,CONTESTANT,PRETESTS,1,15,1843200
902,A,33413238,GNU C++11,WRONG_ANSWER,357,1513698057,dhr_1,CONTESTANT,PRETESTS,4,15,2048000
902,A,33413897,GNU C++11,WRONG_ANSWER,470,1513698170,dhr_1,CONTESTANT,PRETESTS,4,15,2048000
902,A,33417267,GNU C++11,WRONG_ANSWER,993,1513698693,dhr_1,CONTESTANT,PRETESTS,4,15,2048000
902,A,33420239,GNU C++11,WRONG_ANSWER,1567,1513699267,dhr_1,CONTESTANT,PRETESTS,4,15,2048000
902,A,33423917,C++14 (GCC 6-32),WRONG_ANSWER,2514,1513700224,dhr_1,CONTESTANT,PRETESTS,5,15,1945600
902,A,33417801,C++14 (GCC 6-32),OK,1084,1513698784,dhruv23899,CONTESTANT,TESTS,55,15,1945600
902,A,33415385,GNU C++11,OK,704,1513698404,dhruval161,CONTESTANT,TESTS,55,15,2048000
902,B,33419639,GNU C++11,OK,1436,1513699136,dhruval161,CONTESTANT,TESTS,50,46,2560000
902,C,33424817,GNU C++11,WRONG_ANSWER,2776,1513700476,dhruval161,CONTESTANT,PRETESTS,1,15,2048000
902,C,33426733,GNU C++11,WRONG_ANSWER,3410,1513701110,dhruval161,CONTESTANT,PRETESTS,5,15,2048000
902,C,33427635,GNU C++11,OK,3742,1513701442,dhruval161,CONTESTANT,TESTS,45,327,2457600
902,D,33432212,GNU C++11,WRONG_ANSWER,5717,1513703417,dhruval161,CONTESTANT,PRETESTS,4,15,2048000
902,A,33414071,C++14 (GCC 6-32),WRONG_ANSWER,501,1513698201,dhruvsomani,CONTESTANT,PRETESTS,3,15,1843200
902,A,33414824,C++14 (GCC 6-32),OK,617,1513698317,dhruvsomani,CONTESTANT,TESTS,55,15,1945600
902,B,33417930,C++14 (GCC 6-32),OK,1106,1513698806,dhruvsomani,CONTESTANT,TESTS,50,31,2560000
902,A,33413388,C++14 (GCC 6-32),WRONG_ANSWER,382,1513698082,dhruvumesh25,CONTESTANT,PRETESTS,3,15,1843200
902,A,33413818,C++14 (GCC 6-32),OK,457,1513698157,dhruvumesh25,CONTESTANT,TESTS,55,15,1945600
902,B,33418037,C++14 (GCC 6-32),OK,1123,1513698823,dhruvumesh25,CONTESTANT,TESTS,50,31,2560000
902,C,33423056,C++14 (GCC 6-32),OK,2277,1513699977,dhruvumesh25,CONTESTANT,TESTS,45,109,2252800
902,A,33425852,GNU C++,WRONG_ANSWER,3106,1513700806,diOOi_,CONTESTANT,PRETESTS,2,0,3686400
902,A,33413549,C++14 (GCC 6-32),OK,413,1513698113,dickynovanto1103,CONTESTANT,TESTS,55,15,1843200
902,B,33419970,C++14 (GCC 6-32),OK,1507,1513699207,dickynovanto1103,CONTESTANT,TESTS,50,15,2457600
902,C,33427483,C++14 (GCC 6-32),WRONG_ANSWER,3687,1513701387,dickynovanto1103,CONTESTANT,PRETESTS,3,15,7987200
902,C,33428351,C++14 (GCC 6-32),WRONG_ANSWER,4010,1513701710,dickynovanto1103,CONTESTANT,PRETESTS,5,15,7987200
902,C,33429567,C++14 (GCC 6-32),SKIPPED,4514,1513702214,dickynovanto1103,CONTESTANT,PRETESTS,13,31,7987200
902,C,33429941,C++14 (GCC 6-32),WRONG_ANSWER,4669,1513702369,dickynovanto1103,CONTESTANT,TESTS,37,140,14950400
902,A,33413681,Java 8,WRONG_ANSWER,436,1513698136,diego.link,CONTESTANT,TESTS,47,140,20684800
902,B,33422834,Java 8,OK,2219,1513699919,diego.link,CONTESTANT,TESTS,50,155,20787200
902,C,33429559,Java 8,WRONG_ANSWER,4513,1513702213,diego.link,CONTESTANT,PRETESTS,4,109,20684800
902,C,33429816,Java 8,OK,4622,1513702322,diego.link,CONTESTANT,TESTS,45,1294,31436800
902,A,33413340,C++14 (GCC 6-32),WRONG_ANSWER,364,1513698074,dieumerci,CONTESTANT,PRETESTS,1,15,33996800
902,A,33414544,C++14 (GCC 6-32),WRONG_ANSWER,564,1513698275,dieumerci,CONTESTANT,PRETESTS,1,0,25907200
902,A,33414874,C++14 (GCC 6-32),WRONG_ANSWER,616,1513698327,dieumerci,CONTESTANT,PRETESTS,1,15,25907200
902,A,33416477,C++14 (GCC 6-32),WRONG_ANSWER,854,1513698564,dieumerci,CONTESTANT,TESTS,41,15,25907200
902,B,33420329,C++14 (GCC 6-32),WRONG_ANSWER,1572,1513699283,dieumerci,CONTESTANT,PRETESTS,2,15,37990400
902,B,33422685,C++14 (GCC 6-32),OK,2167,1513699878,dieumerci,CONTESTANT,TESTS,50,30,38502400
902,A,33422811,C++14 (GCC 6-32),WRONG_ANSWER,2212,1513699912,dileepmatha,CONTESTANT,PRETESTS,2,15,1843200
902,B,33425489,C++14 (GCC 6-32),WRONG_ANSWER,2987,1513700687,dileepmatha,CONTESTANT,PRETESTS,0,0,1945600
902,A,33425854,C++14 (GCC 6-32),WRONG_ANSWER,3106,1513700807,dileepmatha,CONTESTANT,PRETESTS,2,15,1843200
902,A,33426801,C++14 (GCC 6-32),WRONG_ANSWER,3436,1513701136,dileepmatha,CONTESTANT,PRETESTS,2,15,1945600
902,A,33429627,C++14 (GCC 6-32),WRONG_ANSWER,4533,1513702244,dileepmatha,CONTESTANT,PRETESTS,2,0,1945600
902,A,33430937,GNU C++17 Diagnostics,SKIPPED,5085,1513702785,dileepmatha,CONTESTANT,PRETESTS,8,795,99020800
902,A,33434681,GNU C++17 Diagnostics,OK,6877,1513704577,dileepmatha,CONTESTANT,TESTS,55,826,100044800
902,A,33418301,GNU C++11,COMPILATION_ERROR,1167,1513698867,dilipr,CONTESTANT,PRETESTS,0,0,0
902,A,33421534,GNU C++11,COMPILATION_ERROR,1876,1513699576,dilipr,CONTESTANT,PRETESTS,0,0,0
902,A,33421680,Python 2,WRONG_ANSWER,1910,1513699610,dilipr,CONTESTANT,PRETESTS,4,61,4608000
902,A,33422133,Python 2,WRONG_ANSWER,2022,1513699722,dilipr,CONTESTANT,PRETESTS,4,46,4505600
902,A,33423846,Python 2,WRONG_ANSWER,2501,1513700201,dilipr,CONTESTANT,PRETESTS,4,46,4608000
902,A,33424245,Python 2,CHALLENGED,2608,1513700308,dilipr,CONTESTANT,CHALLENGES,8,62,4608000
902,C,33419748,Java 8,OK,1456,1513699156,dimka,CONTESTANT,TESTS,45,327,21196800
902,A,33426983,Java 8,OK,3497,1513701197,dimka,CONTESTANT,TESTS,55,156,21094400
902,B,33428954,Java 8,OK,4260,1513701960,dimka,CONTESTANT,TESTS,50,202,21196800
902,A,33417956,FPC,CHALLENGED,1109,1513698809,dinhquyduc13021,CONTESTANT,CHALLENGES,8,15,2867200
902,B,33418847,C++14 (GCC 6-32),OK,1271,1513698971,dioji,CONTESTANT,TESTS,50,46,4300800
902,A,33420051,C++14 (GCC 6-32),OK,1524,1513699224,dioji,CONTESTANT,TESTS,55,15,2662400
902,C,33425853,C++14 (GCC 6-32),WRONG_ANSWER,3106,1513700806,dioji,CONTESTANT,PRETESTS,1,15,6348800
902,C,33426405,C++14 (GCC 6-32),OK,3291,1513700991,dioji,CONTESTANT,TESTS,45,140,6348800
902,D,33435585,C++14 (GCC 6-32),WRONG_ANSWER,7181,1513704881,dioji,CONTESTANT,PRETESTS,0,15,3481600
902,A,33422131,GNU C++,WRONG_ANSWER,2022,1513699722,dipa,CONTESTANT,PRETESTS,1,15,2048000
902,A,33423639,GNU C++,WRONG_ANSWER,2443,1513700143,dipa,CONTESTANT,PRETESTS,2,15,2048000
902,A,33417047,Java 8,WRONG_ANSWER,953,1513698653,dipankar12,CONTESTANT,PRETESTS,2,124,20582400
902,A,33418401,Java 8,WRONG_ANSWER,1184,1513698884,dipankar12,CONTESTANT,PRETESTS,4,109,20684800
902,A,33419754,Java 8,WRONG_ANSWER,1457,1513699157,dipankar12,CONTESTANT,PRETESTS,4,109,20684800
902,A,33420402,Java 8,WRONG_ANSWER,1601,1513699301,dipankar12,CONTESTANT,PRETESTS,4,124,20684800
902,A,33427608,GNU C,COMPILATION_ERROR,3732,1513701432,dishulka,CONTESTANT,PRETESTS,0,0,0
902,A,33427698,Python 3,OK,3766,1513701466,dishulka,CONTESTANT,TESTS,55,62,5632000
902,A,33418399,GNU C++17 Diagnostics,OK,1184,1513698884,dissinger_1092,CONTESTANT,TESTS,55,841,100249600
902,A,33421990,C++14 (GCC 6-32),WRONG_ANSWER,1990,1513699690,divman78,CONTESTANT,PRETESTS,5,15,1945600
902,A,33422900,C++14 (GCC 6-32),WRONG_ANSWER,2234,1513699934,divman78,CONTESTANT,PRETESTS,4,15,1945600
902,A,33425325,C++14 (GCC 6-32),WRONG_ANSWER,2935,1513700635,divman78,CONTESTANT,PRETESTS,5,15,1945600
902,A,33427768,GNU C,WRONG_ANSWER,3793,1513701493,divya123_1998,CONTESTANT,PRETESTS,2,0,1843200
902,A,33429551,GNU C,WRONG_ANSWER,4510,1513702210,divya123_1998,CONTESTANT,PRETESTS,2,15,1843200
902,A,33429918,GNU C,WRONG_ANSWER,4658,1513702358,divya123_1998,CONTESTANT,PRETESTS,2,0,1843200
902,A,33414195,C++14 (GCC 6-32),OK,518,1513698218,divyansh1802,CONTESTANT,TESTS,55,15,1945600
902,B,33429242,C++14 (GCC 6-32),OK,4372,1513702072,divyansh1802,CONTESTANT,TESTS,50,452,134041600
902,A,33415064,C++14 (GCC 6-32),WRONG_ANSWER,656,1513698356,divyansh_gaba7,CONTESTANT,TESTS,47,15,1945600
902,B,33416815,C++14 (GCC 6-32),OK,917,1513698617,divyansh_gaba7,CONTESTANT,TESTS,50,31,2560000
902,C,33423214,C++14 (GCC 6-32),OK,2325,1513700025,divyansh_gaba7,CONTESTANT,TESTS,45,93,3891200
902,A,33413148,C++14 (GCC 6-32),OK,339,1513698039,dkt,CONTESTANT,TESTS,55,31,37785600
902,B,33417997,C++14 (GCC 6-32),OK,1117,1513698817,dkt,CONTESTANT,TESTS,50,31,37990400
902,C,33427740,C++14 (GCC 6-32),OK,3785,1513701485,dkt,CONTESTANT,TESTS,45,108,41779200
902,D,33435273,C++14 (GCC 6-32),WRONG_ANSWER,7095,1513704795,dkt,CONTESTANT,PRETESTS,2,15,45977600
902,A,33421295,C++14 (GCC 6-32),OK,1818,1513699518,dmh1528,CONTESTANT,TESTS,55,15,4096000
902,B,33426922,C++14 (GCC 6-32),OK,3477,1513701177,dmh1528,CONTESTANT,TESTS,50,15,20480000
902,C,33433062,C++14 (GCC 6-32),WRONG_ANSWER,6140,1513703840,dmh1528,CONTESTANT,PRETESTS,1,15,19968000
902,C,33435167,C++14 (GCC 6-32),WRONG_ANSWER,7059,1513704759,dmh1528,CONTESTANT,PRETESTS,1,0,19968000
902,C,33435517,C++14 (GCC 6-32),WRONG_ANSWER,7167,1513704867,dmh1528,CONTESTANT,PRETESTS,1,0,19968000
902,A,33417042,Java 8,WRONG_ANSWER,951,1513698651,dmitriy0712,CONTESTANT,PRETESTS,4,124,20992000
902,A,33417916,Java 8,OK,1103,1513698803,dmitriy0712,CONTESTANT,TESTS,55,155,20992000
902,B,33425573,Java 8,OK,3016,1513700716,dmitriy0712,CONTESTANT,TESTS,50,186,21094400
902,C,33432854,Java 8,WRONG_ANSWER,6041,1513703741,dmitriy0712,CONTESTANT,PRETESTS,1,124,20992000
902,C,33433024,Java 8,WRONG_ANSWER,6119,1513703819,dmitriy0712,CONTESTANT,PRETESTS,3,140,20992000
902,C,33434018,Java 8,OK,6590,1513704290,dmitriy0712,CONTESTANT,TESTS,45,1325,21606400
902,A,33419328,GNU C++11,WRONG_ANSWER,1371,1513699071,dmmmmmm,CONTESTANT,PRETESTS,2,0,2048000
902,A,33421157,GNU C++11,OK,1784,1513699484,dmmmmmm,CONTESTANT,TESTS,55,15,2048000
902,B,33429010,GNU C++11,WRONG_ANSWER,4283,1513701983,dmmmmmm,CONTESTANT,PRETESTS,5,46,2150400
902,B,33430495,GNU C++11,WRONG_ANSWER,4900,1513702600,dmmmmmm,CONTESTANT,PRETESTS,8,31,2150400
902,B,33430785,GNU C++11,WRONG_ANSWER,5029,1513702729,dmmmmmm,CONTESTANT,PRETESTS,0,0,2150400
902,B,33430885,GNU C++11,WRONG_ANSWER,5066,1513702766,dmmmmmm,CONTESTANT,PRETESTS,8,31,2150400
902,B,33431335,GNU C++11,WRONG_ANSWER,5280,1513702980,dmmmmmm,CONTESTANT,PRETESTS,5,31,2150400
902,B,33432975,GNU C++11,OK,6097,1513703797,dmmmmmm,CONTESTANT,TESTS,50,46,2150400
902,A,33413492,C++14 (GCC 6-32),OK,391,1513698101,dnmehta,CONTESTANT,TESTS,55,15,1945600
902,B,33423037,C++14 (GCC 6-32),OK,2262,1513699972,dnmehta,CONTESTANT,TESTS,50,296,2560000
902,C,33429588,C++14 (GCC 6-32),OK,4516,1513702226,dnmehta,CONTESTANT,TESTS,45,155,3891200
902,D,33433760,C++14 (GCC 6-32),WRONG_ANSWER,6444,1513704154,dnmehta,CONTESTANT,PRETESTS,2,15,1945600
902,A,33419208,GNU C++,WRONG_ANSWER,1351,1513699051,dnmt008,CONTESTANT,PRETESTS,3,15,2048000
902,A,33422326,GNU C++,OK,2072,1513699772,dnmt008,CONTESTANT,TESTS,55,30,2048000
902,B,33424103,GNU C++,OK,2571,1513700271,dnmt008,CONTESTANT,TESTS,50,15,2560000
902,C,33426097,GNU C++,OK,3187,1513700887,dnmt008,CONTESTANT,TESTS,45,108,13926400
902,A,33413527,GNU C++,WRONG_ANSWER,409,1513698109,donqt,CONTESTANT,PRETESTS,2,15,2048000
902,A,33425628,GNU C++,TIME_LIMIT_EXCEEDED,3031,1513700731,donqt,CONTESTANT,PRETESTS,7,1000,2048000
902,A,33426115,GNU C++,TIME_LIMIT_EXCEEDED,3193,1513700893,donqt,CONTESTANT,PRETESTS,7,1000,2048000
902,A,33430427,GNU C++,CHALLENGED,4869,1513702569,donqt,CONTESTANT,CHALLENGES,8,15,2048000
902,A,33415778,C++14 (GCC 6-32),WRONG_ANSWER,762,1513698462,doraemonrobocat,CONTESTANT,PRETESTS,3,15,1945600
902,A,33416577,C++14 (GCC 6-32),OK,880,1513698580,doraemonrobocat,CONTESTANT,TESTS,55,15,1945600
902,B,33422277,C++14 (GCC 6-32),OK,2058,1513699758,doraemonrobocat,CONTESTANT,TESTS,50,46,3993600
902,A,33419317,GNU C++11,WRONG_ANSWER,1359,1513699070,dot_0,CONTESTANT,PRETESTS,4,15,2048000
902,A,33422873,GNU C++11,WRONG_ANSWER,2227,1513699927,dot_0,CONTESTANT,PRETESTS,5,15,2048000
902,A,33425167,GNU C++11,WRONG_ANSWER,2881,1513700581,dot_0,CONTESTANT,PRETESTS,4,15,2048000
902,A,33427700,GNU C++11,OK,3767,1513701467,dot_0,CONTESTANT,TESTS,55,15,2150400
902,B,33433073,GNU C++11,OK,6145,1513703845,dot_0,CONTESTANT,TESTS,50,265,2662400
902,A,33416574,GNU C++11,WRONG_ANSWER,880,1513698580,dotsWillConnect,CONTESTANT,PRETESTS,2,0,2048000
902,A,33417564,GNU C++11,WRONG_ANSWER,1043,1513698743,dotsWillConnect,CONTESTANT,PRETESTS,2,15,2048000
902,A,33419525,GNU C++11,WRONG_ANSWER,1415,1513699115,dotsWillConnect,CONTESTANT,PRETESTS,2,15,2048000
902,A,33420244,GNU C++11,WRONG_ANSWER,1568,1513699268,dotsWillConnect,CONTESTANT,PRETESTS,2,15,2048000
902,A,33422610,GNU C++11,WRONG_ANSWER,2157,1513699857,dotsWillConnect,CONTESTANT,PRETESTS,2,0,2048000
902,A,33427617,GNU C++11,OK,3736,1513701436,dotsWillConnect,CONTESTANT,TESTS,55,15,2150400
902,A,33412987,C++14 (GCC 6-32),WRONG_ANSWER,306,1513698006,dotuansondn,CONTESTANT,PRETESTS,2,0,1945600
902,A,33414574,C++14 (GCC 6-32),WRONG_ANSWER,580,1513698280,dotuansondn,CONTESTANT,PRETESTS,1,15,1843200
902,A,33420020,C++14 (GCC 6-32),WRONG_ANSWER,1517,1513699217,dotuansondn,CONTESTANT,PRETESTS,2,15,1945600
902,A,33421640,C++14 (GCC 6-32),WRONG_ANSWER,1901,1513699601,dotuansondn,CONTESTANT,PRETESTS,3,15,1945600
902,A,33422112,C++14 (GCC 6-32),COMPILATION_ERROR,2016,1513699716,dotuansondn,CONTESTANT,PRETESTS,0,0,0
902,A,33422229,C++14 (GCC 6-32),OK,2045,1513699745,dotuansondn,CONTESTANT,TESTS,55,15,1945600
902,B,33426063,C++14 (GCC 6-32),OK,3175,1513700875,dotuansondn,CONTESTANT,TESTS,50,265,2867200
902,C,33432365,C++14 (GCC 6-32),WRONG_ANSWER,5792,1513703492,dotuansondn,CONTESTANT,PRETESTS,1,15,2662400
902,C,33432491,C++14 (GCC 6-32),WRONG_ANSWER,5859,1513703559,dotuansondn,CONTESTANT,PRETESTS,3,15,2662400
902,C,33434128,C++14 (GCC 6-32),WRONG_ANSWER,6637,1513704337,dotuansondn,CONTESTANT,PRETESTS,3,15,4300800
902,C,33435684,C++14 (GCC 6-32),WRONG_ANSWER,7199,1513704899,dotuansondn,CONTESTANT,PRETESTS,7,15,4300800
902,A,33422648,GNU C++11,WRONG_ANSWER,2168,1513699868,doubleZero100,CONTESTANT,PRETESTS,2,30,2048000
902,A,33412920,C++14 (GCC 6-32),OK,289,1513697989,dprokopenko,CONTESTANT,TESTS,55,15,1945600
902,B,33416888,C++14 (GCC 6-32),OK,928,1513698628,dprokopenko,CONTESTANT,TESTS,50,15,2764800
902,C,33422709,C++14 (GCC 6-32),OK,2184,1513699884,dprokopenko,CONTESTANT,TESTS,45,77,2662400
902,A,33419666,GNU C++,OK,1443,1513699143,dragonn,CONTESTANT,TESTS,55,15,2048000
902,A,33423496,Python 2,WRONG_ANSWER,2405,1513700105,dragonwarrior,CONTESTANT,PRETESTS,5,61,4608000
902,A,33412897,GNU C++11,WRONG_ANSWER,284,1513697984,dramatico,CONTESTANT,PRETESTS,2,0,2048000
902,A,33413840,GNU C++11,OK,461,1513698161,dramatico,CONTESTANT,TESTS,55,15,2048000
902,B,33415927,GNU C++11,OK,781,1513698481,dramatico,CONTESTANT,TESTS,50,31,2457600
902,C,33423423,GNU C++11,OK,2384,1513700084,dramatico,CONTESTANT,TESTS,45,264,3993600
902,D,33433866,GNU C++11,OK,6506,1513704206,dramatico,CONTESTANT,TESTS,150,30,2048000
902,A,33415198,C++14 (GCC 6-32),WRONG_ANSWER,666,1513698376,drastogi21,CONTESTANT,PRETESTS,4,15,1945600
902,A,33416089,C++14 (GCC 6-32),WRONG_ANSWER,794,1513698504,drastogi21,CONTESTANT,PRETESTS,4,15,1843200
902,A,33417477,C++14 (GCC 6-32),WRONG_ANSWER,1018,1513698728,drastogi21,CONTESTANT,PRETESTS,4,15,1945600
902,B,33423216,C++14 (GCC 6-32),OK,2315,1513700025,drastogi21,CONTESTANT,TESTS,50,30,3379200
902,C,33432368,C++14 (GCC 6-32),OK,5783,1513703494,drastogi21,CONTESTANT,TESTS,45,77,5836800
902,A,33433790,C++14 (GCC 6-32),WRONG_ANSWER,6456,1513704166,drastogi21,CONTESTANT,PRETESTS,4,15,1843200
902,A,33416234,C++14 (GCC 6-32),OK,816,1513698526,dreamondreamer,CONTESTANT,TESTS,55,15,1945600
902,A,33427070,Java 8,OK,3534,1513701234,dreamz,CONTESTANT,TESTS,55,171,20992000
902,B,33430742,Java 8,OK,5011,1513702711,dreamz,CONTESTANT,TESTS,50,217,21196800
902,C,33434479,C++14 (GCC 6-32),OK,6796,1513704496,dreamz,CONTESTANT,TESTS,45,108,6758400
902,A,33418650,GNU C++11,WRONG_ANSWER,1234,1513698934,drinkwaterknow,CONTESTANT,PRETESTS,4,15,2048000
902,A,33424379,GNU C++11,WRONG_ANSWER,2647,1513700347,drinkwaterknow,CONTESTANT,PRETESTS,0,0,2048000
902,A,33428105,GNU C++11,WRONG_ANSWER,3918,1513701618,drinkwaterknow,CONTESTANT,PRETESTS,0,15,2048000
902,A,33430564,GNU C++11,WRONG_ANSWER,4931,1513702631,drinkwaterknow,CONTESTANT,PRETESTS,0,0,2048000
902,A,33430907,GNU C++11,TIME_LIMIT_EXCEEDED,5074,1513702774,drinkwaterknow,CONTESTANT,PRETESTS,7,1000,2048000
902,A,33431367,GNU C++11,TIME_LIMIT_EXCEEDED,5296,1513702996,drinkwaterknow,CONTESTANT,PRETESTS,7,1000,2048000
902,A,33432113,GNU C++11,TIME_LIMIT_EXCEEDED,5672,1513703372,drinkwaterknow,CONTESTANT,PRETESTS,7,1000,2048000
902,A,33433367,GNU C++11,TIME_LIMIT_EXCEEDED,6279,1513703979,drinkwaterknow,CONTESTANT,TESTS,12,1000,2048000
902,A,33417724,Java 8,WRONG_ANSWER,1071,1513698771,drjaat,CONTESTANT,PRETESTS,2,108,20684800
902,A,33419203,Java 8,WRONG_ANSWER,1350,1513699050,drjaat,CONTESTANT,PRETESTS,2,124,20582400
902,A,33420052,Java 8,RUNTIME_ERROR,1524,1513699224,drjaat,CONTESTANT,PRETESTS,0,124,20684800
902,A,33420456,Java 8,WRONG_ANSWER,1615,1513699315,drjaat,CONTESTANT,PRETESTS,2,109,20684800
902,A,33422299,Java 8,WRONG_ANSWER,2064,1513699764,drjaat,CONTESTANT,PRETESTS,3,109,20582400
902,A,33423634,Java 8,WRONG_ANSWER,2441,1513700141,drjaat,CONTESTANT,PRETESTS,3,124,20582400
902,A,33425169,Java 8,WRONG_ANSWER,2882,1513700582,drjaat,CONTESTANT,PRETESTS,2,124,20684800
902,A,33425821,Java 8,WRONG_ANSWER,3095,1513700795,drjaat,CONTESTANT,PRETESTS,2,109,20582400
902,A,33426935,Java 8,WRONG_ANSWER,3481,1513701181,drjaat,CONTESTANT,PRETESTS,3,124,20684800
902,A,33432807,Java 8,CHALLENGED,6017,1513703717,drjaat,CONTESTANT,CHALLENGES,8,124,20684800
902,A,33419267,GNU C++11,WRONG_ANSWER,1352,1513699062,drunk_philosopher,CONTESTANT,PRETESTS,3,15,2048000
902,A,33419831,GNU C++11,WRONG_ANSWER,1474,1513699174,drunk_philosopher,CONTESTANT,PRETESTS,3,15,2048000
902,A,33420622,GNU C++11,WRONG_ANSWER,1653,1513699353,drunk_philosopher,CONTESTANT,PRETESTS,4,15,2048000
902,B,33434727,GNU C++11,OK,6898,1513704598,drunk_philosopher,CONTESTANT,TESTS,50,265,2355200
902,A,33416456,MS C++,WRONG_ANSWER,848,1513698559,dsesok,CONTESTANT,PRETESTS,2,15,2048000
902,A,33420549,MS C++,OK,1627,1513699337,dsesok,CONTESTANT,TESTS,55,15,2048000
902,A,33412937,GNU C++11,WRONG_ANSWER,295,1513697995,dsweg,CONTESTANT,PRETESTS,2,0,2048000
902,A,33417772,GNU C++11,WRONG_ANSWER,1079,1513698779,dsweg,CONTESTANT,PRETESTS,2,15,2048000
902,B,33424712,GNU C++11,OK,2747,1513700447,dsweg,CONTESTANT,TESTS,50,62,2867200
902,C,33428252,GNU C++11,OK,3974,1513701674,dsweg,CONTESTANT,TESTS,45,358,6860800
902,A,33429377,GNU C++11,OK,4430,1513702130,dsweg,CONTESTANT,TESTS,55,15,2048000
902,D,33434875,GNU C++11,OK,6959,1513704659,dsweg,CONTESTANT,TESTS,150,30,2150400
902,A,33418002,Python 3,OK,1118,1513698818,dsy,CONTESTANT,TESTS,55,62,5529600
902,A,33415442,FPC,WRONG_ANSWER,712,1513698412,duckl1ng,CONTESTANT,PRETESTS,2,15,1638400
902,A,33417107,FPC,WRONG_ANSWER,964,1513698664,duckl1ng,CONTESTANT,PRETESTS,2,15,1638400
902,A,33413408,C++14 (GCC 6-32),WRONG_ANSWER,386,1513698086,duckmoon99,CONTESTANT,PRETESTS,1,0,1945600
902,A,33415832,C++14 (GCC 6-32),OK,768,1513698468,duckmoon99,CONTESTANT,TESTS,55,15,1945600
902,B,33419197,C++14 (GCC 6-32),OK,1349,1513699049,duckmoon99,CONTESTANT,TESTS,50,31,2457600
902,C,33426165,C++14 (GCC 6-32),OK,3210,1513700910,duckmoon99,CONTESTANT,TESTS,45,109,9011200
902,A,33418695,C++14 (GCC 6-32),OK,1241,1513698941,dumb_ape,CONTESTANT,TESTS,55,15,1945600
902,B,33427814,C++14 (GCC 6-32),OK,3809,1513701509,dumb_ape,CONTESTANT,TESTS,50,312,2560000
902,A,33419784,C++14 (GCC 6-32),OK,1464,1513699164,dumbass93,CONTESTANT,TESTS,55,15,1945600
902,B,33427734,C++14 (GCC 6-32),OK,3783,1513701483,dumbass93,CONTESTANT,TESTS,50,218,2355200
902,C,33431502,C++14 (GCC 6-32),OK,5364,1513703064,dumbass93,CONTESTANT,TESTS,45,156,3891200
902,A,33413100,C++14 (GCC 6-32),WRONG_ANSWER,331,1513698031,dummkopf,CONTESTANT,PRETESTS,2,0,3481600
902,A,33413937,C++14 (GCC 6-32),WRONG_ANSWER,477,1513698177,dummkopf,CONTESTANT,PRETESTS,3,15,4300800
902,A,33414438,C++14 (GCC 6-32),WRONG_ANSWER,558,1513698258,dummkopf,CONTESTANT,PRETESTS,3,15,4300800
902,A,33415122,C++14 (GCC 6-32),OK,664,1513698364,dummkopf,CONTESTANT,TESTS,55,15,4300800
902,B,33417719,C++14 (GCC 6-32),OK,1070,1513698770,dummkopf,CONTESTANT,TESTS,50,31,7065600
902,C,33426826,C++14 (GCC 6-32),WRONG_ANSWER,3443,1513701143,dummkopf,CONTESTANT,PRETESTS,1,15,5120000
902,C,33426978,C++14 (GCC 6-32),OK,3495,1513701195,dummkopf,CONTESTANT,TESTS,45,93,5120000
902,A,33415042,C++14 (GCC 6-32),OK,653,1513698353,dunjen_master,CONTESTANT,TESTS,55,15,1945600
902,B,33423266,C++14 (GCC 6-32),WRONG_ANSWER,2344,1513700044,dunjen_master,CONTESTANT,PRETESTS,4,15,2048000
902,B,33423926,C++14 (GCC 6-32),OK,2526,1513700226,dunjen_master,CONTESTANT,TESTS,50,46,2355200
902,A,33417690,GNU C++11,WRONG_ANSWER,1065,1513698765,durbin,CONTESTANT,PRETESTS,5,15,2048000
902,A,33424522,GNU C++11,OK,2693,1513700393,durbin,CONTESTANT,TESTS,55,15,2048000
902,B,33429461,GNU C++11,OK,4468,1513702168,durbin,CONTESTANT,TESTS,50,31,2150400
902,A,33412669,Python 3,SKIPPED,178,1513697878,dvec,CONTESTANT,PRETESTS,8,62,5632000
902,A,33412968,Python 3,WRONG_ANSWER,303,1513698003,dvec,CONTESTANT,PRETESTS,1,61,5529600
902,A,33414714,Python 3,WRONG_ANSWER,599,1513698299,dvec,CONTESTANT,PRETESTS,1,46,5529600
902,A,33414908,Python 3,OK,631,1513698331,dvec,CONTESTANT,TESTS,55,62,5529600
902,B,33422720,Python 3,COMPILATION_ERROR,2187,1513699887,dvec,CONTESTANT,PRETESTS,0,0,0
902,B,33422742,Java 8,OK,2193,1513699893,dvec,CONTESTANT,TESTS,50,966,21094400
902,C,33433911,Java 8,WRONG_ANSWER,6527,1513704227,dvec,CONTESTANT,PRETESTS,1,124,20992000
902,A,33415148,C++14 (GCC 6-32),OK,667,1513698367,dvjsm,CONTESTANT,TESTS,55,15,1945600
902,B,33422906,C++14 (GCC 6-32),OK,2235,1513699935,dvjsm,CONTESTANT,TESTS,50,202,2355200
902,C,33430862,C++14 (GCC 6-32),WRONG_ANSWER,5057,1513702757,dvjsm,CONTESTANT,TESTS,38,124,5120000
902,A,33415077,C++14 (GCC 6-32),OK,647,1513698358,dvr.study,CONTESTANT,TESTS,55,15,1945600
902,B,33424152,C++14 (GCC 6-32),OK,2575,1513700285,dvr.study,CONTESTANT,TESTS,50,31,2662400
902,A,33418598,C++14 (GCC 6-32),CHALLENGED,1222,1513698922,dwest,CONTESTANT,CHALLENGES,8,15,1945600
902,B,33432274,C++14 (GCC 6-32),RUNTIME_ERROR,5752,1513703452,dwest,CONTESTANT,PRETESTS,5,15,2355200
902,B,33432673,C++14 (GCC 6-32),RUNTIME_ERROR,5952,1513703652,dwest,CONTESTANT,TESTS,19,109,2355200
902,A,33417585,GNU C++,WRONG_ANSWER,1048,1513698748,dwivedi_1,CONTESTANT,PRETESTS,1,0,2048000
902,A,33431886,GNU C++,WRONG_ANSWER,5563,1513703263,dwivedi_1,CONTESTANT,PRETESTS,0,0,2048000
902,A,33432925,GNU C++,WRONG_ANSWER,6077,1513703777,dwivedi_1,CONTESTANT,PRETESTS,0,0,2048000
902,A,33415947,GNU C++11,WRONG_ANSWER,773,1513698484,dymsh,CONTESTANT,PRETESTS,3,15,2048000
902,A,33416999,GNU C++11,WRONG_ANSWER,934,1513698644,dymsh,CONTESTANT,PRETESTS,4,15,2048000
902,A,33418020,GNU C++11,OK,1109,1513698820,dymsh,CONTESTANT,TESTS,55,15,2048000
902,A,33413520,C++14 (GCC 6-32),OK,407,1513698107,dynamite_iit,CONTESTANT,TESTS,55,15,1945600
902,B,33420689,C++14 (GCC 6-32),OK,1670,1513699370,dynamite_iit,CONTESTANT,TESTS,50,31,23449600
902,C,33429975,C++14 (GCC 6-32),WRONG_ANSWER,4685,1513702385,dynamite_iit,CONTESTANT,PRETESTS,1,15,13926400
902,C,33431555,C++14 (GCC 6-32),WRONG_ANSWER,5385,1513703085,dynamite_iit,CONTESTANT,PRETESTS,1,0,13926400
902,C,33432183,C++14 (GCC 6-32),WRONG_ANSWER,5704,1513703404,dynamite_iit,CONTESTANT,PRETESTS,3,15,13926400
902,C,33433846,C++14 (GCC 6-32),WRONG_ANSWER,6493,1513704193,dynamite_iit,CONTESTANT,PRETESTS,4,15,13926400
902,C,33434435,C++14 (GCC 6-32),OK,6772,1513704472,dynamite_iit,CONTESTANT,TESTS,45,93,13926400
902,A,33415244,C++14 (GCC 6-32),OK,683,1513698383,eZZZio,CONTESTANT,TESTS,55,15,13209600
902,B,33423947,C++14 (GCC 6-32),OK,2532,1513700232,eZZZio,CONTESTANT,TESTS,50,30,15564800
902,C,33434370,C++14 (GCC 6-32),WRONG_ANSWER,6745,1513704445,eZZZio,CONTESTANT,PRETESTS,1,15,13926400
902,A,33414379,C++14 (GCC 6-32),OK,546,1513698246,e_coder,CONTESTANT,TESTS,55,15,1945600
902,B,33419623,C++14 (GCC 6-32),OK,1435,1513699135,e_coder,CONTESTANT,TESTS,50,31,2457600
902,C,33429126,C++14 (GCC 6-32),WRONG_ANSWER,4327,1513702027,e_coder,CONTESTANT,PRETESTS,4,15,2662400
902,C,33430375,C++14 (GCC 6-32),OK,4848,1513702548,e_coder,CONTESTANT,TESTS,45,93,2662400
902,D,33435373,C++14 (GCC 6-32),WRONG_ANSWER,7126,1513704826,e_coder,CONTESTANT,PRETESTS,0,15,1843200
902,A,33418188,GNU C++11,WRONG_ANSWER,1138,1513698848,eankhbayar,CONTESTANT,PRETESTS,3,0,2048000
902,A,33420251,GNU C++11,OK,1558,1513699269,eankhbayar,CONTESTANT,TESTS,55,15,2048000
902,A,33413741,C++14 (GCC 6-32),OK,444,1513698144,early-youth,CONTESTANT,TESTS,55,15,1945600
902,B,33418271,C++14 (GCC 6-32),OK,1163,1513698863,early-youth,CONTESTANT,TESTS,50,31,2457600
902,A,33415133,GNU C++11,OK,665,1513698365,earthWalker,CONTESTANT,TESTS,55,15,2048000
902,B,33422404,GNU C++11,OK,2101,1513699801,earthWalker,CONTESTANT,TESTS,50,31,2150400
902,C,33431064,GNU C++11,OK,5149,1513702849,earthWalker,CONTESTANT,TESTS,45,264,2457600
902,A,33412809,GNU C++11,WRONG_ANSWER,255,1513697955,easyproblem,CONTESTANT,PRETESTS,2,15,10035200
902,A,33413370,GNU C++11,WRONG_ANSWER,379,1513698079,easyproblem,CONTESTANT,PRETESTS,2,0,10035200
902,A,33416908,GNU C++11,WRONG_ANSWER,931,1513698631,easyproblem,CONTESTANT,PRETESTS,2,15,10035200
902,A,33417628,GNU C++11,WRONG_ANSWER,1055,1513698755,easyproblem,CONTESTANT,PRETESTS,2,15,10035200
902,A,33413319,C++14 (GCC 6-32),WRONG_ANSWER,370,1513698070,eat_code,CONTESTANT,PRETESTS,2,0,2048000
902,A,33414461,C++14 (GCC 6-32),SKIPPED,560,1513698260,eat_code,CONTESTANT,PRETESTS,8,15,2048000
902,A,33417858,C++14 (GCC 6-32),OK,1096,1513698796,eat_code,CONTESTANT,TESTS,55,30,2048000
902,B,33422359,C++14 (GCC 6-32),OK,2084,1513699784,eat_code,CONTESTANT,TESTS,50,15,2150400
902,C,33434283,C++14 (GCC 6-32),WRONG_ANSWER,6708,1513704408,eat_code,CONTESTANT,PRETESTS,5,15,2048000
902,C,33435464,C++14 (GCC 6-32),WRONG_ANSWER,7155,1513704855,eat_code,CONTESTANT,PRETESTS,1,15,2048000
902,A,33424502,C++14 (GCC 6-32),WRONG_ANSWER,2689,1513700389,eatless,CONTESTANT,PRETESTS,5,15,1843200
902,A,33425963,C++14 (GCC 6-32),WRONG_ANSWER,3140,1513700840,eatless,CONTESTANT,PRETESTS,5,15,1945600
902,A,33426595,C++14 (GCC 6-32),WRONG_ANSWER,3359,1513701059,eatless,CONTESTANT,PRETESTS,5,15,1945600
902,A,33435691,C++14 (GCC 6-32),WRONG_ANSWER,7199,1513704899,eatless,CONTESTANT,PRETESTS,5,15,1945600
902,A,33425339,C++14 (GCC 6-32),WRONG_ANSWER,2941,1513700641,edd_97,CONTESTANT,PRETESTS,6,15,1945600
902,A,33425865,C++14 (GCC 6-32),CHALLENGED,3109,1513700809,edd_97,CONTESTANT,CHALLENGES,8,15,1843200
902,A,33418351,C++14 (GCC 6-32),OK,1165,1513698876,edilkulzhabay,CONTESTANT,TESTS,55,15,1945600
902,B,33424871,C++14 (GCC 6-32),OK,2779,1513700490,edilkulzhabay,CONTESTANT,TESTS,50,233,2560000
902,A,33414422,Java 8,WRONG_ANSWER,555,1513698255,edoo97,CONTESTANT,PRETESTS,4,109,20582400
902,A,33417234,Java 8,RUNTIME_ERROR,988,1513698688,edoo97,CONTESTANT,PRETESTS,3,109,20582400
902,A,33417611,Java 8,RUNTIME_ERROR,1052,1513698752,edoo97,CONTESTANT,PRETESTS,3,109,20684800
902,A,33418433,Java 8,OK,1191,1513698891,edoo97,CONTESTANT,TESTS,55,124,20684800
902,B,33424620,Java 8,OK,2722,1513700422,edoo97,CONTESTANT,TESTS,50,155,20889600
902,C,33431768,Java 8,OK,5499,1513703199,edoo97,CONTESTANT,TESTS,45,264,21606400
902,A,33414147,Python 3,OK,501,1513698211,eduarc,CONTESTANT,TESTS,55,77,5734400
902,B,33425879,Python 3,RUNTIME_ERROR,3102,1513700813,eduarc,CONTESTANT,TESTS,17,124,8192000
902,B,33430756,Python 3,COMPILATION_ERROR,5008,1513702718,eduarc,CONTESTANT,PRETESTS,0,0,0
902,B,33430839,GNU C++11,WRONG_ANSWER,5039,1513702749,eduarc,CONTESTANT,PRETESTS,3,15,5324800
902,C,33435112,Python 3,OK,7026,1513704737,eduarc,CONTESTANT,TESTS,45,951,11264000
902,A,33414345,GNU C++11,OK,541,1513698241,edytr,CONTESTANT,TESTS,55,15,2048000
902,B,33421398,GNU C++11,OK,1840,1513699540,edytr,CONTESTANT,TESTS,50,46,2457600
902,C,33428844,GNU C++11,OK,4219,1513701919,edytr,CONTESTANT,TESTS,45,327,5836800
902,D,33432095,GNU C++11,WRONG_ANSWER,5660,1513703360,edytr,CONTESTANT,PRETESTS,2,15,2048000
902,A,33417356,MS C++,OK,1007,1513698707,egardoz01,CONTESTANT,TESTS,55,31,2048000
902,C,33428449,MS C++,OK,4052,1513701752,egardoz01,CONTESTANT,TESTS,45,124,3276800
902,B,33431036,MS C++,OK,5134,1513702834,egardoz01,CONTESTANT,TESTS,50,31,2867200
902,A,33415434,C++14 (GCC 6-32),WRONG_ANSWER,710,1513698410,ehnryx,CONTESTANT,PRETESTS,1,15,1843200
902,C,33415438,C++14 (GCC 6-32),OK,711,1513698411,ehnryx,CONTESTANT,TESTS,45,93,5222400
902,B,33417403,C++14 (GCC 6-32),OK,1015,1513698715,ehnryx,CONTESTANT,TESTS,50,31,2457600
902,A,33417877,C++14 (GCC 6-32),WRONG_ANSWER,1097,1513698797,ehnryx,CONTESTANT,PRETESTS,1,15,1843200
902,A,33420754,C++14 (GCC 6-32),OK,1687,1513699387,ehnryx,CONTESTANT,TESTS,55,15,1945600
902,D,33424589,C++14 (GCC 6-32),WRONG_ANSWER,2711,1513700411,ehnryx,CONTESTANT,PRETESTS,4,15,1945600
902,D,33428843,C++14 (GCC 6-32),WRONG_ANSWER,4218,1513701918,ehnryx,CONTESTANT,PRETESTS,3,0,1945600
902,D,33433338,C++14 (GCC 6-32),OK,6267,1513703967,ehnryx,CONTESTANT,TESTS,150,15,1945600
902,A,33414081,C++14 (GCC 6-32),OK,501,1513698201,eidan,CONTESTANT,TESTS,55,15,1945600
902,B,33418953,C++14 (GCC 6-32),OK,1296,1513698996,eidan,CONTESTANT,TESTS,50,15,2457600
902,C,33425214,C++14 (GCC 6-32),WRONG_ANSWER,2898,1513700598,eidan,CONTESTANT,PRETESTS,1,15,2252800
902,C,33425690,C++14 (GCC 6-32),OK,3053,1513700753,eidan,CONTESTANT,TESTS,45,78,2252800
902,D,33432579,C++14 (GCC 6-32),WRONG_ANSWER,5911,1513703611,eidan,CONTESTANT,PRETESTS,0,15,1945600
902,D,33433010,C++14 (GCC 6-32),WRONG_ANSWER,6115,1513703815,eidan,CONTESTANT,PRETESTS,2,15,1945600
902,A,33425530,GNU C++11,WRONG_ANSWER,3002,1513700702,ek_Villain,CONTESTANT,PRETESTS,3,15,2048000
902,A,33427233,GNU C++11,WRONG_ANSWER,3596,1513701296,ek_Villain,CONTESTANT,PRETESTS,3,15,2048000
902,A,33428406,GNU C++11,WRONG_ANSWER,4035,1513701735,ek_Villain,CONTESTANT,PRETESTS,3,15,2048000
902,A,33425220,Python 2,OK,2900,1513700600,elistark,CONTESTANT,TESTS,55,62,4608000
902,A,33414070,C++14 (GCC 6-32),OK,501,1513698201,emotionles,CONTESTANT,TESTS,55,15,2662400
902,B,33417746,C++14 (GCC 6-32),OK,1074,1513698774,emotionles,CONTESTANT,TESTS,50,31,6246400
902,C,33427642,C++14 (GCC 6-32),WRONG_ANSWER,3744,1513701444,emotionles,CONTESTANT,PRETESTS,3,0,7475200
902,C,33428570,C++14 (GCC 6-32),WRONG_ANSWER,4103,1513701803,emotionles,CONTESTANT,PRETESTS,3,15,7475200
902,C,33430610,C++14 (GCC 6-32),WRONG_ANSWER,4952,1513702652,emotionles,CONTESTANT,PRETESTS,3,15,7475200
902,C,33431480,C++14 (GCC 6-32),WRONG_ANSWER,5352,1513703052,emotionles,CONTESTANT,TESTS,37,92,7475200
902,A,33413457,GNU C++11,OK,395,1513698095,emptyman987,CONTESTANT,TESTS,55,15,2048000
902,B,33423560,GNU C++11,OK,2423,1513700123,emptyman987,CONTESTANT,TESTS,50,249,2560000
902,C,33427900,GNU C++11,WRONG_ANSWER,3840,1513701540,emptyman987,CONTESTANT,PRETESTS,1,0,2048000
902,C,33429440,GNU C++11,WRONG_ANSWER,4460,1513702160,emptyman987,CONTESTANT,PRETESTS,3,0,2048000
902,C,33430562,GNU C++11,OK,4930,1513702630,emptyman987,CONTESTANT,TESTS,45,202,3072000
902,A,33418118,C++14 (GCC 6-32),WRONG_ANSWER,1126,1513698836,enaim,CONTESTANT,PRETESTS,3,15,1843200
902,A,33418606,C++14 (GCC 6-32),OK,1213,1513698924,enaim,CONTESTANT,TESTS,55,15,1945600
902,B,33429418,C++14 (GCC 6-32),OK,4440,1513702150,enaim,CONTESTANT,TESTS,50,234,3686400
902,A,33413315,C++14 (GCC 6-32),CHALLENGED,369,1513698069,enjoy_coding,CONTESTANT,CHALLENGES,8,15,1843200
902,B,33420094,C++14 (GCC 6-32),OK,1534,1513699234,enjoy_coding,CONTESTANT,TESTS,50,218,2560000
902,C,33428373,C++14 (GCC 6-32),RUNTIME_ERROR,4019,1513701719,enjoy_coding,CONTESTANT,PRETESTS,1,0,1843200
902,C,33428738,C++14 (GCC 6-32),WRONG_ANSWER,4176,1513701876,enjoy_coding,CONTESTANT,PRETESTS,1,0,1843200
902,C,33430429,C++14 (GCC 6-32),WRONG_ANSWER,4871,1513702571,enjoy_coding,CONTESTANT,PRETESTS,3,15,1945600
902,C,33431635,C++14 (GCC 6-32),WRONG_ANSWER,5430,1513703130,enjoy_coding,CONTESTANT,PRETESTS,3,15,1843200
902,C,33433077,C++14 (GCC 6-32),WRONG_ANSWER,6147,1513703847,enjoy_coding,CONTESTANT,PRETESTS,3,15,1945600
902,C,33433454,C++14 (GCC 6-32),WRONG_ANSWER,6315,1513704015,enjoy_coding,CONTESTANT,PRETESTS,1,15,1843200
902,A,33434926,C++14 (GCC 6-32),WRONG_ANSWER,6978,1513704678,enjoy_coding,CONTESTANT,CHALLENGES,0,15,1945600
902,A,33435638,C++14 (GCC 6-32),WRONG_ANSWER,7190,1513704890,enjoy_coding,CONTESTANT,CHALLENGES,0,15,1945600
902,A,33413261,GNU C++11,OK,362,1513698062,epaculto,CONTESTANT,TESTS,55,15,2048000
902,B,33419582,GNU C++11,OK,1428,1513699128,epaculto,CONTESTANT,TESTS,50,234,2252800
902,C,33425905,GNU C++11,WRONG_ANSWER,3121,1513700821,epaculto,CONTESTANT,PRETESTS,4,15,2048000
902,C,33427135,GNU C++11,OK,3556,1513701256,epaculto,CONTESTANT,TESTS,45,312,2457600
902,A,33415594,GNU C++11,WRONG_ANSWER,722,1513698433,epascual,CONTESTANT,PRETESTS,3,0,2048000
902,A,33417480,GNU C++11,WRONG_ANSWER,1018,1513698728,epascual,CONTESTANT,TESTS,16,15,2048000
902,B,33419713,GNU C++11,OK,1450,1513699150,epascual,CONTESTANT,TESTS,50,31,2457600
902,C,33426919,GNU C++11,OK,3476,1513701176,epascual,CONTESTANT,TESTS,45,249,5324800
902,D,33432062,GNU C++11,WRONG_ANSWER,5642,1513703342,epascual,CONTESTANT,PRETESTS,3,15,2048000
902,A,33412984,C++14 (GCC 6-32),WRONG_ANSWER,295,1513698006,er_shivasoni,CONTESTANT,PRETESTS,2,15,1945600
902,A,33414736,C++14 (GCC 6-32),WRONG_ANSWER,592,1513698302,er_shivasoni,CONTESTANT,PRETESTS,0,0,1945600
902,A,33416920,C++14 (GCC 6-32),WRONG_ANSWER,922,1513698633,er_shivasoni,CONTESTANT,PRETESTS,0,15,1843200
902,A,33417081,C++14 (GCC 6-32),OK,948,1513698659,er_shivasoni,CONTESTANT,TESTS,55,15,1945600
902,B,33420468,C++14 (GCC 6-32),OK,1607,1513699318,er_shivasoni,CONTESTANT,TESTS,50,46,3891200
902,A,33415896,C++14 (GCC 6-32),OK,777,1513698477,erfam.m,CONTESTANT,TESTS,55,15,1945600
902,A,33414229,C++14 (GCC 6-32),WRONG_ANSWER,523,1513698223,erfanesm,CONTESTANT,PRETESTS,3,15,1945600
902,A,33414822,C++14 (GCC 6-32),OK,617,1513698317,erfanesm,CONTESTANT,TESTS,55,15,1945600
902,C,33418129,C++14 (GCC 6-32),OK,1138,1513698838,erfanesm,CONTESTANT,TESTS,45,124,21708800
902,B,33427170,C++14 (GCC 6-32),OK,3572,1513701272,erfanesm,CONTESTANT,TESTS,50,31,2662400
902,A,33412902,C++14 (GCC 6-32),COMPILATION_ERROR,285,1513697985,eric,CONTESTANT,PRETESTS,0,0,0
902,A,33413067,C++14 (GCC 6-32),WRONG_ANSWER,323,1513698023,eric,CONTESTANT,PRETESTS,1,15,1945600
902,A,33414941,C++14 (GCC 6-32),OK,635,1513698335,eric,CONTESTANT,TESTS,55,15,1945600
902,B,33418000,C++14 (GCC 6-32),OK,1117,1513698817,eric,CONTESTANT,TESTS,50,30,3993600
902,C,33432047,C++14 (GCC 6-32),WRONG_ANSWER,5636,1513703336,eric,CONTESTANT,PRETESTS,1,15,5120000
902,C,33432354,C++14 (GCC 6-32),WRONG_ANSWER,5789,1513703489,eric,CONTESTANT,PRETESTS,3,15,5120000
902,A,33412953,C++14 (GCC 6-32),OK,289,1513697999,erove,CONTESTANT,TESTS,55,30,1945600
902,B,33415967,C++14 (GCC 6-32),OK,778,1513698489,erove,CONTESTANT,TESTS,50,15,3993600
902,C,33423779,C++14 (GCC 6-32),OK,2477,1513700188,erove,CONTESTANT,TESTS,45,78,2252800
902,A,33416821,C++14 (GCC 6-32),OK,918,1513698618,ethanxu,CONTESTANT,TESTS,55,15,1945600
902,A,33412808,GNU C++11,OK,254,1513697954,eu3neuom,CONTESTANT,TESTS,55,30,2867200
902,B,33415119,GNU C++11,OK,663,1513698363,eu3neuom,CONTESTANT,TESTS,50,31,3993600
902,C,33420823,GNU C++11,WRONG_ANSWER,1702,1513699402,eu3neuom,CONTESTANT,PRETESTS,3,15,4505600
902,C,33425251,GNU C++11,OK,2910,1513700610,eu3neuom,CONTESTANT,TESTS,45,249,4505600
902,D,33431029,GNU C++11,WRONG_ANSWER,5132,1513702832,eu3neuom,CONTESTANT,PRETESTS,0,15,2048000
902,A,33427250,Python 3,OK,3604,1513701304,eugalt,CONTESTANT,TESTS,55,62,5529600
902,A,33412923,GNU C++11,WRONG_ANSWER,291,1513697991,eugenus,CONTESTANT,PRETESTS,2,15,2048000
902,A,33414025,GNU C++11,WRONG_ANSWER,492,1513698192,eugenus,CONTESTANT,PRETESTS,3,15,2048000
902,A,33415504,GNU C++11,WRONG_ANSWER,722,1513698422,eugenus,CONTESTANT,PRETESTS,4,15,2048000
902,B,33419923,GNU C++11,OK,1495,1513699195,eugenus,CONTESTANT,TESTS,50,46,2560000
902,A,33423661,GNU C++11,OK,2450,1513700150,eugenus,CONTESTANT,TESTS,55,15,2048000
902,C,33430649,GNU C++11,OK,4973,1513702673,eugenus,CONTESTANT,TESTS,45,218,4096000
902,A,33412869,C++14 (GCC 6-32),OK,274,1513697974,eviebot,CONTESTANT,TESTS,55,15,2048000
902,B,33415276,C++14 (GCC 6-32),OK,688,1513698388,eviebot,CONTESTANT,TESTS,50,30,2969600
902,C,33423546,C++14 (GCC 6-32),WRONG_ANSWER,2419,1513700119,eviebot,CONTESTANT,PRETESTS,6,30,4505600
902,C,33425221,C++14 (GCC 6-32),WRONG_ANSWER,2900,1513700600,eviebot,CONTESTANT,PRETESTS,6,15,4505600
902,C,33425560,C++14 (GCC 6-32),RUNTIME_ERROR,3013,1513700713,eviebot,CONTESTANT,PRETESTS,6,15,4505600
902,C,33426752,C++14 (GCC 6-32),WRONG_ANSWER,3417,1513701117,eviebot,CONTESTANT,TESTS,39,155,76697600
902,A,33417280,GNU C++,WRONG_ANSWER,994,1513698694,excel8,CONTESTANT,PRETESTS,4,15,2048000
902,A,33418826,GNU C++,WRONG_ANSWER,1266,1513698966,excel8,CONTESTANT,PRETESTS,4,15,2048000
902,A,33427884,GNU C++,WRONG_ANSWER,3833,1513701533,excel8,CONTESTANT,PRETESTS,4,0,2048000
902,A,33429549,GNU C++,OK,4508,1513702208,excel8,CONTESTANT,TESTS,55,30,2048000
902,A,33412793,GNU C++,OK,248,1513697948,ez2AC,CONTESTANT,TESTS,55,31,2150400
902,B,33415124,GNU C++,OK,664,1513698364,ez2AC,CONTESTANT,TESTS,50,31,3993600
902,C,33422544,GNU C++,OK,2138,1513699838,ez2AC,CONTESTANT,TESTS,45,265,8089600
902,C,33416816,GNU C++11,WRONG_ANSWER,917,1513698617,ez_zkj,CONTESTANT,PRETESTS,4,15,2457600
902,C,33419344,GNU C++11,OK,1373,1513699073,ez_zkj,CONTESTANT,TESTS,45,109,2457600
902,A,33420903,GNU C++11,WRONG_ANSWER,1719,1513699419,ez_zkj,CONTESTANT,PRETESTS,4,15,3276800
902,A,33421385,GNU C++11,OK,1838,1513699538,ez_zkj,CONTESTANT,TESTS,55,15,3276800
902,B,33423531,GNU C++11,OK,2413,1513700113,ez_zkj,CONTESTANT,TESTS,50,15,2355200
902,A,33423475,Java 8,WRONG_ANSWER,2388,1513700098,fabernier,CONTESTANT,PRETESTS,2,139,20992000
902,A,33426587,Java 8,OK,3343,1513701054,fabernier,CONTESTANT,TESTS,55,155,21094400
902,B,33433965,Java 8,TIME_LIMIT_EXCEEDED,6549,1513704259,fabernier,CONTESTANT,TESTS,24,1000,21094400
902,A,33413742,C++14 (GCC 6-32),OK,444,1513698144,faceless_man,CONTESTANT,TESTS,55,15,1945600
902,B,33419832,C++14 (GCC 6-32),OK,1474,1513699174,faceless_man,CONTESTANT,TESTS,50,30,2764800
902,C,33426463,C++14 (GCC 6-32),WRONG_ANSWER,3309,1513701009,faceless_man,CONTESTANT,PRETESTS,4,15,5120000
902,C,33427272,C++14 (GCC 6-32),OK,3613,1513701313,faceless_man,CONTESTANT,TESTS,45,108,5120000
902,D,33432969,C++14 (GCC 6-32),WRONG_ANSWER,6096,1513703796,faceless_man,CONTESTANT,PRETESTS,2,0,1945600
902,A,33421709,C++14 (GCC 6-32),WRONG_ANSWER,1917,1513699617,factoradic,CONTESTANT,PRETESTS,3,15,1843200
902,A,33422350,C++14 (GCC 6-32),OK,2081,1513699781,factoradic,CONTESTANT,TESTS,55,15,1945600
902,A,33415449,GNU C++11,WRONG_ANSWER,702,1513698413,faelyx,CONTESTANT,PRETESTS,3,15,2048000
902,A,33416457,GNU C++11,WRONG_ANSWER,849,1513698559,faelyx,CONTESTANT,PRETESTS,4,15,2048000
902,B,33420125,GNU C++11,OK,1529,1513699240,faelyx,CONTESTANT,TESTS,50,31,2867200
902,A,33420306,GNU C++11,COMPILATION_ERROR,1568,1513699279,faelyx,CONTESTANT,PRETESTS,0,0,0
902,A,33420451,GNU C++11,WRONG_ANSWER,1603,1513699314,faelyx,CONTESTANT,PRETESTS,4,15,2048000
902,A,33423121,GNU C++11,WRONG_ANSWER,2289,1513700000,faelyx,CONTESTANT,PRETESTS,4,15,2048000
902,A,33426731,GNU C++11,WRONG_ANSWER,3399,1513701109,faelyx,CONTESTANT,PRETESTS,4,15,2048000
902,A,33427832,GNU C++11,WRONG_ANSWER,3803,1513701514,faelyx,CONTESTANT,PRETESTS,0,0,2048000
902,A,33428112,GNU C++11,WRONG_ANSWER,3909,1513701620,faelyx,CONTESTANT,PRETESTS,1,15,2048000
902,A,33428322,GNU C++11,OK,3988,1513701699,faelyx,CONTESTANT,TESTS,55,15,2048000
902,C,33433963,GNU C++11,WRONG_ANSWER,6547,1513704258,faelyx,CONTESTANT,PRETESTS,4,15,4505600
902,C,33434712,GNU C++11,WRONG_ANSWER,6880,1513704590,faelyx,CONTESTANT,PRETESTS,6,15,4505600
902,A,33432992,GNU C++11,WRONG_ANSWER,6104,1513703804,faf7,CONTESTANT,PRETESTS,2,15,2048000
902,A,33433305,GNU C++11,WRONG_ANSWER,6251,1513703951,faf7,CONTESTANT,PRETESTS,2,0,2048000
902,A,33433837,GNU C++11,WRONG_ANSWER,6488,1513704188,faf7,CONTESTANT,PRETESTS,5,15,2048000
902,A,33415639,GNU C++,WRONG_ANSWER,729,1513698440,faishol27,CONTESTANT,PRETESTS,0,0,2048000
902,A,33416754,GNU C++11,WRONG_ANSWER,898,1513698608,faishol27,CONTESTANT,PRETESTS,0,15,2048000
902,A,33417118,GNU C++11,OK,956,1513698666,faishol27,CONTESTANT,TESTS,55,30,2048000
902,B,33420202,GNU C++,COMPILATION_ERROR,1548,1513699258,faishol27,CONTESTANT,PRETESTS,0,0,0
902,B,33420364,GNU C++11,OK,1582,1513699292,faishol27,CONTESTANT,TESTS,50,31,2457600
902,C,33430779,GNU C++11,WRONG_ANSWER,5017,1513702727,faishol27,CONTESTANT,TESTS,13,233,3276800
902,A,33423701,C++14 (GCC 6-32),WRONG_ANSWER,2462,1513700162,faissal7711,CONTESTANT,PRETESTS,1,15,1843200
902,A,33424137,C++14 (GCC 6-32),WRONG_ANSWER,2582,1513700282,faissal7711,CONTESTANT,PRETESTS,2,0,1945600
902,A,33424573,C++14 (GCC 6-32),WRONG_ANSWER,2707,1513700407,faissal7711,CONTESTANT,PRETESTS,2,0,1945600
902,A,33425337,C++14 (GCC 6-32),WRONG_ANSWER,2941,1513700641,faissal7711,CONTESTANT,PRETESTS,2,15,1843200
902,A,33427649,C++14 (GCC 6-32),WRONG_ANSWER,3748,1513701448,faissal7711,CONTESTANT,PRETESTS,2,15,1843200
902,A,33430231,C++14 (GCC 6-32),WRONG_ANSWER,4793,1513702493,faissal7711,CONTESTANT,PRETESTS,1,0,1843200
902,A,33431524,C++14 (GCC 6-32),WRONG_ANSWER,5373,1513703073,faissal7711,CONTESTANT,PRETESTS,0,0,1843200
902,A,33432471,C++14 (GCC 6-32),WRONG_ANSWER,5849,1513703549,faissal7711,CONTESTANT,PRETESTS,0,15,1843200
902,A,33433748,C++14 (GCC 6-32),WRONG_ANSWER,6446,1513704146,faissal7711,CONTESTANT,PRETESTS,2,0,1843200
902,A,33435471,C++14 (GCC 6-32),RUNTIME_ERROR,7158,1513704858,faissal7711,CONTESTANT,PRETESTS,0,15,1945600
902,A,33435666,C++14 (GCC 6-32),WRONG_ANSWER,7196,1513704896,faissal7711,CONTESTANT,PRETESTS,1,0,1945600
902,A,33421278,C++14 (GCC 6-32),OK,1814,1513699514,faizan_amjad,CONTESTANT,TESTS,55,31,2252800
902,B,33425586,C++14 (GCC 6-32),OK,3019,1513700719,faizan_amjad,CONTESTANT,TESTS,50,46,3993600
902,A,33412914,C++14 (GCC 6-32),CHALLENGED,288,1513697988,fake123,CONTESTANT,CHALLENGES,8,15,1945600
902,B,33416084,C++14 (GCC 6-32),OK,804,1513698504,fake123,CONTESTANT,TESTS,50,15,2560000
902,C,33420397,C++14 (GCC 6-32),WRONG_ANSWER,1600,1513699300,fake123,CONTESTANT,PRETESTS,1,15,1843200
902,C,33420773,C++14 (GCC 6-32),WRONG_ANSWER,1692,1513699392,fake123,CONTESTANT,PRETESTS,4,0,1945600
902,C,33420941,C++14 (GCC 6-32),WRONG_ANSWER,1729,1513699429,fake123,CONTESTANT,PRETESTS,6,15,1843200
902,C,33421131,C++14 (GCC 6-32),OK,1777,1513699477,fake123,CONTESTANT,TESTS,45,93,2355200
902,A,33425029,GNU C11,WRONG_ANSWER,2840,1513700541,falcon_9,CONTESTANT,PRETESTS,2,15,1843200
902,A,33426905,GNU C11,WRONG_ANSWER,3471,1513701171,falcon_9,CONTESTANT,PRETESTS,2,0,1843200
902,A,33412695,GNU C++11,WRONG_ANSWER,200,1513697900,fangcun,CONTESTANT,PRETESTS,4,15,2048000
902,A,33415068,GNU C++11,WRONG_ANSWER,657,1513698357,fangcun,CONTESTANT,PRETESTS,2,15,2048000
902,A,33415951,GNU C++11,WRONG_ANSWER,784,1513698484,fangcun,CONTESTANT,PRETESTS,3,15,2048000
902,A,33417439,GNU C++11,WRONG_ANSWER,1020,1513698720,fangcun,CONTESTANT,PRETESTS,3,15,2048000
902,A,33418490,GNU C++11,WRONG_ANSWER,1201,1513698901,fangcun,CONTESTANT,PRETESTS,3,15,2048000
902,A,33421707,GNU C++11,OK,1917,1513699617,fangcun,CONTESTANT,TESTS,55,15,2150400
902,B,33424102,GNU C++11,OK,2571,1513700271,fangcun,CONTESTANT,TESTS,50,15,2457600
902,C,33429641,GNU C++11,WRONG_ANSWER,4549,1513702249,fangcun,CONTESTANT,PRETESTS,3,15,2457600
902,C,33430382,GNU C++11,WRONG_ANSWER,4851,1513702551,fangcun,CONTESTANT,PRETESTS,0,15,2457600
902,C,33430443,GNU C++11,WRONG_ANSWER,4878,1513702578,fangcun,CONTESTANT,PRETESTS,3,15,2457600
902,C,33433330,GNU C++11,OK,6261,1513703961,fangcun,CONTESTANT,TESTS,45,109,5427200
902,A,33422217,C++14 (GCC 6-32),OK,2040,1513699740,fantomas37,CONTESTANT,TESTS,55,31,1945600
902,A,33421405,GNU C++,OK,1842,1513699542,fardin_abir,CONTESTANT,TESTS,55,30,1843200
902,A,33413719,GNU C++,WRONG_ANSWER,441,1513698141,fat-fighter,CONTESTANT,PRETESTS,1,15,2048000
902,A,33414235,GNU C++,OK,524,1513698224,fat-fighter,CONTESTANT,TESTS,55,30,2048000
902,B,33420633,GNU C++,OK,1656,1513699356,fat-fighter,CONTESTANT,TESTS,50,46,2560000
902,C,33423893,GNU C++,WRONG_ANSWER,2517,1513700217,fat-fighter,CONTESTANT,PRETESTS,3,15,2048000
902,C,33424368,GNU C++,WRONG_ANSWER,2643,1513700343,fat-fighter,CONTESTANT,PRETESTS,1,0,2048000
902,C,33424549,GNU C++,WRONG_ANSWER,2701,1513700401,fat-fighter,CONTESTANT,PRETESTS,5,15,2048000
902,C,33425545,GNU C++,OK,3006,1513700706,fat-fighter,CONTESTANT,TESTS,45,342,4096000
902,D,33432516,GNU C++,WRONG_ANSWER,5876,1513703576,fat-fighter,CONTESTANT,PRETESTS,0,0,2048000
902,D,33432616,GNU C++,WRONG_ANSWER,5926,1513703626,fat-fighter,CONTESTANT,PRETESTS,2,0,2048000
902,D,33432846,GNU C++,OK,6038,1513703738,fat-fighter,CONTESTANT,TESTS,150,31,2048000
902,A,33413097,GNU C++11,WRONG_ANSWER,329,1513698029,faustaadp,CONTESTANT,PRETESTS,2,15,2048000
902,A,33413656,GNU C++11,OK,431,1513698131,faustaadp,CONTESTANT,TESTS,55,15,2048000
902,B,33416686,GNU C++11,OK,896,1513698596,faustaadp,CONTESTANT,TESTS,50,46,4608000
902,C,33425030,GNU C++11,OK,2841,1513700541,faustaadp,CONTESTANT,TESTS,45,342,6860800
902,A,33418192,C++14 (GCC 6-32),TIME_LIMIT_EXCEEDED,1149,1513698849,fbfdestro,CONTESTANT,PRETESTS,3,1000,1843200
902,A,33421228,C++14 (GCC 6-32),WRONG_ANSWER,1799,1513699499,fbfdestro,CONTESTANT,PRETESTS,4,15,1945600
902,A,33423006,C++14 (GCC 6-32),TIME_LIMIT_EXCEEDED,2260,1513699960,fbfdestro,CONTESTANT,PRETESTS,4,1000,1843200
902,A,33423516,C++14 (GCC 6-32),OK,2409,1513700109,fbfdestro,CONTESTANT,TESTS,55,15,1945600
902,B,33428354,C++14 (GCC 6-32),OK,4011,1513701711,fbfdestro,CONTESTANT,TESTS,50,31,2457600
902,C,33432173,C++14 (GCC 6-32),WRONG_ANSWER,5699,1513703399,fbfdestro,CONTESTANT,PRETESTS,4,15,2252800
902,A,33422907,C++14 (GCC 6-32),WRONG_ANSWER,2236,1513699936,fbosnjak,CONTESTANT,PRETESTS,4,15,1843200
902,B,33427302,C++14 (GCC 6-32),OK,3628,1513701328,fbosnjak,CONTESTANT,TESTS,50,202,2457600
902,C,33431101,C++14 (GCC 6-32),WRONG_ANSWER,5163,1513702863,fbosnjak,CONTESTANT,PRETESTS,3,0,2252800
902,C,33432003,C++14 (GCC 6-32),WRONG_ANSWER,5619,1513703319,fbosnjak,CONTESTANT,PRETESTS,3,15,2252800
902,A,33414598,C++14 (GCC 6-32),OK,583,1513698283,fc_naive,CONTESTANT,TESTS,55,15,2252800
902,B,33418892,C++14 (GCC 6-32),OK,1283,1513698983,fc_naive,CONTESTANT,TESTS,50,30,2560000
902,C,33427558,C++14 (GCC 6-32),WRONG_ANSWER,3714,1513701414,fc_naive,CONTESTANT,PRETESTS,1,0,27955200
902,C,33428522,C++14 (GCC 6-32),WRONG_ANSWER,4085,1513701785,fc_naive,CONTESTANT,PRETESTS,4,15,27955200
902,C,33429740,C++14 (GCC 6-32),WRONG_ANSWER,4587,1513702287,fc_naive,CONTESTANT,PRETESTS,4,15,27955200
902,A,33414289,C++14 (GCC 6-32),WRONG_ANSWER,532,1513698232,fdid,CONTESTANT,PRETESTS,0,15,1843200
902,A,33414960,C++14 (GCC 6-32),OK,640,1513698340,fdid,CONTESTANT,TESTS,55,15,1945600
902,B,33418873,C++14 (GCC 6-32),OK,1280,1513698980,fdid,CONTESTANT,TESTS,50,234,2457600
902,C,33422856,C++14 (GCC 6-32),OK,2224,1513699924,fdid,CONTESTANT,TESTS,45,171,8192000
902,A,33413078,C++14 (GCC 6-32),OK,325,1513698025,fedimser,CONTESTANT,TESTS,55,15,1945600
902,B,33417427,C++14 (GCC 6-32),OK,1017,1513698717,fedimser,CONTESTANT,TESTS,50,31,2457600
902,C,33421980,C++14 (GCC 6-32),MEMORY_LIMIT_EXCEEDED,1988,1513699688,fedimser,CONTESTANT,PRETESTS,2,233,268390400
902,C,33423548,C++14 (GCC 6-32),OK,2419,1513700119,fedimser,CONTESTANT,TESTS,45,140,4300800
902,D,33428402,C++14 (GCC 6-32),OK,4033,1513701733,fedimser,CONTESTANT,TESTS,150,15,2048000
902,A,33414732,C++14 (GCC 6-32),OK,591,1513698302,fedoseev.timofey,CONTESTANT,TESTS,55,15,1945600
902,B,33419124,C++14 (GCC 6-32),OK,1326,1513699037,fedoseev.timofey,CONTESTANT,TESTS,50,46,2560000
902,C,33425868,C++14 (GCC 6-32),OK,3099,1513700810,fedoseev.timofey,CONTESTANT,TESTS,45,155,3891200
902,A,33422323,Java 8,WRONG_ANSWER,2072,1513699772,feeler21,CONTESTANT,PRETESTS,3,109,20582400
902,A,33424113,Java 8,WRONG_ANSWER,2573,1513700273,feeler21,CONTESTANT,PRETESTS,3,124,20582400
902,B,33430220,Java 8,OK,4789,1513702489,feeler21,CONTESTANT,TESTS,50,187,20684800
902,A,33413115,C++14 (GCC 6-32),WRONG_ANSWER,333,1513698033,fefe,CONTESTANT,PRETESTS,3,15,1843200
902,A,33413355,C++14 (GCC 6-32),WRONG_ANSWER,377,1513698077,fefe,CONTESTANT,PRETESTS,3,0,1843200
902,A,33418333,C++14 (GCC 6-32),WRONG_ANSWER,1173,1513698873,fefe,CONTESTANT,PRETESTS,0,0,1843200
902,A,33418773,C++14 (GCC 6-32),OK,1257,1513698957,fefe,CONTESTANT,TESTS,55,15,1843200
902,B,33420452,C++14 (GCC 6-32),OK,1614,1513699314,fefe,CONTESTANT,TESTS,50,30,1945600
902,C,33428032,C++14 (GCC 6-32),OK,3886,1513701586,fefe,CONTESTANT,TESTS,45,78,3481600
902,A,33416885,GNU C++11,OK,927,1513698627,feruz.atamuradov,CONTESTANT,TESTS,55,15,2048000
902,B,33423576,GNU C++11,OK,2426,1513700126,feruz.atamuradov,CONTESTANT,TESTS,50,31,4915200
902,A,33414161,GNU C++11,CHALLENGED,513,1513698213,ffern,CONTESTANT,CHALLENGES,8,15,2048000
902,B,33417750,GNU C++11,OK,1075,1513698775,ffern,CONTESTANT,TESTS,50,31,2560000
902,C,33424214,GNU C++11,RUNTIME_ERROR,2598,1513700298,ffern,CONTESTANT,TESTS,13,46,3276800
902,A,33430000,GNU C++11,WRONG_ANSWER,4694,1513702394,ffern,CONTESTANT,CHALLENGES,0,15,2048000
902,A,33430766,GNU C++11,OK,5022,1513702722,ffern,CONTESTANT,TESTS,55,15,2150400
902,A,33418524,C++14 (GCC 6-32),WRONG_ANSWER,1198,1513698909,fff1405,CONTESTANT,PRETESTS,3,0,1843200
902,A,33419108,C++14 (GCC 6-32),OK,1324,1513699034,fff1405,CONTESTANT,TESTS,55,31,1945600
902,B,33424464,C++14 (GCC 6-32),OK,2668,1513700378,fff1405,CONTESTANT,TESTS,50,46,2764800
902,C,33434938,C++14 (GCC 6-32),WRONG_ANSWER,6971,1513704682,fff1405,CONTESTANT,PRETESTS,4,0,2662400
902,C,33435333,C++14 (GCC 6-32),WRONG_ANSWER,7103,1513704814,fff1405,CONTESTANT,PRETESTS,3,15,2662400
902,C,33435698,C++14 (GCC 6-32),WRONG_ANSWER,7193,1513704903,fff1405,CONTESTANT,PRETESTS,3,15,2662400
902,A,33419282,C++14 (GCC 6-32),OK,1364,1513699064,fffeelipe,CONTESTANT,TESTS,55,31,1945600
902,B,33425985,C++14 (GCC 6-32),OK,3146,1513700846,fffeelipe,CONTESTANT,TESTS,50,31,3481600
902,C,33431913,C++14 (GCC 6-32),WRONG_ANSWER,5576,1513703276,fffeelipe,CONTESTANT,PRETESTS,3,0,2048000
902,C,33435235,C++14 (GCC 6-32),WRONG_ANSWER,7083,1513704783,fffeelipe,CONTESTANT,PRETESTS,1,0,1945600
902,C,33435646,C++14 (GCC 6-32),WRONG_ANSWER,7192,1513704892,fffeelipe,CONTESTANT,PRETESTS,1,0,1843200
902,A,33425691,GNU C++11,TIME_LIMIT_EXCEEDED,3053,1513700753,fftftw,CONTESTANT,PRETESTS,2,1000,2048000
902,A,33426987,GNU C++11,OK,3498,1513701198,fftftw,CONTESTANT,TESTS,55,30,2048000
902,B,33432976,GNU C++11,OK,6098,1513703798,fftftw,CONTESTANT,TESTS,50,31,2560000
902,A,33412782,C++14 (GCC 6-32),WRONG_ANSWER,242,1513697942,fghghfghgfnghfg,CONTESTANT,PRETESTS,2,15,1945600
902,A,33413918,C++14 (GCC 6-32),OK,474,1513698174,fghghfghgfnghfg,CONTESTANT,TESTS,55,15,1945600
902,B,33419608,C++14 (GCC 6-32),OK,1433,1513699133,fghghfghgfnghfg,CONTESTANT,TESTS,50,30,2764800
902,C,33425651,C++14 (GCC 6-32),WRONG_ANSWER,3037,1513700737,fghghfghgfnghfg,CONTESTANT,PRETESTS,0,0,5120000
902,C,33425951,C++14 (GCC 6-32),WRONG_ANSWER,3134,1513700835,fghghfghgfnghfg,CONTESTANT,PRETESTS,1,15,5120000
902,C,33427413,C++14 (GCC 6-32),WRONG_ANSWER,3661,1513701361,fghghfghgfnghfg,CONTESTANT,PRETESTS,3,15,6656000
902,C,33429213,C++14 (GCC 6-32),WRONG_ANSWER,4363,1513702063,fghghfghgfnghfg,CONTESTANT,PRETESTS,3,15,6656000
902,C,33430943,C++14 (GCC 6-32),WRONG_ANSWER,5088,1513702788,fghghfghgfnghfg,CONTESTANT,PRETESTS,3,15,6758400
902,C,33431464,C++14 (GCC 6-32),WRONG_ANSWER,5345,1513703045,fghghfghgfnghfg,CONTESTANT,PRETESTS,3,15,6656000
902,C,33432448,C++14 (GCC 6-32),WRONG_ANSWER,5842,1513703542,fghghfghgfnghfg,CONTESTANT,PRETESTS,1,15,6656000
902,C,33432724,C++14 (GCC 6-32),WRONG_ANSWER,5975,1513703675,fghghfghgfnghfg,CONTESTANT,PRETESTS,3,15,6656000
902,C,33432790,C++14 (GCC 6-32),OK,6008,1513703708,fghghfghgfnghfg,CONTESTANT,TESTS,45,109,6656000
902,A,33413157,Java 8,OK,341,1513698041,finnlidbetter,CONTESTANT,TESTS,55,140,20684800
902,B,33419057,Java 8,OK,1322,1513699022,finnlidbetter,CONTESTANT,TESTS,50,156,20889600
902,C,33423380,Java 8,OK,2374,1513700074,finnlidbetter,CONTESTANT,TESTS,45,202,37785600
902,D,33432284,Java 8,OK,5757,1513703457,finnlidbetter,CONTESTANT,TESTS,150,124,20684800
902,A,33415329,GNU C,WRONG_ANSWER,695,1513698395,firebolt,CONTESTANT,PRETESTS,2,15,1843200
902,A,33419391,GNU C,WRONG_ANSWER,1382,1513699082,firebolt,CONTESTANT,PRETESTS,2,15,1843200
902,A,33425112,GNU C,WRONG_ANSWER,2865,1513700565,firebolt,CONTESTANT,PRETESTS,4,30,1843200
902,A,33425664,GNU C,WRONG_ANSWER,3042,1513700742,firebolt,CONTESTANT,PRETESTS,4,15,1843200
902,A,33426124,GNU C,WRONG_ANSWER,3197,1513700897,firebolt,CONTESTANT,PRETESTS,4,15,1843200
902,A,33427377,GNU C,WRONG_ANSWER,3649,1513701349,firebolt,CONTESTANT,PRETESTS,4,15,1843200
902,A,33428169,GNU C,WRONG_ANSWER,3944,1513701644,firebolt,CONTESTANT,PRETESTS,4,0,1843200
902,A,33430402,GNU C,WRONG_ANSWER,4861,1513702561,firebolt,CONTESTANT,PRETESTS,4,15,1843200
902,A,33431867,GNU C,WRONG_ANSWER,5553,1513703253,firebolt,CONTESTANT,PRETESTS,4,30,1843200
902,A,33432131,GNU C,WRONG_ANSWER,5681,1513703381,firebolt,CONTESTANT,PRETESTS,4,0,1843200
902,A,33432544,GNU C,WRONG_ANSWER,5891,1513703591,firebolt,CONTESTANT,PRETESTS,4,0,1843200
902,A,33433350,GNU C,WRONG_ANSWER,6272,1513703972,firebolt,CONTESTANT,PRETESTS,2,15,1843200
902,A,33433818,GNU C,WRONG_ANSWER,6478,1513704178,firebolt,CONTESTANT,PRETESTS,2,15,1843200
902,A,33414276,C++14 (GCC 6-32),WRONG_ANSWER,529,1513698229,flakes,CONTESTANT,PRETESTS,2,15,1945600
902,A,33416557,C++14 (GCC 6-32),WRONG_ANSWER,877,1513698577,flakes,CONTESTANT,PRETESTS,2,15,1843200
902,A,33428326,C++14 (GCC 6-32),OK,4000,1513701700,flakes,CONTESTANT,TESTS,55,15,1945600
902,B,33430021,C++14 (GCC 6-32),OK,4705,1513702405,flakes,CONTESTANT,TESTS,50,46,4198400
902,A,33413352,C++14 (GCC 6-32),WRONG_ANSWER,377,1513698077,flash_7,CONTESTANT,PRETESTS,2,15,1945600
902,A,33413550,C++14 (GCC 6-32),OK,413,1513698113,flash_7,CONTESTANT,TESTS,55,15,1945600
902,B,33417852,C++14 (GCC 6-32),OK,1094,1513698794,flash_7,CONTESTANT,TESTS,50,280,2560000
902,C,33426704,C++14 (GCC 6-32),OK,3403,1513701103,flash_7,CONTESTANT,TESTS,45,140,76185600
902,A,33413543,GNU C++11,OK,401,1513698111,flipi,CONTESTANT,TESTS,55,15,2457600
902,B,33419076,GNU C++11,OK,1316,1513699027,flipi,CONTESTANT,TESTS,50,46,3276800
902,C,33429615,GNU C++11,WRONG_ANSWER,4529,1513702240,flipi,CONTESTANT,PRETESTS,1,0,2048000
902,C,33430555,GNU C++11,WRONG_ANSWER,4916,1513702626,flipi,CONTESTANT,PRETESTS,4,15,2048000
902,C,33433928,GNU C++11,WRONG_ANSWER,6526,1513704237,flipi,CONTESTANT,PRETESTS,4,15,2048000
902,C,33435020,GNU C++11,WRONG_ANSWER,7002,1513704713,flipi,CONTESTANT,PRETESTS,3,15,2048000
902,B,33421695,GNU C++11,OK,1914,1513699614,flowmemo,CONTESTANT,TESTS,50,46,2560000
902,A,33422324,GNU C++11,OK,2072,1513699772,flowmemo,CONTESTANT,TESTS,55,15,2048000
902,C,33429039,GNU C++11,OK,4296,1513701996,flowmemo,CONTESTANT,TESTS,45,312,2457600
902,A,33414234,GNU C++11,OK,524,1513698224,flygrounder,CONTESTANT,TESTS,55,15,2048000
902,B,33422675,GNU C++11,OK,2175,1513699875,flygrounder,CONTESTANT,TESTS,50,46,2662400
902,C,33431154,GNU C++11,WRONG_ANSWER,5192,1513702892,flygrounder,CONTESTANT,PRETESTS,1,15,2048000
902,C,33431269,GNU C++11,WRONG_ANSWER,5248,1513702948,flygrounder,CONTESTANT,PRETESTS,1,15,2048000
902,C,33432079,GNU C++11,WRONG_ANSWER,5649,1513703349,flygrounder,CONTESTANT,PRETESTS,3,15,2048000
902,C,33432999,GNU C++11,OK,6110,1513703810,flygrounder,CONTESTANT,TESTS,45,249,2457600
902,A,33413330,Java 8,OK,361,1513698072,flyman3046,CONTESTANT,TESTS,55,139,20684800
902,B,33417703,Java 8,OK,1056,1513698767,flyman3046,CONTESTANT,TESTS,50,140,20787200
902,C,33424781,Java 8,OK,2756,1513700467,flyman3046,CONTESTANT,TESTS,45,327,39628800
902,D,33435675,Java 8,WRONG_ANSWER,7186,1513704897,flyman3046,CONTESTANT,PRETESTS,2,108,20582400
902,A,33426786,GNU C,WRONG_ANSWER,3429,1513701129,fmash1698,CONTESTANT,PRETESTS,2,0,1843200
902,A,33427727,GNU C,COMPILATION_ERROR,3780,1513701480,fmash1698,CONTESTANT,PRETESTS,0,0,0
902,A,33427904,GNU C,WRONG_ANSWER,3841,1513701541,fmash1698,CONTESTANT,PRETESTS,2,15,1843200
902,A,33429943,GNU C,WRONG_ANSWER,4669,1513702369,fmash1698,CONTESTANT,PRETESTS,2,15,1843200
902,A,33435328,GNU C,WRONG_ANSWER,7113,1513704813,fmash1698,CONTESTANT,PRETESTS,2,0,1843200
902,A,33415892,GNU C++11,WRONG_ANSWER,777,1513698477,foollbar,CONTESTANT,PRETESTS,4,15,2048000
902,A,33420534,GNU C++11,OK,1635,1513699335,foollbar,CONTESTANT,TESTS,55,15,2048000
902,B,33431700,GNU C++11,OK,5459,1513703159,foollbar,CONTESTANT,TESTS,50,265,102809600
902,C,33416614,C++14 (GCC 6-32),WRONG_ANSWER,884,1513698584,forestryks,CONTESTANT,PRETESTS,0,15,1843200
902,C,33416685,C++14 (GCC 6-32),WRONG_ANSWER,896,1513698596,forestryks,CONTESTANT,PRETESTS,4,0,2662400
902,A,33419963,C++14 (GCC 6-32),OK,1504,1513699204,forestryks,CONTESTANT,TESTS,55,15,1945600
902,C,33421204,C++14 (GCC 6-32),WRONG_ANSWER,1795,1513699495,forestryks,CONTESTANT,PRETESTS,4,15,2662400
902,B,33422204,C++14 (GCC 6-32),OK,2037,1513699737,forestryks,CONTESTANT,TESTS,50,15,2457600
902,C,33424563,C++14 (GCC 6-32),OK,2705,1513700405,forestryks,CONTESTANT,TESTS,45,78,2662400
902,A,33415962,C++14 (GCC 6-32),OK,787,1513698487,forgotter,CONTESTANT,TESTS,55,15,1945600
902,B,33425996,C++14 (GCC 6-32),WRONG_ANSWER,3149,1513700849,forgotter,CONTESTANT,PRETESTS,5,280,2457600
902,B,33427903,C++14 (GCC 6-32),OK,3840,1513701540,forgotter,CONTESTANT,TESTS,50,234,2560000
902,C,33431454,C++14 (GCC 6-32),WRONG_ANSWER,5336,1513703036,forgotter,CONTESTANT,PRETESTS,1,15,1843200
902,C,33432494,C++14 (GCC 6-32),OK,5862,1513703562,forgotter,CONTESTANT,TESTS,45,77,3891200
902,A,33415387,Java 8,WRONG_ANSWER,694,1513698405,formalist,CONTESTANT,PRETESTS,2,139,20992000
902,A,33416615,Java 8,WRONG_ANSWER,874,1513698585,formalist,CONTESTANT,PRETESTS,2,140,20992000
902,A,33421447,Java 8,OK,1843,1513699553,formalist,CONTESTANT,TESTS,55,155,20992000
902,B,33430512,Java 8,OK,4897,1513702607,formalist,CONTESTANT,TESTS,50,685,21299200
902,A,33418917,PyPy 2,OK,1288,1513698988,fortmax120,CONTESTANT,TESTS,55,77,21401600
902,B,33424503,PyPy 2,OK,2689,1513700389,fortmax120,CONTESTANT,TESTS,50,93,22528000
902,C,33432633,PyPy 2,WRONG_ANSWER,5937,1513703637,fortmax120,CONTESTANT,PRETESTS,2,46,21196800
902,C,33432840,PyPy 2,WRONG_ANSWER,6033,1513703733,fortmax120,CONTESTANT,PRETESTS,1,46,21196800
902,C,33433033,PyPy 2,WRONG_ANSWER,6125,1513703825,fortmax120,CONTESTANT,PRETESTS,2,61,21196800
902,A,33415476,C++14 (GCC 6-32),WRONG_ANSWER,717,1513698417,foxtronALD,CONTESTANT,PRETESTS,2,15,1945600
902,A,33417684,C++14 (GCC 6-32),WRONG_ANSWER,1064,1513698764,foxtronALD,CONTESTANT,PRETESTS,5,15,1945600
902,A,33418920,C++14 (GCC 6-32),WRONG_ANSWER,1289,1513698989,foxtronALD,CONTESTANT,PRETESTS,2,15,1945600
902,A,33421040,C++14 (GCC 6-32),WRONG_ANSWER,1755,1513699455,foxtronALD,CONTESTANT,PRETESTS,2,31,1843200
902,A,33422557,C++14 (GCC 6-32),WRONG_ANSWER,2141,1513699841,foxtronALD,CONTESTANT,PRETESTS,2,0,1945600
902,B,33424707,C++14 (GCC 6-32),OK,2745,1513700445,foxtronALD,CONTESTANT,TESTS,50,233,2457600
902,A,33426309,C++14 (GCC 6-32),OK,3257,1513700957,foxtronALD,CONTESTANT,TESTS,55,15,1945600
902,C,33429109,C++14 (GCC 6-32),WRONG_ANSWER,4312,1513702022,foxtronALD,CONTESTANT,PRETESTS,1,15,2252800
902,C,33430909,C++14 (GCC 6-32),OK,5064,1513702775,foxtronALD,CONTESTANT,TESTS,45,155,2252800
902,A,33419077,C++14 (GCC 6-32),COMPILATION_ERROR,1327,1513699027,fr0qt,CONTESTANT,PRETESTS,0,0,0
902,A,33420572,C++14 (GCC 6-32),COMPILATION_ERROR,1642,1513699342,fr0qt,CONTESTANT,PRETESTS,0,0,0
902,A,33421016,C++14 (GCC 6-32),WRONG_ANSWER,1749,1513699449,fr0qt,CONTESTANT,PRETESTS,2,15,1945600
902,A,33424558,C++14 (GCC 6-32),WRONG_ANSWER,2703,1513700403,fr0qt,CONTESTANT,TESTS,41,15,1945600
902,A,33413683,C++14 (GCC 6-32),WRONG_ANSWER,436,1513698136,fr30,CONTESTANT,PRETESTS,3,15,2252800
902,A,33414546,C++14 (GCC 6-32),OK,575,1513698275,fr30,CONTESTANT,TESTS,55,15,2252800
902,B,33418297,C++14 (GCC 6-32),OK,1167,1513698867,fr30,CONTESTANT,TESTS,50,31,3993600
902,C,33424337,C++14 (GCC 6-32),WRONG_ANSWER,2633,1513700333,fr30,CONTESTANT,PRETESTS,1,0,5529600
902,C,33424451,C++14 (GCC 6-32),OK,2673,1513700373,fr30,CONTESTANT,TESTS,45,77,5529600
902,D,33431634,C++14 (GCC 6-32),WRONG_ANSWER,5429,1513703129,fr30,CONTESTANT,PRETESTS,6,15,5529600
902,A,33413427,C++14 (GCC 6-32),OK,390,1513698090,frcpfl224,CONTESTANT,TESTS,55,15,1945600
902,B,33418162,C++14 (GCC 6-32),OK,1143,1513698843,frcpfl224,CONTESTANT,TESTS,50,15,2048000
902,C,33422830,C++14 (GCC 6-32),WRONG_ANSWER,2218,1513699918,frcpfl224,CONTESTANT,PRETESTS,3,0,2252800
902,C,33424463,C++14 (GCC 6-32),OK,2678,1513700378,frcpfl224,CONTESTANT,TESTS,45,109,2252800
902,A,33413907,GNU C++,WRONG_ANSWER,472,1513698172,freshman0213,CONTESTANT,PRETESTS,3,0,1843200
902,A,33414823,GNU C++,OK,617,1513698317,freshman0213,CONTESTANT,TESTS,55,15,1843200
902,B,33423557,GNU C++,OK,2422,1513700122,freshman0213,CONTESTANT,TESTS,50,108,2048000
902,C,33426982,GNU C++,WRONG_ANSWER,3497,1513701197,freshman0213,CONTESTANT,PRETESTS,1,0,2252800
902,C,33427757,GNU C++,OK,3790,1513701490,freshman0213,CONTESTANT,TESTS,45,109,2252800
902,D,33433021,GNU C++,WRONG_ANSWER,6119,1513703819,freshman0213,CONTESTANT,PRETESTS,0,0,1843200
902,D,33434832,GNU C++,WRONG_ANSWER,6944,1513704644,freshman0213,CONTESTANT,PRETESTS,2,0,1843200
902,A,33415118,C++14 (GCC 6-32),CHALLENGED,663,1513698363,friction_,CONTESTANT,CHALLENGES,8,15,1945600
902,B,33424987,C++14 (GCC 6-32),OK,2826,1513700526,friction_,CONTESTANT,TESTS,50,218,4198400
902,A,33431660,C++14 (GCC 6-32),OK,5439,1513703139,friction_,CONTESTANT,TESTS,55,15,1945600
902,C,33435555,C++14 (GCC 6-32),OK,7175,1513704875,friction_,CONTESTANT,TESTS,45,155,2252800
902,A,33416118,GNU C++11,WRONG_ANSWER,798,1513698508,frikha,CONTESTANT,PRETESTS,0,0,2048000
902,A,33417319,GNU C++11,WRONG_ANSWER,990,1513698700,frikha,CONTESTANT,PRETESTS,4,15,2048000
902,A,33423566,GNU C++11,WRONG_ANSWER,2413,1513700124,frikha,CONTESTANT,PRETESTS,4,15,2048000
902,A,33425863,GNU C++11,WRONG_ANSWER,3098,1513700809,frikha,CONTESTANT,PRETESTS,4,15,2048000
902,A,33429526,C++14 (GCC 6-32),OK,4498,1513702198,fuck_lifee,CONTESTANT,TESTS,55,15,1945600
902,A,33414691,C++14 (GCC 6-32),WRONG_ANSWER,594,1513698294,fuckoff_stalker,CONTESTANT,PRETESTS,2,15,1843200
902,A,33422466,C++14 (GCC 6-32),WRONG_ANSWER,2117,1513699817,fuckoff_stalker,CONTESTANT,PRETESTS,2,0,1843200
902,A,33424313,C++14 (GCC 6-32),WRONG_ANSWER,2628,1513700328,fuckoff_stalker,CONTESTANT,PRETESTS,6,15,1945600
902,A,33426813,C++14 (GCC 6-32),CHALLENGED,3439,1513701139,fuckoff_stalker,CONTESTANT,CHALLENGES,8,15,1945600
902,A,33414031,GNU C++11,WRONG_ANSWER,493,1513698193,fuckoffff,CONTESTANT,PRETESTS,2,0,2867200
902,A,33415466,GNU C++11,WRONG_ANSWER,716,1513698416,fuckoffff,CONTESTANT,PRETESTS,3,15,2867200
902,A,33416131,GNU C++11,WRONG_ANSWER,812,1513698512,fuckoffff,CONTESTANT,PRETESTS,3,15,2867200
902,A,33416758,GNU C++11,WRONG_ANSWER,909,1513698609,fuckoffff,CONTESTANT,PRETESTS,3,15,2867200
902,A,33417189,GNU C++11,WRONG_ANSWER,979,1513698679,fuckoffff,CONTESTANT,PRETESTS,3,15,2867200
902,A,33422589,GNU C++11,WRONG_ANSWER,2151,1513699851,fuckoffff,CONTESTANT,PRETESTS,3,15,2048000
902,A,33423445,GNU C++11,OK,2390,1513700090,fuckoffff,CONTESTANT,TESTS,55,15,2048000
902,A,33416628,GNU C++,CHALLENGED,876,1513698587,fulcrum,CONTESTANT,CHALLENGES,8,15,1843200
902,A,33426465,GNU C++,OK,3299,1513701010,fulcrum,CONTESTANT,TESTS,55,15,1843200
902,B,33428390,GNU C++,OK,4017,1513701727,fulcrum,CONTESTANT,TESTS,50,15,1945600
902,A,33414684,GNU C++,OK,583,1513698293,fuliver123,CONTESTANT,TESTS,55,15,2048000
902,B,33429446,GNU C++,OK,4451,1513702162,fuliver123,CONTESTANT,TESTS,50,218,2560000
902,C,33433176,GNU C++,WRONG_ANSWER,6184,1513703894,fuliver123,CONTESTANT,PRETESTS,4,15,3276800
902,C,33433724,GNU C++,WRONG_ANSWER,6424,1513704134,fuliver123,CONTESTANT,PRETESTS,4,15,5632000
902,C,33435267,GNU C++,WRONG_ANSWER,7082,1513704792,fuliver123,CONTESTANT,PRETESTS,6,15,5632000
902,A,33414851,C++14 (GCC 6-32),TIME_LIMIT_EXCEEDED,623,1513698323,fury17,CONTESTANT,PRETESTS,2,1000,1945600
902,A,33419733,C++14 (GCC 6-32),WRONG_ANSWER,1454,1513699154,fury17,CONTESTANT,PRETESTS,1,0,1945600
902,A,33420406,C++14 (GCC 6-32),OK,1602,1513699302,fury17,CONTESTANT,TESTS,55,30,1945600
902,B,33422981,C++14 (GCC 6-32),OK,2254,1513699954,fury17,CONTESTANT,TESTS,50,31,2867200
902,C,33428941,C++14 (GCC 6-32),OK,4254,1513701954,fury17,CONTESTANT,TESTS,45,108,5836800
902,D,33434097,C++14 (GCC 6-32),WRONG_ANSWER,6623,1513704323,fury17,CONTESTANT,PRETESTS,2,15,1945600
902,A,33414241,GNU C++11,WRONG_ANSWER,514,1513698225,fushime2,CONTESTANT,PRETESTS,2,15,2048000
902,A,33415399,GNU C++11,WRONG_ANSWER,696,1513698406,fushime2,CONTESTANT,PRETESTS,2,15,2048000
902,A,33416717,GNU C++11,OK,892,1513698602,fushime2,CONTESTANT,TESTS,55,30,2048000
902,A,33415163,C++14 (GCC 6-32),OK,659,1513698369,futanaristic,CONTESTANT,TESTS,55,15,1945600
902,B,33435143,C++14 (GCC 6-32),OK,7039,1513704750,futanaristic,CONTESTANT,TESTS,50,46,2457600
902,A,33420358,C++14 (GCC 6-32),OK,1591,1513699291,futurial,CONTESTANT,TESTS,55,15,1945600
902,A,33415477,C++14 (GCC 6-32),WRONG_ANSWER,717,1513698417,fyras1,CONTESTANT,PRETESTS,2,15,1945600
902,A,33422100,C++14 (GCC 6-32),OK,2013,1513699713,fyras1,CONTESTANT,TESTS,55,15,1945600
902,B,33426037,C++14 (GCC 6-32),WRONG_ANSWER,3166,1513700866,fyras1,CONTESTANT,PRETESTS,9,15,2457600
902,B,33427152,C++14 (GCC 6-32),OK,3563,1513701263,fyras1,CONTESTANT,TESTS,50,30,2662400
902,C,33431811,C++14 (GCC 6-32),OK,5524,1513703224,fyras1,CONTESTANT,TESTS,45,93,4300800
902,C,33428247,GNU C++,WRONG_ANSWER,3973,1513701673,g__du,CONTESTANT,PRETESTS,4,15,2048000
902,A,33412917,C++14 (GCC 6-32),WRONG_ANSWER,289,1513697989,g_o_d,CONTESTANT,PRETESTS,2,15,3481600
902,A,33413659,C++14 (GCC 6-32),WRONG_ANSWER,431,1513698131,g_o_d,CONTESTANT,PRETESTS,2,0,3481600
902,A,33417505,C++14 (GCC 6-32),WRONG_ANSWER,1032,1513698732,g_o_d,CONTESTANT,PRETESTS,0,0,3481600
902,A,33418612,C++14 (GCC 6-32),OK,1224,1513698924,g_o_d,CONTESTANT,TESTS,55,15,3481600
902,B,33425294,C++14 (GCC 6-32),OK,2924,1513700624,g_o_d,CONTESTANT,TESTS,50,31,5939200
902,C,33430110,C++14 (GCC 6-32),WRONG_ANSWER,4746,1513702446,g_o_d,CONTESTANT,PRETESTS,1,15,3891200
902,C,33431640,C++14 (GCC 6-32),WRONG_ANSWER,5433,1513703133,g_o_d,CONTESTANT,PRETESTS,1,0,3481600
902,C,33432893,C++14 (GCC 6-32),WRONG_ANSWER,6063,1513703763,g_o_d,CONTESTANT,PRETESTS,3,15,3481600
902,C,33433473,C++14 (GCC 6-32),WRONG_ANSWER,6322,1513704022,g_o_d,CONTESTANT,PRETESTS,1,0,3481600
902,C,33433799,C++14 (GCC 6-32),WRONG_ANSWER,6469,1513704169,g_o_d,CONTESTANT,PRETESTS,1,15,3481600
902,C,33434537,C++14 (GCC 6-32),WRONG_ANSWER,6817,1513704517,g_o_d,CONTESTANT,PRETESTS,3,15,3481600
902,C,33434622,C++14 (GCC 6-32),WRONG_ANSWER,6853,1513704553,g_o_d,CONTESTANT,PRETESTS,3,15,3481600
902,C,33435210,C++14 (GCC 6-32),WRONG_ANSWER,7074,1513704774,g_o_d,CONTESTANT,PRETESTS,1,0,3481600
902,A,33423533,C++14 (GCC 6-32),WRONG_ANSWER,2415,1513700115,gabriel_g,CONTESTANT,PRETESTS,2,15,1945600
902,A,33430344,C++14 (GCC 6-32),OK,4839,1513702539,gabriel_g,CONTESTANT,TESTS,55,15,1945600
902,B,33433701,C++14 (GCC 6-32),RUNTIME_ERROR,6426,1513704126,gabriel_g,CONTESTANT,PRETESTS,5,15,2048000
902,B,33433794,C++14 (GCC 6-32),OK,6466,1513704166,gabriel_g,CONTESTANT,TESTS,50,31,2457600
902,A,33413176,GNU C++11,OK,343,1513698043,gaiaismus,CONTESTANT,TESTS,55,31,2457600
902,B,33419830,GNU C++11,OK,1474,1513699174,gaiaismus,CONTESTANT,TESTS,50,31,4608000
902,C,33426043,GNU C++11,OK,3167,1513700867,gaiaismus,CONTESTANT,TESTS,45,108,5632000
902,A,33416508,C++14 (GCC 6-32),WRONG_ANSWER,869,1513698569,gajapathi_97,CONTESTANT,PRETESTS,4,15,1945600
902,A,33417989,C++14 (GCC 6-32),OK,1116,1513698816,gajapathi_97,CONTESTANT,TESTS,55,15,1945600
902,B,33424052,C++14 (GCC 6-32),OK,2558,1513700258,gajapathi_97,CONTESTANT,TESTS,50,31,2764800
902,C,33432290,C++14 (GCC 6-32),OK,5760,1513703460,gajapathi_97,CONTESTANT,TESTS,45,78,3891200
902,A,33412722,GNU C++,OK,206,1513697916,galloska,CONTESTANT,TESTS,55,15,6041600
902,B,33415820,GNU C++,OK,756,1513698467,galloska,CONTESTANT,TESTS,50,31,18432000
902,C,33422928,GNU C++,WRONG_ANSWER,2233,1513699943,galloska,CONTESTANT,PRETESTS,4,15,10035200
902,C,33424060,GNU C++,OK,2550,1513700260,galloska,CONTESTANT,TESTS,45,234,12697600
902,D,33429299,GNU C++,WRONG_ANSWER,4386,1513702096,galloska,CONTESTANT,PRETESTS,2,15,2048000
902,D,33433735,GNU C++,WRONG_ANSWER,6431,1513704141,galloska,CONTESTANT,PRETESTS,2,0,2048000
902,D,33433946,GNU C++,RUNTIME_ERROR,6535,1513704245,galloska,CONTESTANT,PRETESTS,2,0,2048000
902,D,33434036,GNU C++,WRONG_ANSWER,6589,1513704299,galloska,CONTESTANT,PRETESTS,2,15,2048000
902,D,33434487,GNU C++,WRONG_ANSWER,6788,1513704499,galloska,CONTESTANT,PRETESTS,6,0,2048000
902,D,33435213,GNU C++,WRONG_ANSWER,7065,1513704775,galloska,CONTESTANT,PRETESTS,3,15,2048000
902,D,33435489,GNU C++,WRONG_ANSWER,7151,1513704861,galloska,CONTESTANT,PRETESTS,6,15,2048000
902,D,33435656,GNU C++,WRONG_ANSWER,7183,1513704893,galloska,CONTESTANT,PRETESTS,6,15,2048000
902,A,33416721,GNU C++,WRONG_ANSWER,903,1513698603,gam2_git6,CONTESTANT,PRETESTS,2,0,2048000
902,A,33418557,GNU C++,CHALLENGED,1215,1513698915,gam2_git6,CONTESTANT,CHALLENGES,8,15,2048000
902,C,33432360,GNU C++,OK,5790,1513703490,gam2_git6,CONTESTANT,TESTS,45,109,2457600
902,A,33433359,GNU C++,OK,6275,1513703975,gam2_git6,CONTESTANT,TESTS,55,15,2048000
902,C,33427253,C++14 (GCC 6-32),OK,3604,1513701304,gamerdsinghvi,CONTESTANT,TESTS,45,140,2252800
902,A,33428877,C++14 (GCC 6-32),WRONG_ANSWER,4231,1513701931,gamerdsinghvi,CONTESTANT,TESTS,41,15,1945600
902,B,33431996,C++14 (GCC 6-32),OK,5615,1513703315,gamerdsinghvi,CONTESTANT,TESTS,50,46,4403200
902,A,33413028,Java 8,OK,314,1513698014,gamezovladislav,CONTESTANT,TESTS,55,124,20684800
902,B,33417706,Java 8,OK,1068,1513698768,gamezovladislav,CONTESTANT,TESTS,50,155,20684800
902,C,33427281,Java 8,WRONG_ANSWER,3615,1513701315,gamezovladislav,CONTESTANT,PRETESTS,1,108,20582400
902,C,33427368,Java 8,WRONG_ANSWER,3648,1513701348,gamezovladislav,CONTESTANT,PRETESTS,4,124,20684800
902,C,33427708,Java 8,WRONG_ANSWER,3771,1513701471,gamezovladislav,CONTESTANT,PRETESTS,4,124,20684800
902,C,33428559,Java 8,OK,4098,1513701798,gamezovladislav,CONTESTANT,TESTS,45,280,37580800
902,A,33421778,GNU C++11,OK,1935,1513699635,gandhi,CONTESTANT,TESTS,55,15,2048000
902,A,33415470,C++14 (GCC 6-32),OK,716,1513698417,gangpener,CONTESTANT,TESTS,55,15,1945600
902,B,33418587,C++14 (GCC 6-32),WRONG_ANSWER,1220,1513698920,gangpener,CONTESTANT,PRETESTS,2,15,1945600
902,B,33419522,C++14 (GCC 6-32),OK,1414,1513699114,gangpener,CONTESTANT,TESTS,50,30,1945600
902,C,33424020,C++14 (GCC 6-32),OK,2551,1513700251,gangpener,CONTESTANT,TESTS,45,93,2252800
902,A,33414001,C++14 (GCC 6-32),OK,477,1513698188,gaoadt,CONTESTANT,TESTS,55,15,1945600
902,B,33419115,C++14 (GCC 6-32),OK,1326,1513699036,gaoadt,CONTESTANT,TESTS,50,46,2560000
902,C,33426684,C++14 (GCC 6-32),OK,3385,1513701095,gaoadt,CONTESTANT,TESTS,45,140,3891200
902,D,33435089,C++14 (GCC 6-32),OK,7030,1513704730,gaoadt,CONTESTANT,TESTS,150,15,1945600
902,A,33414816,GNU C++11,SKIPPED,616,1513698316,gardusig,CONTESTANT,PRETESTS,8,15,2150400
902,B,33417568,GNU C++11,OK,1043,1513698743,gardusig,CONTESTANT,TESTS,50,15,2560000
902,C,33424516,GNU C++11,WRONG_ANSWER,2691,1513700391,gardusig,CONTESTANT,PRETESTS,4,15,2560000
902,C,33426390,GNU C++11,WRONG_ANSWER,3288,1513700988,gardusig,CONTESTANT,PRETESTS,4,15,2560000
902,C,33427267,GNU C++11,WRONG_ANSWER,3611,1513701311,gardusig,CONTESTANT,PRETESTS,6,15,2560000
902,C,33429360,GNU C++11,WRONG_ANSWER,4422,1513702122,gardusig,CONTESTANT,PRETESTS,5,15,2560000
902,C,33430164,GNU C++11,OK,4769,1513702469,gardusig,CONTESTANT,TESTS,45,124,5120000
902,A,33431348,GNU C++11,OK,5286,1513702986,gardusig,CONTESTANT,TESTS,55,15,2150400
902,A,33414453,C++14 (GCC 6-32),WRONG_ANSWER,559,1513698259,garipov.roma,CONTESTANT,PRETESTS,0,15,2048000
902,A,33414758,C++14 (GCC 6-32),WRONG_ANSWER,605,1513698305,garipov.roma,CONTESTANT,PRETESTS,2,15,2252800
902,A,33415524,C++14 (GCC 6-32),WRONG_ANSWER,725,1513698425,garipov.roma,CONTESTANT,PRETESTS,2,15,2252800
902,A,33423261,C++14 (GCC 6-32),OK,2343,1513700043,garipov.roma,CONTESTANT,TESTS,55,31,1945600
902,B,33424481,C++14 (GCC 6-32),OK,2683,1513700383,garipov.roma,CONTESTANT,TESTS,50,30,2560000
902,A,33423871,Java 8,RUNTIME_ERROR,2508,1513700208,garzuzo,CONTESTANT,PRETESTS,3,109,20684800
902,A,33425446,Java 8,OK,2974,1513700674,garzuzo,CONTESTANT,TESTS,55,124,20684800
902,A,33419421,GNU C++11,OK,1391,1513699091,gatewaytoabhinav,CONTESTANT,TESTS,55,15,2048000
902,B,33426988,GNU C++11,OK,3499,1513701199,gatewaytoabhinav,CONTESTANT,TESTS,50,15,2355200
902,A,33414207,C++14 (GCC 6-32),WRONG_ANSWER,520,1513698220,gaurav172,CONTESTANT,PRETESTS,0,0,1843200
902,A,33415019,C++14 (GCC 6-32),OK,649,1513698349,gaurav172,CONTESTANT,TESTS,55,15,1945600
902,B,33423590,C++14 (GCC 6-32),OK,2430,1513700130,gaurav172,CONTESTANT,TESTS,50,312,2867200
902,C,33427068,C++14 (GCC 6-32),WRONG_ANSWER,3533,1513701233,gaurav172,CONTESTANT,PRETESTS,4,15,2662400
902,C,33428068,C++14 (GCC 6-32),WRONG_ANSWER,3901,1513701601,gaurav172,CONTESTANT,PRETESTS,4,15,2662400
902,C,33428957,C++14 (GCC 6-32),OK,4260,1513701960,gaurav172,CONTESTANT,TESTS,45,156,2662400
902,A,33413105,C++14 (GCC 6-32),OK,332,1513698032,gaurav_gehlot,CONTESTANT,TESTS,55,15,1945600
902,B,33417032,C++14 (GCC 6-32),OK,950,1513698650,gaurav_gehlot,CONTESTANT,TESTS,50,30,3993600
902,C,33422865,C++14 (GCC 6-32),OK,2225,1513699925,gaurav_gehlot,CONTESTANT,TESTS,45,78,3072000
902,A,33412654,C++14 (GCC 6-32),WRONG_ANSWER,163,1513697863,gauss148,CONTESTANT,PRETESTS,1,0,1843200
902,A,33412735,C++14 (GCC 6-32),WRONG_ANSWER,220,1513697920,gauss148,CONTESTANT,PRETESTS,0,0,1945600
902,A,33412880,C++14 (GCC 6-32),OK,277,1513697977,gauss148,CONTESTANT,TESTS,55,15,1945600
902,B,33414539,C++14 (GCC 6-32),OK,574,1513698274,gauss148,CONTESTANT,TESTS,50,15,2355200
902,C,33425592,C++14 (GCC 6-32),WRONG_ANSWER,3020,1513700720,gauss148,CONTESTANT,TESTS,15,77,2662400
902,A,33417588,C++14 (GCC 6-32),WRONG_ANSWER,1049,1513698749,gautam1212,CONTESTANT,PRETESTS,4,15,1843200
902,A,33418300,C++14 (GCC 6-32),WRONG_ANSWER,1167,1513698867,gautam1212,CONTESTANT,PRETESTS,4,15,1945600
902,A,33419422,C++14 (GCC 6-32),WRONG_ANSWER,1391,1513699091,gautam1212,CONTESTANT,PRETESTS,4,15,1843200
902,A,33420182,C++14 (GCC 6-32),WRONG_ANSWER,1552,1513699252,gautam1212,CONTESTANT,PRETESTS,4,15,1843200
902,A,33422009,C++14 (GCC 6-32),OK,1995,1513699695,gautam1212,CONTESTANT,TESTS,55,15,1945600
902,B,33428678,C++14 (GCC 6-32),OK,4152,1513701852,gautam1212,CONTESTANT,TESTS,50,202,2457600
902,A,33416056,GNU C++,WRONG_ANSWER,799,1513698499,gautamcse27,CONTESTANT,PRETESTS,2,15,2048000
902,A,33417308,GNU C++,WRONG_ANSWER,999,1513698699,gautamcse27,CONTESTANT,PRETESTS,2,15,2048000
902,A,33414703,C++14 (GCC 6-32),WRONG_ANSWER,596,1513698296,gawd,CONTESTANT,PRETESTS,2,0,1945600
902,B,33421050,C++14 (GCC 6-32),OK,1757,1513699457,gawd,CONTESTANT,TESTS,50,46,2560000
902,A,33423497,C++14 (GCC 6-32),WRONG_ANSWER,2405,1513700105,gawd,CONTESTANT,PRETESTS,3,15,1843200
902,A,33427418,C++14 (GCC 6-32),OK,3663,1513701363,gawd,CONTESTANT,TESTS,55,15,1945600
902,C,33434099,C++14 (GCC 6-32),WRONG_ANSWER,6624,1513704324,gawd,CONTESTANT,PRETESTS,1,15,1843200
902,A,33413904,GNU C++11,SKIPPED,472,1513698172,gaysRcool,CONTESTANT,PRETESTS,8,15,2048000
902,A,33415931,GNU C++11,OK,782,1513698482,gaysRcool,CONTESTANT,TESTS,55,15,2048000
902,B,33420201,GNU C++11,OK,1558,1513699258,gaysRcool,CONTESTANT,TESTS,50,31,2560000
902,C,33432644,GNU C++11,OK,5941,1513703642,gaysRcool,CONTESTANT,TESTS,45,234,3686400
902,A,33419583,GNU C++11,WRONG_ANSWER,1428,1513699128,gdhofer,CONTESTANT,PRETESTS,0,15,2048000
902,A,33420025,GNU C++11,OK,1518,1513699218,gdhofer,CONTESTANT,TESTS,55,30,2048000
902,B,33429820,GNU C++11,OK,4623,1513702323,gdhofer,CONTESTANT,TESTS,50,77,3788800
902,A,33421142,GNU C++11,TIME_LIMIT_EXCEEDED,1780,1513699480,gdka,CONTESTANT,TESTS,13,1000,2048000
902,B,33425129,GNU C++11,OK,2869,1513700569,gdka,CONTESTANT,TESTS,50,30,2560000
902,C,33429105,GNU C++11,WRONG_ANSWER,4321,1513702021,gdka,CONTESTANT,PRETESTS,3,15,2867200
902,C,33431075,GNU C++11,WRONG_ANSWER,5153,1513702853,gdka,CONTESTANT,PRETESTS,4,15,2867200
902,C,33431874,GNU C++11,WRONG_ANSWER,5557,1513703257,gdka,CONTESTANT,PRETESTS,4,0,2867200
902,C,33432198,GNU C++11,WRONG_ANSWER,5711,1513703411,gdka,CONTESTANT,PRETESTS,4,15,2867200
902,A,33415521,C++14 (GCC 6-32),WRONG_ANSWER,724,1513698424,gech_guy,CONTESTANT,PRETESTS,5,15,1945600
902,A,33417370,C++14 (GCC 6-32),WRONG_ANSWER,1010,1513698710,gech_guy,CONTESTANT,PRETESTS,5,15,1945600
902,B,33422746,C++14 (GCC 6-32),OK,2195,1513699895,gech_guy,CONTESTANT,TESTS,50,46,2457600
902,A,33423923,C++14 (GCC 6-32),WRONG_ANSWER,2526,1513700226,gech_guy,CONTESTANT,PRETESTS,5,15,1945600
902,A,33424356,C++14 (GCC 6-32),WRONG_ANSWER,2639,1513700339,gech_guy,CONTESTANT,PRETESTS,5,15,1945600
902,A,33417961,MS C#,WRONG_ANSWER,1110,1513698810,geeky.omar,CONTESTANT,PRETESTS,2,61,11673600
902,A,33418664,MS C#,WRONG_ANSWER,1235,1513698935,geeky.omar,CONTESTANT,PRETESTS,2,46,11673600
902,A,33421215,MS C#,WRONG_ANSWER,1797,1513699497,geeky.omar,CONTESTANT,PRETESTS,2,46,11673600
902,A,33422452,MS C#,WRONG_ANSWER,2113,1513699813,geeky.omar,CONTESTANT,PRETESTS,1,46,11571200
902,A,33423118,MS C#,WRONG_ANSWER,2299,1513699999,geeky.omar,CONTESTANT,PRETESTS,0,30,11673600
902,A,33424208,MS C#,WRONG_ANSWER,2597,1513700297,geeky.omar,CONTESTANT,PRETESTS,3,46,11673600
902,A,33432190,GNU C++,OK,5707,1513703407,geetha_559,CONTESTANT,TESTS,55,15,2048000
902,A,33427218,GNU C,WRONG_ANSWER,3591,1513701291,geethika,CONTESTANT,PRETESTS,2,15,1843200
902,A,33430510,GNU C,WRONG_ANSWER,4907,1513702607,geethika,CONTESTANT,PRETESTS,2,15,1843200
902,A,33430971,GNU C,WRONG_ANSWER,5106,1513702806,geethika,CONTESTANT,PRETESTS,2,15,1843200
902,A,33434274,GNU C++,OK,6705,1513704405,geethika,CONTESTANT,TESTS,55,31,2048000
902,A,33413259,C++14 (GCC 6-32),WRONG_ANSWER,361,1513698061,geom_acm,CONTESTANT,PRETESTS,2,15,5529600
902,A,33416711,C++14 (GCC 6-32),WRONG_ANSWER,901,1513698601,geom_acm,CONTESTANT,PRETESTS,2,15,1945600
902,A,33418710,C++14 (GCC 6-32),CHALLENGED,1244,1513698944,geom_acm,CONTESTANT,CHALLENGES,8,15,1945600
902,A,33424145,C++14 (GCC 6-32),WRONG_ANSWER,2583,1513700283,geom_acm,CONTESTANT,CHALLENGES,0,15,1945600
902,A,33426846,C++14 (GCC 6-32),WRONG_ANSWER,3455,1513701155,geom_acm,CONTESTANT,CHALLENGES,0,15,1945600
902,B,33435583,C++14 (GCC 6-32),OK,7180,1513704880,geom_acm,CONTESTANT,TESTS,50,31,2662400
902,A,33416558,GNU C++11,WRONG_ANSWER,867,1513698577,gerardd,CONTESTANT,TESTS,47,31,30310400
902,B,33418199,GNU C++11,OK,1139,1513698850,gerardd,CONTESTANT,TESTS,50,31,30412800
902,C,33422239,GNU C++11,OK,2036,1513699746,gerardd,CONTESTANT,TESTS,45,264,29286400
902,A,33421168,C++14 (GCC 6-32),TIME_LIMIT_EXCEEDED,1776,1513699486,germanrobayo33,CONTESTANT,PRETESTS,7,1000,2048000
902,A,33421688,C++14 (GCC 6-32),WRONG_ANSWER,1901,1513699612,germanrobayo33,CONTESTANT,TESTS,47,15,2048000
902,B,33429761,C++14 (GCC 6-32),OK,4586,1513702296,germanrobayo33,CONTESTANT,TESTS,50,233,2560000
902,A,33417386,MS C#,WRONG_ANSWER,1003,1513698713,geronimo00,CONTESTANT,PRETESTS,2,46,11571200
902,A,33420676,MS C#,WRONG_ANSWER,1656,1513699367,geronimo00,CONTESTANT,PRETESTS,2,46,11673600
902,A,33423962,MS C#,RUNTIME_ERROR,2525,1513700236,geronimo00,CONTESTANT,PRETESTS,2,46,11776000
902,A,33429579,MS C#,OK,4512,1513702222,geronimo00,CONTESTANT,TESTS,55,62,11776000
902,A,33413490,C++14 (GCC 6-32),WRONG_ANSWER,390,1513698100,getSchwifty,CONTESTANT,PRETESTS,2,15,1843200
902,A,33414133,C++14 (GCC 6-32),WRONG_ANSWER,498,1513698208,getSchwifty,CONTESTANT,PRETESTS,1,15,1843200
902,A,33417407,C++14 (GCC 6-32),OK,1005,1513698715,getSchwifty,CONTESTANT,TESTS,55,15,5324800
902,B,33432905,C++14 (GCC 6-32),OK,6057,1513703768,getSchwifty,CONTESTANT,TESTS,50,46,3993600
902,A,33420564,GNU C++,WRONG_ANSWER,1630,1513699341,getcode,CONTESTANT,PRETESTS,2,0,2048000
902,A,33424632,GNU C++,WRONG_ANSWER,2714,1513700424,getcode,CONTESTANT,PRETESTS,2,15,2048000
902,A,33425454,GNU C++,WRONG_ANSWER,2968,1513700678,getcode,CONTESTANT,PRETESTS,2,0,2048000
902,A,33426368,GNU C++,WRONG_ANSWER,3266,1513700976,getcode,CONTESTANT,PRETESTS,2,15,2048000
902,A,33420684,GNU C++,OK,1668,1513699368,getgoingwithsibi,CONTESTANT,TESTS,55,15,2048000
902,B,33426871,GNU C++,TIME_LIMIT_EXCEEDED,3460,1513701160,getgoingwithsibi,CONTESTANT,PRETESTS,5,1000,3584000
902,B,33427348,GNU C++,TIME_LIMIT_EXCEEDED,3641,1513701341,getgoingwithsibi,CONTESTANT,PRETESTS,5,1000,3584000
902,B,33429443,GNU C++,TIME_LIMIT_EXCEEDED,4460,1513702160,getgoingwithsibi,CONTESTANT,PRETESTS,5,1000,3584000
902,B,33434214,GNU C++,OK,6677,1513704377,getgoingwithsibi,CONTESTANT,TESTS,50,46,2355200
902,A,33413774,GNU C++,OK,451,1513698151,gg_14,CONTESTANT,TESTS,55,15,2048000
902,B,33418599,GNU C++,OK,1222,1513698922,gg_14,CONTESTANT,TESTS,50,30,2560000
902,C,33426903,GNU C++,WRONG_ANSWER,3471,1513701171,gg_14,CONTESTANT,PRETESTS,1,0,2867200
902,C,33427055,GNU C++,OK,3528,1513701228,gg_14,CONTESTANT,TESTS,45,109,4403200
902,A,33417030,Java 8,WRONG_ANSWER,950,1513698650,ghaint_,CONTESTANT,PRETESTS,2,108,20582400
902,A,33419443,Java 8,WRONG_ANSWER,1396,1513699096,ghaint_,CONTESTANT,PRETESTS,2,109,20582400
902,A,33422304,Java 8,WRONG_ANSWER,2066,1513699766,ghaint_,CONTESTANT,PRETESTS,0,108,20582400
902,A,33423534,Java 8,OK,2415,1513700115,ghaint_,CONTESTANT,TESTS,55,139,20684800
902,A,33413365,C++14 (GCC 6-32),OK,378,1513698078,ghazanfar_iiuc,CONTESTANT,TESTS,55,15,2048000
902,B,33418238,C++14 (GCC 6-32),OK,1157,1513698857,ghazanfar_iiuc,CONTESTANT,TESTS,50,15,2457600
902,C,33426235,C++14 (GCC 6-32),OK,3235,1513700935,ghazanfar_iiuc,CONTESTANT,TESTS,45,93,5017600
902,A,33414371,GNU C++11,CHALLENGED,544,1513698244,gheorghe_armand,CONTESTANT,CHALLENGES,8,15,2048000
902,A,33427029,GNU C++11,COMPILATION_ERROR,3515,1513701215,gheorghe_armand,CONTESTANT,PRETESTS,0,0,0
902,A,33427194,GNU C++11,WRONG_ANSWER,3585,1513701285,gheorghe_armand,CONTESTANT,CHALLENGES,0,15,2048000
902,B,33428063,GNU C++11,OK,3899,1513701599,gheorghe_armand,CONTESTANT,TESTS,50,295,102400000
902,A,33429886,GNU C++11,WRONG_ANSWER,4646,1513702346,gheorghe_armand,CONTESTANT,CHALLENGES,0,15,2048000
902,A,33431046,GNU C++11,WRONG_ANSWER,5136,1513702836,gheorghe_armand,CONTESTANT,PRETESTS,2,15,2048000
902,A,33432331,GNU C++11,WRONG_ANSWER,5778,1513703478,gheorghe_armand,CONTESTANT,PRETESTS,2,15,2048000
902,A,33432622,GNU C++11,OK,5930,1513703630,gheorghe_armand,CONTESTANT,TESTS,55,15,2048000
902,A,33417638,GNU C,COMPILATION_ERROR,1057,1513698757,ghost1109,CONTESTANT,PRETESTS,0,0,0
902,A,33417717,GNU C++,WRONG_ANSWER,1070,1513698770,ghost1109,CONTESTANT,PRETESTS,2,15,2048000
902,A,33422401,GNU C++,WRONG_ANSWER,2100,1513699800,ghost1109,CONTESTANT,PRETESTS,0,0,2048000
902,A,33423258,GNU C++,WRONG_ANSWER,2343,1513700043,ghost1109,CONTESTANT,PRETESTS,4,15,2048000
902,A,33428162,GNU C++,COMPILATION_ERROR,3940,1513701640,ghost1109,CONTESTANT,PRETESTS,0,0,0
902,A,33416679,Java 8,OK,895,1513698595,ght17,CONTESTANT,TESTS,55,155,20992000
902,B,33434528,Java 8,TIME_LIMIT_EXCEEDED,6815,1513704515,ght17,CONTESTANT,TESTS,10,1000,21094400
902,A,33413407,GNU C,COMPILATION_ERROR,386,1513698086,ghu9999,CONTESTANT,PRETESTS,0,0,0
902,A,33413562,GNU C++,WRONG_ANSWER,415,1513698115,ghu9999,CONTESTANT,PRETESTS,2,15,2048000
902,A,33414105,GNU C++,WRONG_ANSWER,504,1513698204,ghu9999,CONTESTANT,PRETESTS,2,15,2048000
902,A,33414642,GNU C++,WRONG_ANSWER,589,1513698289,ghu9999,CONTESTANT,PRETESTS,3,15,2048000
902,A,33415568,GNU C++,OK,730,1513698430,ghu9999,CONTESTANT,TESTS,55,15,2048000
902,B,33422975,GNU C++,WRONG_ANSWER,2252,1513699952,ghu9999,CONTESTANT,PRETESTS,0,0,9318400
902,B,33424376,GNU C++,OK,2646,1513700346,ghu9999,CONTESTANT,TESTS,50,31,11264000
902,A,33415326,C++14 (GCC 6-32),OK,695,1513698395,giahuy22062001,CONTESTANT,TESTS,55,15,1945600
902,B,33421789,C++14 (GCC 6-32),OK,1937,1513699637,giahuy22062001,CONTESTANT,TESTS,50,46,2560000
902,C,33428906,C++14 (GCC 6-32),WRONG_ANSWER,4238,1513701938,giahuy22062001,CONTESTANT,PRETESTS,1,0,3072000
902,A,33415333,GNU C++11,WRONG_ANSWER,685,1513698396,giang.best.1,CONTESTANT,PRETESTS,1,0,2048000
902,A,33417342,GNU C++11,OK,994,1513698705,giang.best.1,CONTESTANT,TESTS,55,15,2048000
902,B,33424963,GNU C++11,OK,2807,1513700518,giang.best.1,CONTESTANT,TESTS,50,46,2457600
902,C,33429375,GNU C++11,OK,4419,1513702129,giang.best.1,CONTESTANT,TESTS,45,248,4608000
902,A,33415946,C++14 (GCC 6-32),OK,784,1513698484,gilfoyleBachman,CONTESTANT,TESTS,55,15,2252800
902,C,33421443,C++14 (GCC 6-32),WRONG_ANSWER,1852,1513699552,gilfoyleBachman,CONTESTANT,PRETESTS,1,0,5939200
902,C,33421672,C++14 (GCC 6-32),WRONG_ANSWER,1908,1513699608,gilfoyleBachman,CONTESTANT,TESTS,16,124,5939200
902,B,33422363,C++14 (GCC 6-32),OK,2086,1513699786,gilfoyleBachman,CONTESTANT,TESTS,50,30,2764800
902,A,33428318,C++14 (GCC 6-32),OK,3998,1513701698,giorgi,CONTESTANT,TESTS,55,15,1945600
902,B,33434763,C++14 (GCC 6-32),WRONG_ANSWER,6917,1513704617,giorgi,CONTESTANT,PRETESTS,0,0,9932800
902,A,33414006,GNU C++11,WRONG_ANSWER,488,1513698189,giorgi.janjgava,CONTESTANT,PRETESTS,2,15,2048000
902,A,33416642,GNU C++11,WRONG_ANSWER,889,1513698589,giorgi.janjgava,CONTESTANT,PRETESTS,2,15,2048000
902,A,33418864,GNU C++11,WRONG_ANSWER,1277,1513698977,giorgi.janjgava,CONTESTANT,PRETESTS,2,15,2048000
902,A,33419783,GNU C++11,WRONG_ANSWER,1464,1513699164,giorgi.janjgava,CONTESTANT,PRETESTS,2,15,2048000
902,A,33420075,GNU C++11,WRONG_ANSWER,1530,1513699230,giorgi.janjgava,CONTESTANT,PRETESTS,2,0,2048000
902,A,33415464,GNU C++11,WRONG_ANSWER,705,1513698416,gitarist,CONTESTANT,PRETESTS,3,15,2048000
902,A,33416298,GNU C++11,OK,837,1513698537,gitarist,CONTESTANT,TESTS,55,15,2048000
902,A,33413423,C++14 (GCC 6-32),OK,390,1513698090,gitesh18,CONTESTANT,TESTS,55,15,1945600
902,B,33418888,C++14 (GCC 6-32),OK,1283,1513698983,gitesh18,CONTESTANT,TESTS,50,31,4096000
902,C,33435440,C++14 (GCC 6-32),WRONG_ANSWER,7149,1513704849,gitesh18,CONTESTANT,PRETESTS,1,0,1843200
902,A,33416902,C++14 (GCC 6-32),WRONG_ANSWER,930,1513698630,glebshapa,CONTESTANT,PRETESTS,2,15,1945600
902,A,33419094,C++14 (GCC 6-32),WRONG_ANSWER,1330,1513699030,glebshapa,CONTESTANT,PRETESTS,2,15,1843200
902,A,33418477,C++14 (GCC 6-32),WRONG_ANSWER,1199,1513698899,go_to_hell,CONTESTANT,PRETESTS,3,0,2048000
902,A,33420981,C++14 (GCC 6-32),RUNTIME_ERROR,1740,1513699440,go_to_hell,CONTESTANT,PRETESTS,3,15,1843200
902,A,33421487,C++14 (GCC 6-32),WRONG_ANSWER,1865,1513699565,go_to_hell,CONTESTANT,PRETESTS,5,15,1945600
902,A,33422091,C++14 (GCC 6-32),WRONG_ANSWER,2010,1513699710,go_to_hell,CONTESTANT,PRETESTS,1,0,1945600
902,A,33422810,C++14 (GCC 6-32),WRONG_ANSWER,2212,1513699912,go_to_hell,CONTESTANT,PRETESTS,2,15,1843200
902,A,33427001,C++14 (GCC 6-32),WRONG_ANSWER,3504,1513701204,go_to_hell,CONTESTANT,PRETESTS,2,0,1945600
902,A,33427118,C++14 (GCC 6-32),WRONG_ANSWER,3549,1513701249,go_to_hell,CONTESTANT,PRETESTS,2,15,1843200
902,A,33427347,C++14 (GCC 6-32),WRONG_ANSWER,3641,1513701341,go_to_hell,CONTESTANT,PRETESTS,2,0,1843200
902,A,33427473,C++14 (GCC 6-32),WRONG_ANSWER,3685,1513701385,go_to_hell,CONTESTANT,PRETESTS,5,15,1945600
902,A,33427680,C++14 (GCC 6-32),WRONG_ANSWER,3760,1513701460,go_to_hell,CONTESTANT,PRETESTS,5,15,1843200
902,A,33427975,C++14 (GCC 6-32),WRONG_ANSWER,3865,1513701565,go_to_hell,CONTESTANT,PRETESTS,5,15,1945600
902,A,33428121,C++14 (GCC 6-32),RUNTIME_ERROR,3925,1513701625,go_to_hell,CONTESTANT,PRETESTS,3,15,1945600
902,A,33417282,Java 8,WRONG_ANSWER,995,1513698695,goclimb,CONTESTANT,PRETESTS,3,140,20992000
902,A,33418532,Java 8,WRONG_ANSWER,1210,1513698910,goclimb,CONTESTANT,PRETESTS,1,139,20992000
902,A,33416860,C++14 (GCC 6-32),WRONG_ANSWER,923,1513698623,godiv1,CONTESTANT,PRETESTS,0,0,1843200
902,A,33417367,C++14 (GCC 6-32),OK,1010,1513698710,godiv1,CONTESTANT,TESTS,55,15,1945600
902,B,33423472,C++14 (GCC 6-32),OK,2397,1513700097,godiv1,CONTESTANT,TESTS,50,15,2457600
902,C,33427459,C++14 (GCC 6-32),WRONG_ANSWER,3679,1513701379,godiv1,CONTESTANT,PRETESTS,1,15,1843200
902,C,33429289,C++14 (GCC 6-32),WRONG_ANSWER,4393,1513702093,godiv1,CONTESTANT,PRETESTS,6,15,1945600
902,C,33429716,C++14 (GCC 6-32),WRONG_ANSWER,4578,1513702278,godiv1,CONTESTANT,TESTS,37,77,2252800
902,A,33413323,PyPy 2,OK,371,1513698071,godmar,CONTESTANT,TESTS,55,78,21196800
902,B,33419502,PyPy 2,RUNTIME_ERROR,1408,1513699108,godmar,CONTESTANT,TESTS,17,233,30208000
902,C,33428288,Java 8,OK,3987,1513701687,godmar,CONTESTANT,TESTS,45,218,27545600
902,A,33422263,C++14 (GCC 6-32),CHALLENGED,2042,1513699753,godoftheworld,CONTESTANT,CHALLENGES,8,15,1945600
902,A,33417865,C++14 (GCC 6-32),WRONG_ANSWER,1096,1513698796,goel_ujjwal,CONTESTANT,PRETESTS,2,15,1945600
902,A,33419056,C++14 (GCC 6-32),WRONG_ANSWER,1322,1513699022,goel_ujjwal,CONTESTANT,PRETESTS,2,15,1945600
902,A,33421458,C++14 (GCC 6-32),OK,1856,1513699556,goel_ujjwal,CONTESTANT,TESTS,55,15,1945600
902,B,33428698,C++14 (GCC 6-32),OK,4160,1513701860,goel_ujjwal,CONTESTANT,TESTS,50,46,2560000
902,A,33415772,C++14 (GCC 6-32),WRONG_ANSWER,761,1513698461,goginenibharath,CONTESTANT,PRETESTS,2,0,1945600
902,A,33416867,C++14 (GCC 6-32),WRONG_ANSWER,924,1513698624,goginenibharath,CONTESTANT,PRETESTS,2,15,1945600
902,A,33418198,C++14 (GCC 6-32),WRONG_ANSWER,1150,1513698850,goginenibharath,CONTESTANT,PRETESTS,2,0,1945600
902,A,33418982,C++14 (GCC 6-32),OK,1303,1513699003,goginenibharath,CONTESTANT,TESTS,55,15,1945600
902,A,33412838,Python 3,WRONG_ANSWER,263,1513697963,golikovnik,CONTESTANT,PRETESTS,2,61,5529600
902,A,33417321,Python 3,WRONG_ANSWER,1001,1513698701,golikovnik,CONTESTANT,TESTS,11,62,5632000
902,B,33421953,C++14 (GCC 6-32),OK,1980,1513699680,golikovnik,CONTESTANT,TESTS,50,30,2457600
902,C,33429093,C++14 (GCC 6-32),OK,4316,1513702016,golikovnik,CONTESTANT,TESTS,45,93,2252800
902,A,33418127,GNU C++11,WRONG_ANSWER,1138,1513698838,golu11,CONTESTANT,PRETESTS,3,15,2048000
902,A,33419320,GNU C++11,OK,1370,1513699070,golu11,CONTESTANT,TESTS,55,15,2048000
902,B,33429766,GNU C++11,OK,4600,1513702300,golu11,CONTESTANT,TESTS,50,30,2560000
902,A,33413299,C++14 (GCC 6-32),WRONG_ANSWER,367,1513698067,golub,CONTESTANT,PRETESTS,1,15,1843200
902,A,33414583,C++14 (GCC 6-32),WRONG_ANSWER,581,1513698281,golub,CONTESTANT,TESTS,11,15,1945600
902,B,33418175,C++14 (GCC 6-32),OK,1146,1513698846,golub,CONTESTANT,TESTS,50,30,2662400
902,C,33425078,C++14 (GCC 6-32),WRONG_ANSWER,2856,1513700556,golub,CONTESTANT,PRETESTS,4,15,1945600
902,C,33425510,C++14 (GCC 6-32),OK,2994,1513700694,golub,CONTESTANT,TESTS,45,109,8499200
902,A,33418890,C++14 (GCC 6-32),WRONG_ANSWER,1283,1513698983,gomu,CONTESTANT,PRETESTS,2,15,1945600
902,A,33420116,C++14 (GCC 6-32),OK,1539,1513699239,gomu,CONTESTANT,TESTS,55,15,1945600
902,B,33427364,C++14 (GCC 6-32),OK,3646,1513701346,gomu,CONTESTANT,TESTS,50,46,3788800
902,C,33432852,C++14 (GCC 6-32),OK,6039,1513703739,gomu,CONTESTANT,TESTS,45,140,2252800
902,A,33416506,GNU C++17 Diagnostics,CHALLENGED,858,1513698569,goo9,CONTESTANT,CHALLENGES,8,826,100147200
902,B,33423886,GNU C++17 Diagnostics,TIME_LIMIT_EXCEEDED,2503,1513700213,goo9,CONTESTANT,TESTS,10,1000,101580800
902,A,33413173,MS C++,WRONG_ANSWER,342,1513698042,goodhope,CONTESTANT,PRETESTS,3,15,2048000
902,A,33413885,MS C++,OK,468,1513698168,goodhope,CONTESTANT,TESTS,55,15,2048000
902,B,33419120,MS C++,OK,1337,1513699037,goodhope,CONTESTANT,TESTS,50,31,2662400
902,C,33424626,MS C++,WRONG_ANSWER,2723,1513700423,goodhope,CONTESTANT,PRETESTS,5,15,3686400
902,C,33425723,MS C++,OK,3065,1513700765,goodhope,CONTESTANT,TESTS,45,280,3686400
902,D,33429960,MS C++,WRONG_ANSWER,4679,1513702379,goodhope,CONTESTANT,PRETESTS,3,15,2048000
902,A,33414297,GNU C++,WRONG_ANSWER,533,1513698233,goodly_90,CONTESTANT,PRETESTS,2,0,2048000
902,A,33423456,GNU C,COMPILATION_ERROR,2394,1513700094,goofExpert,CONTESTANT,PRETESTS,0,0,0
902,A,33424029,GNU C,WRONG_ANSWER,2553,1513700253,goofExpert,CONTESTANT,PRETESTS,2,15,1843200
902,A,33429470,GNU C,WRONG_ANSWER,4471,1513702171,goofExpert,CONTESTANT,PRETESTS,2,15,1843200
902,A,33429699,GNU C,WRONG_ANSWER,4570,1513702270,goofExpert,CONTESTANT,PRETESTS,2,15,1843200
902,A,33430624,GNU C,WRONG_ANSWER,4961,1513702661,goofExpert,CONTESTANT,PRETESTS,3,0,1843200
902,A,33430803,GNU C,WRONG_ANSWER,5039,1513702739,goofExpert,CONTESTANT,PRETESTS,3,15,1843200
902,A,33414865,GNU C++11,WRONG_ANSWER,626,1513698326,google-30,CONTESTANT,PRETESTS,4,15,10035200
902,A,33416845,GNU C++11,WRONG_ANSWER,922,1513698622,google-30,CONTESTANT,PRETESTS,4,15,10035200
902,A,33418998,GNU C++11,OK,1307,1513699007,google-30,CONTESTANT,TESTS,55,15,10035200
902,B,33426185,GNU C++11,OK,3216,1513700916,google-30,CONTESTANT,TESTS,50,46,4096000
902,C,33434673,GNU C++11,WRONG_ANSWER,6873,1513704573,google-30,CONTESTANT,PRETESTS,3,15,5222400
902,C,33434965,GNU C++11,WRONG_ANSWER,6991,1513704691,google-30,CONTESTANT,PRETESTS,3,15,5222400
902,C,33435375,GNU C++11,WRONG_ANSWER,7127,1513704827,google-30,CONTESTANT,PRETESTS,3,15,18022400
902,A,33414870,C++14 (GCC 6-32),CHALLENGED,627,1513698327,gordon-freeman-0354,CONTESTANT,CHALLENGES,8,15,1843200
902,A,33419245,Python 3,WRONG_ANSWER,1359,1513699059,gosipov,CONTESTANT,PRETESTS,2,46,5529600
902,A,33421346,Python 3,OK,1830,1513699530,gosipov,CONTESTANT,TESTS,55,62,5529600
902,B,33430729,Python 3,OK,5006,1513702706,gosipov,CONTESTANT,TESTS,50,93,6553600
902,A,33415038,GNU C++,TIME_LIMIT_EXCEEDED,652,1513698352,gotrunks,CONTESTANT,PRETESTS,0,1000,2252800
902,A,33415467,GNU C++,WRONG_ANSWER,716,1513698416,gotrunks,CONTESTANT,PRETESTS,2,15,2048000
902,A,33420796,GNU C++,OK,1698,1513699398,gotrunks,CONTESTANT,TESTS,55,15,2048000
902,B,33428263,GNU C++,OK,3979,1513701679,gotrunks,CONTESTANT,TESTS,50,46,2457600
902,C,33434303,GNU C++,WRONG_ANSWER,6716,1513704416,gotrunks,CONTESTANT,PRETESTS,3,15,18124800
902,C,33435275,GNU C++,OK,7095,1513704795,gotrunks,CONTESTANT,TESTS,45,109,18534400
902,B,33419285,C++14 (GCC 6-32),OK,1365,1513699065,gourav2013,CONTESTANT,TESTS,50,46,5632000
902,C,33425357,C++14 (GCC 6-32),WRONG_ANSWER,2947,1513700647,gourav2013,CONTESTANT,PRETESTS,1,0,3481600
902,C,33426195,C++14 (GCC 6-32),OK,3220,1513700920,gourav2013,CONTESTANT,TESTS,45,156,6451200
902,A,33428147,C++14 (GCC 6-32),WRONG_ANSWER,3936,1513701636,gourav2013,CONTESTANT,PRETESTS,4,15,2662400
902,A,33431127,C++14 (GCC 6-32),OK,5174,1513702874,gourav2013,CONTESTANT,TESTS,55,15,3072000
902,A,33414072,GNU C++11,WRONG_ANSWER,501,1513698201,goyal_akash,CONTESTANT,PRETESTS,2,15,2048000
902,A,33415105,GNU C++11,WRONG_ANSWER,662,1513698362,goyal_akash,CONTESTANT,PRETESTS,0,15,2048000
902,A,33415574,GNU C++11,WRONG_ANSWER,731,1513698431,goyal_akash,CONTESTANT,PRETESTS,2,15,2048000
902,A,33417678,GNU C++11,WRONG_ANSWER,1063,1513698763,goyal_akash,CONTESTANT,PRETESTS,2,15,2048000
902,A,33416776,C++14 (GCC 6-32),OK,901,1513698612,gpjr,CONTESTANT,TESTS,55,15,1945600
902,B,33421618,C++14 (GCC 6-32),RUNTIME_ERROR,1884,1513699595,gpjr,CONTESTANT,PRETESTS,5,15,2150400
902,B,33422256,C++14 (GCC 6-32),RUNTIME_ERROR,2041,1513699751,gpjr,CONTESTANT,PRETESTS,5,15,2150400
902,B,33422586,C++14 (GCC 6-32),OK,2139,1513699850,gpjr,CONTESTANT,TESTS,50,30,2662400
902,C,33428708,C++14 (GCC 6-32),WRONG_ANSWER,4152,1513701863,gpjr,CONTESTANT,PRETESTS,1,15,5529600
902,C,33429135,C++14 (GCC 6-32),WRONG_ANSWER,4323,1513702033,gpjr,CONTESTANT,PRETESTS,5,15,5529600
902,C,33429861,C++14 (GCC 6-32),OK,4628,1513702338,gpjr,CONTESTANT,TESTS,45,77,5529600
902,A,33414308,C++14 (GCC 6-32),WRONG_ANSWER,535,1513698235,grands,CONTESTANT,TESTS,11,15,1945600
902,B,33422895,C++14 (GCC 6-32),OK,2232,1513699932,grands,CONTESTANT,TESTS,50,46,2457600
902,C,33427722,C++14 (GCC 6-32),WRONG_ANSWER,3778,1513701478,grands,CONTESTANT,PRETESTS,3,0,2662400
902,C,33435160,C++14 (GCC 6-32),WRONG_ANSWER,7057,1513704757,grands,CONTESTANT,PRETESTS,3,15,2662400
902,A,33418872,C++14 (GCC 6-32),WRONG_ANSWER,1269,1513698980,gray_coder,CONTESTANT,PRETESTS,2,0,1843200
902,A,33419638,C++14 (GCC 6-32),WRONG_ANSWER,1426,1513699136,gray_coder,CONTESTANT,PRETESTS,3,15,1945600
902,A,33420858,C++14 (GCC 6-32),WRONG_ANSWER,1701,1513699412,gray_coder,CONTESTANT,PRETESTS,3,15,1945600
902,A,33427507,C++14 (GCC 6-32),WRONG_ANSWER,3687,1513701398,gray_coder,CONTESTANT,PRETESTS,3,15,1843200
902,A,33429525,C++14 (GCC 6-32),WRONG_ANSWER,4487,1513702197,gray_coder,CONTESTANT,PRETESTS,2,0,1945600
902,A,33429909,C++14 (GCC 6-32),WRONG_ANSWER,4641,1513702352,gray_coder,CONTESTANT,PRETESTS,2,0,1843200
902,A,33430331,C++14 (GCC 6-32),WRONG_ANSWER,4823,1513702533,gray_coder,CONTESTANT,PRETESTS,2,15,1843200
902,A,33415899,C++14 (GCC 6-32),WRONG_ANSWER,778,1513698478,greed_088,CONTESTANT,PRETESTS,2,15,1945600
902,A,33419353,C++14 (GCC 6-32),WRONG_ANSWER,1364,1513699075,greed_088,CONTESTANT,PRETESTS,2,15,1945600
902,A,33422202,C++14 (GCC 6-32),WRONG_ANSWER,2037,1513699737,greed_088,CONTESTANT,PRETESTS,2,0,1843200
902,A,33431343,C++14 (GCC 6-32),WRONG_ANSWER,5283,1513702983,greedy_divine,CONTESTANT,PRETESTS,2,15,1843200
902,A,33431912,C++14 (GCC 6-32),WRONG_ANSWER,5575,1513703275,greedy_divine,CONTESTANT,PRETESTS,2,15,1843200
902,A,33432478,C++14 (GCC 6-32),WRONG_ANSWER,5853,1513703553,greedy_divine,CONTESTANT,PRETESTS,2,15,1843200
902,A,33432742,C++14 (GCC 6-32),WRONG_ANSWER,5982,1513703682,greedy_divine,CONTESTANT,PRETESTS,4,15,1945600
902,A,33433041,C++14 (GCC 6-32),WRONG_ANSWER,6130,1513703830,greedy_divine,CONTESTANT,PRETESTS,0,15,1843200
902,A,33433639,C++14 (GCC 6-32),WRONG_ANSWER,6400,1513704100,greedy_divine,CONTESTANT,PRETESTS,4,15,1843200
902,A,33434308,C++14 (GCC 6-32),WRONG_ANSWER,6718,1513704418,greedy_divine,CONTESTANT,PRETESTS,2,15,1843200
902,A,33414404,GNU C++11,WRONG_ANSWER,553,1513698253,greedy_me,CONTESTANT,PRETESTS,4,15,18227200
902,A,33416596,GNU C++11,OK,883,1513698583,greedy_me,CONTESTANT,TESTS,55,15,26316800
902,B,33419090,GNU C++11,OK,1329,1513699029,greedy_me,CONTESTANT,TESTS,50,31,22630400
902,C,33425917,GNU C++11,OK,3127,1513700827,greedy_me,CONTESTANT,TESTS,45,280,13926400
902,A,33414452,Java 8,OK,559,1513698259,grekiki,CONTESTANT,TESTS,55,140,20684800
902,B,33419079,Java 8,OK,1327,1513699027,grekiki,CONTESTANT,TESTS,50,155,20889600
902,C,33424971,Java 8,WRONG_ANSWER,2821,1513700521,grekiki,CONTESTANT,PRETESTS,0,93,20582400
902,C,33425117,Java 8,OK,2867,1513700567,grekiki,CONTESTANT,TESTS,45,217,26419200
902,A,33413090,C++14 (GCC 6-32),TIME_LIMIT_EXCEEDED,328,1513698028,grenade_4,CONTESTANT,TESTS,13,1000,2048000
902,B,33415525,C++14 (GCC 6-32),OK,725,1513698425,grenade_4,CONTESTANT,TESTS,50,46,4198400
902,C,33423183,C++14 (GCC 6-32),OK,2317,1513700017,grenade_4,CONTESTANT,TESTS,45,140,2252800
902,D,33432982,C++14 (GCC 6-32),WRONG_ANSWER,6099,1513703800,grenade_4,CONTESTANT,PRETESTS,2,15,1843200
902,D,33433865,C++14 (GCC 6-32),WRONG_ANSWER,6505,1513704205,grenade_4,CONTESTANT,PRETESTS,2,15,1843200
902,D,33434918,C++14 (GCC 6-32),WRONG_ANSWER,6977,1513704677,grenade_4,CONTESTANT,PRETESTS,2,0,1843200
902,D,33435297,C++14 (GCC 6-32),WRONG_ANSWER,7103,1513704803,grenade_4,CONTESTANT,PRETESTS,2,15,1843200
902,A,33421763,GNU C++,WRONG_ANSWER,1930,1513699630,grifindor,CONTESTANT,PRETESTS,2,15,2048000
902,A,33424856,GNU C++,WRONG_ANSWER,2787,1513700487,grifindor,CONTESTANT,PRETESTS,2,15,2048000
902,A,33428550,GNU C++,WRONG_ANSWER,4097,1513701797,grifindor,CONTESTANT,PRETESTS,2,0,2048000
902,A,33430757,GNU C++,WRONG_ANSWER,5019,1513702719,grifindor,CONTESTANT,PRETESTS,2,15,2048000
902,A,33412781,C++14 (GCC 6-32),OK,242,1513697942,grimalk2,CONTESTANT,TESTS,55,15,3072000
902,B,33414392,C++14 (GCC 6-32),OK,550,1513698250,grimalk2,CONTESTANT,TESTS,50,31,3788800
902,C,33419417,C++14 (GCC 6-32),OK,1390,1513699090,grimalk2,CONTESTANT,TESTS,45,108,5734400
902,D,33432528,C++14 (GCC 6-32),WRONG_ANSWER,5885,1513703585,grimalk2,CONTESTANT,PRETESTS,2,0,1945600
902,D,33432965,C++14 (GCC 6-32),OK,6093,1513703793,grimalk2,CONTESTANT,TESTS,150,30,1945600
902,A,33417729,GNU C++11,WRONG_ANSWER,1072,1513698772,groot_27,CONTESTANT,PRETESTS,2,15,2048000
902,A,33424914,GNU C++11,WRONG_ANSWER,2803,1513700503,groot_27,CONTESTANT,PRETESTS,1,15,2048000
902,A,33413686,C++14 (GCC 6-32),MEMORY_LIMIT_EXCEEDED,427,1513698137,gs15120,CONTESTANT,PRETESTS,0,0,268390400
902,A,33413958,C++14 (GCC 6-32),WRONG_ANSWER,471,1513698181,gs15120,CONTESTANT,PRETESTS,0,0,1945600
902,A,33414368,C++14 (GCC 6-32),OK,534,1513698244,gs15120,CONTESTANT,TESTS,55,15,1945600
902,B,33416257,C++14 (GCC 6-32),OK,819,1513698529,gs15120,CONTESTANT,TESTS,50,31,2048000
902,C,33422093,C++14 (GCC 6-32),WRONG_ANSWER,2000,1513699711,gs15120,CONTESTANT,PRETESTS,1,0,3584000
902,C,33423540,C++14 (GCC 6-32),WRONG_ANSWER,2407,1513700117,gs15120,CONTESTANT,PRETESTS,3,0,3584000
902,C,33424722,C++14 (GCC 6-32),WRONG_ANSWER,2737,1513700448,gs15120,CONTESTANT,PRETESTS,4,15,3584000
902,C,33427009,C++14 (GCC 6-32),OK,3497,1513701208,gs15120,CONTESTANT,TESTS,45,93,3584000
902,A,33417836,Java 8,WRONG_ANSWER,1091,1513698791,gsap54,CONTESTANT,PRETESTS,3,139,20992000
902,A,33419088,Java 8,WRONG_ANSWER,1328,1513699028,gsap54,CONTESTANT,PRETESTS,3,140,20992000
902,A,33427497,Java 8,TIME_LIMIT_EXCEEDED,3692,1513701392,gsap54,CONTESTANT,PRETESTS,2,1000,20992000
902,A,33429966,Java 8,WRONG_ANSWER,4682,1513702382,gsap54,CONTESTANT,PRETESTS,3,140,20992000
902,A,33430847,Java 8,WRONG_ANSWER,5051,1513702751,gsap54,CONTESTANT,TESTS,41,155,21094400
902,A,33433533,GNU C++,CHALLENGED,6346,1513704046,gtacity000,CONTESTANT,CHALLENGES,8,15,2048000
902,A,33434244,GNU C++,WRONG_ANSWER,6689,1513704389,gtacity000,CONTESTANT,CHALLENGES,0,15,2048000
902,A,33415403,C++14 (GCC 6-32),WRONG_ANSWER,696,1513698406,gts_47,CONTESTANT,PRETESTS,2,15,1945600
902,A,33419855,C++14 (GCC 6-32),WRONG_ANSWER,1468,1513699178,gts_47,CONTESTANT,PRETESTS,4,30,1945600
902,A,33422016,C++14 (GCC 6-32),WRONG_ANSWER,1987,1513699698,gts_47,CONTESTANT,PRETESTS,1,15,1945600
902,A,33422609,C++14 (GCC 6-32),OK,2146,1513699857,gts_47,CONTESTANT,TESTS,55,15,1945600
902,B,33433450,C++14 (GCC 6-32),OK,6303,1513704014,gts_47,CONTESTANT,TESTS,50,295,72089600
902,A,33423541,Python 3,OK,2417,1513700117,gugek7502,CONTESTANT,TESTS,55,62,5632000
902,B,33427321,Python 3,RUNTIME_ERROR,3635,1513701335,gugek7502,CONTESTANT,TESTS,17,108,7884800
902,A,33418816,C++14 (GCC 6-32),WRONG_ANSWER,1265,1513698965,gugmelik,CONTESTANT,PRETESTS,2,15,1843200
902,A,33421510,C++14 (GCC 6-32),WRONG_ANSWER,1871,1513699571,gugmelik,CONTESTANT,PRETESTS,2,15,1945600
902,A,33422529,C++14 (GCC 6-32),WRONG_ANSWER,2134,1513699834,gugmelik,CONTESTANT,PRETESTS,2,0,1945600
902,A,33424758,C++14 (GCC 6-32),WRONG_ANSWER,2761,1513700461,gugmelik,CONTESTANT,PRETESTS,2,15,1945600
902,A,33427090,C++14 (GCC 6-32),OK,3541,1513701241,gugmelik,CONTESTANT,TESTS,55,15,1945600
902,A,33417909,GNU C++,OK,1102,1513698802,guilhermeppl,CONTESTANT,TESTS,55,30,2048000
902,B,33424731,GNU C++,OK,2751,1513700451,guilhermeppl,CONTESTANT,TESTS,50,31,2560000
902,C,33431273,GNU C++,WRONG_ANSWER,5250,1513702950,guilhermeppl,CONTESTANT,PRETESTS,4,15,2457600
902,C,33434117,GNU C++,OK,6632,1513704332,guilhermeppl,CONTESTANT,TESTS,45,124,2457600
902,A,33414177,MS C++,COMPILATION_ERROR,516,1513698216,gumix,CONTESTANT,PRETESTS,0,0,0
902,A,33415086,MS C++,COMPILATION_ERROR,659,1513698359,gumix,CONTESTANT,PRETESTS,0,0,0
902,B,33424574,MS C++,COMPILATION_ERROR,2707,1513700407,gumix,CONTESTANT,PRETESTS,0,0,0
902,B,33425077,MS C++,COMPILATION_ERROR,2856,1513700556,gumix,CONTESTANT,PRETESTS,0,0,0
902,A,33425914,MS C++,RUNTIME_ERROR,3125,1513700825,gumix,CONTESTANT,PRETESTS,0,15,2048000
902,A,33426096,MS C++,OK,3187,1513700887,gumix,CONTESTANT,TESTS,55,15,2048000
902,B,33426355,MS C++,MEMORY_LIMIT_EXCEEDED,3271,1513700971,gumix,CONTESTANT,PRETESTS,5,171,268390400
902,C,33432249,MS C++,COMPILATION_ERROR,5736,1513703436,gumix,CONTESTANT,PRETESTS,0,0,0
902,C,33432412,GNU C++,WRONG_ANSWER,5819,1513703519,gumix,CONTESTANT,PRETESTS,6,15,2048000
902,C,33433512,GNU C++,WRONG_ANSWER,6339,1513704039,gumix,CONTESTANT,PRETESTS,6,15,2048000
902,A,33422339,C++14 (GCC 6-32),WRONG_ANSWER,2077,1513699777,guptashubham1798,CONTESTANT,TESTS,32,15,1945600
902,A,33413603,C++14 (GCC 6-32),WRONG_ANSWER,422,1513698122,gustavoc,CONTESTANT,PRETESTS,4,15,1945600
902,A,33414666,C++14 (GCC 6-32),WRONG_ANSWER,591,1513698291,gustavoc,CONTESTANT,PRETESTS,4,0,1843200
902,A,33417617,C++14 (GCC 6-32),OK,1054,1513698754,gustavoc,CONTESTANT,TESTS,55,15,1945600
902,B,33421148,C++14 (GCC 6-32),OK,1781,1513699481,gustavoc,CONTESTANT,TESTS,50,30,2560000
902,C,33431846,C++14 (GCC 6-32),WRONG_ANSWER,5542,1513703242,gustavoc,CONTESTANT,PRETESTS,1,0,9523200
902,C,33432985,C++14 (GCC 6-32),WRONG_ANSWER,6102,1513703802,gustavoc,CONTESTANT,PRETESTS,1,15,11161600
902,C,33434207,C++14 (GCC 6-32),WRONG_ANSWER,6675,1513704375,gustavoc,CONTESTANT,PRETESTS,6,15,11264000
902,C,33434474,C++14 (GCC 6-32),WRONG_ANSWER,6792,1513704492,gustavoc,CONTESTANT,PRETESTS,6,15,11264000
902,C,33434616,C++14 (GCC 6-32),WRONG_ANSWER,6852,1513704552,gustavoc,CONTESTANT,PRETESTS,6,15,11264000
902,C,33434952,C++14 (GCC 6-32),WRONG_ANSWER,6987,1513704687,gustavoc,CONTESTANT,PRETESTS,6,15,13004800
902,A,33424644,C++14 (GCC 6-32),WRONG_ANSWER,2727,1513700427,gustaw_1,CONTESTANT,PRETESTS,6,15,1945600
902,A,33425008,C++14 (GCC 6-32),OK,2832,1513700532,gustaw_1,CONTESTANT,TESTS,55,15,1945600
902,B,33432178,C++14 (GCC 6-32),OK,5702,1513703402,gustaw_1,CONTESTANT,TESTS,50,15,2560000
902,A,33414074,C++14 (GCC 6-32),OK,501,1513698201,gzgywh,CONTESTANT,TESTS,55,15,1945600
902,B,33421787,C++14 (GCC 6-32),OK,1937,1513699637,gzgywh,CONTESTANT,TESTS,50,31,7270400
902,C,33425529,C++14 (GCC 6-32),OK,3001,1513700702,gzgywh,CONTESTANT,TESTS,45,108,5529600
902,D,33434617,C++14 (GCC 6-32),WRONG_ANSWER,6852,1513704552,gzgywh,CONTESTANT,PRETESTS,0,15,1945600
902,D,33435012,C++14 (GCC 6-32),WRONG_ANSWER,7008,1513704708,gzgywh,CONTESTANT,PRETESTS,3,15,1843200
902,A,33416740,GNU C++,OK,906,1513698606,h.mousavi,CONTESTANT,TESTS,55,30,2048000
902,B,33421110,GNU C++,OK,1772,1513699472,h.mousavi,CONTESTANT,TESTS,50,265,2457600
902,C,33430003,GNU C++,OK,4697,1513702397,h.mousavi,CONTESTANT,TESTS,45,249,3686400
902,A,33415910,C++14 (GCC 6-32),WRONG_ANSWER,778,1513698478,h4rry,CONTESTANT,PRETESTS,2,15,1843200
902,A,33417414,C++14 (GCC 6-32),WRONG_ANSWER,1016,1513698716,h4rry,CONTESTANT,PRETESTS,2,15,1945600
902,A,33418132,C++14 (GCC 6-32),OK,1138,1513698838,h4rry,CONTESTANT,TESTS,55,15,1945600
902,B,33422950,C++14 (GCC 6-32),OK,2247,1513699947,h4rry,CONTESTANT,TESTS,50,30,2662400
902,C,33429123,C++14 (GCC 6-32),OK,4327,1513702027,h4rry,CONTESTANT,TESTS,45,77,2252800
902,A,33412969,C++14 (GCC 6-32),OK,303,1513698003,h8h8h8,CONTESTANT,TESTS,55,15,1945600
902,B,33418727,C++14 (GCC 6-32),OK,1248,1513698948,h8h8h8,CONTESTANT,TESTS,50,46,2457600
902,C,33429055,C++14 (GCC 6-32),OK,4299,1513701999,h8h8h8,CONTESTANT,TESTS,45,156,4300800
902,D,33433149,C++14 (GCC 6-32),WRONG_ANSWER,6181,1513703881,h8h8h8,CONTESTANT,PRETESTS,2,15,1843200
902,D,33434118,C++14 (GCC 6-32),OK,6633,1513704333,h8h8h8,CONTESTANT,TESTS,150,15,2048000
902,A,33415112,C++14 (GCC 6-32),WRONG_ANSWER,662,1513698362,hXl3s,CONTESTANT,PRETESTS,3,15,1843200
902,A,33417397,C++14 (GCC 6-32),OK,1014,1513698714,hXl3s,CONTESTANT,TESTS,55,15,1945600
902,B,33424248,C++14 (GCC 6-32),OK,2608,1513700308,hXl3s,CONTESTANT,TESTS,50,30,2560000
902,C,33429402,C++14 (GCC 6-32),OK,4439,1513702139,hXl3s,CONTESTANT,TESTS,45,108,2252800
902,A,33419365,C++14 (GCC 6-32),WRONG_ANSWER,1376,1513699076,habur331,CONTESTANT,PRETESTS,2,15,1843200
902,A,33426900,C++14 (GCC 6-32),WRONG_ANSWER,3460,1513701170,habur331,CONTESTANT,PRETESTS,2,0,1843200
902,A,33415812,C++14 (GCC 6-32),WRONG_ANSWER,766,1513698466,hackentosh11,CONTESTANT,PRETESTS,2,15,1843200
902,A,33419529,C++14 (GCC 6-32),OK,1416,1513699116,hackentosh11,CONTESTANT,TESTS,55,15,1945600
902,B,33423110,C++14 (GCC 6-32),TIME_LIMIT_EXCEEDED,2294,1513699994,hackentosh11,CONTESTANT,PRETESTS,5,1000,5939200
902,B,33423439,C++14 (GCC 6-32),TIME_LIMIT_EXCEEDED,2387,1513700087,hackentosh11,CONTESTANT,PRETESTS,5,1000,5939200
902,B,33423960,C++14 (GCC 6-32),MEMORY_LIMIT_EXCEEDED,2536,1513700236,hackentosh11,CONTESTANT,PRETESTS,5,249,268390400
902,B,33424782,C++14 (GCC 6-32),TIME_LIMIT_EXCEEDED,2767,1513700467,hackentosh11,CONTESTANT,PRETESTS,5,1000,263577600
902,B,33427119,C++14 (GCC 6-32),OK,3549,1513701249,hackentosh11,CONTESTANT,TESTS,50,15,2560000
902,C,33430505,C++14 (GCC 6-32),WRONG_ANSWER,4905,1513702605,hackentosh11,CONTESTANT,PRETESTS,3,15,3072000
902,C,33431190,C++14 (GCC 6-32),WRONG_ANSWER,5211,1513702911,hackentosh11,CONTESTANT,PRETESTS,3,15,3072000
902,C,33431805,C++14 (GCC 6-32),WRONG_ANSWER,5519,1513703219,hackentosh11,CONTESTANT,TESTS,13,93,3072000
902,A,33413548,C++14 (GCC 6-32),WRONG_ANSWER,413,1513698113,hacker98,CONTESTANT,PRETESTS,2,15,1945600
902,A,33416488,C++14 (GCC 6-32),WRONG_ANSWER,866,1513698566,hacker98,CONTESTANT,PRETESTS,2,15,1843200
902,A,33428299,C++14 (GCC 6-32),WRONG_ANSWER,3990,1513701690,hacker98,CONTESTANT,PRETESTS,2,15,1945600
902,A,33430879,C++14 (GCC 6-32),WRONG_ANSWER,5064,1513702764,hacker98,CONTESTANT,PRETESTS,4,15,1945600
902,A,33417932,GNU C++11,OK,1106,1513698806,hahaha_iamhappy,CONTESTANT,TESTS,55,15,2048000
902,B,33430281,GNU C++11,OK,4810,1513702511,hahaha_iamhappy,CONTESTANT,TESTS,50,234,2457600
902,A,33421504,Python 3,OK,1870,1513699570,hahho,CONTESTANT,TESTS,55,62,5529600
902,B,33424081,Python 3,OK,2566,1513700266,hahho,CONTESTANT,TESTS,50,77,6553600
902,C,33427263,Python 3,OK,3610,1513701310,hahho,CONTESTANT,TESTS,45,233,18022400
902,D,33431385,Python 3,WRONG_ANSWER,5305,1513703005,hahho,CONTESTANT,PRETESTS,1,61,5529600
902,A,33412645,GNU C++11,WRONG_ANSWER,151,1513697851,hakeem,CONTESTANT,PRETESTS,1,0,2048000
902,A,33413060,GNU C++11,OK,322,1513698022,hakeem,CONTESTANT,TESTS,55,30,2048000
902,B,33424128,GNU C++11,OK,2578,1513700278,hakeem,CONTESTANT,TESTS,50,31,2560000
902,A,33414051,GNU C++11,OK,497,1513698197,haltode,CONTESTANT,TESTS,55,15,2048000
902,B,33419475,GNU C++11,OK,1402,1513699102,haltode,CONTESTANT,TESTS,50,31,2355200
902,C,33426394,GNU C++11,OK,3288,1513700988,haltode,CONTESTANT,TESTS,45,296,5836800
902,D,33431498,GNU C++11,WRONG_ANSWER,5363,1513703063,haltode,CONTESTANT,PRETESTS,2,15,2048000
902,D,33432287,GNU C++11,WRONG_ANSWER,5758,1513703458,haltode,CONTESTANT,PRETESTS,2,15,2048000
902,D,33435564,GNU C++11,WRONG_ANSWER,7178,1513704878,haltode,CONTESTANT,PRETESTS,3,15,2048000
902,A,33413387,GNU C++11,WRONG_ANSWER,382,1513698082,hamko,CONTESTANT,PRETESTS,4,15,2048000
902,A,33414097,GNU C++11,OK,503,1513698203,hamko,CONTESTANT,TESTS,55,30,2048000
902,B,33418810,GNU C++11,OK,1264,1513698964,hamko,CONTESTANT,TESTS,50,31,2560000
902,C,33422545,GNU C++11,WRONG_ANSWER,2139,1513699839,hamko,CONTESTANT,PRETESTS,1,15,2048000
902,C,33424472,GNU C++11,WRONG_ANSWER,2680,1513700380,hamko,CONTESTANT,PRETESTS,3,15,2048000
902,C,33425563,GNU C++11,WRONG_ANSWER,3014,1513700714,hamko,CONTESTANT,PRETESTS,3,15,2048000
902,C,33427125,GNU C++11,OK,3552,1513701252,hamko,CONTESTANT,TESTS,45,280,2867200
902,A,33416647,GNU C,COMPILATION_ERROR,879,1513698590,hardik__abd17,CONTESTANT,PRETESTS,0,0,0
902,A,33418210,GNU C,COMPILATION_ERROR,1141,1513698851,hardik__abd17,CONTESTANT,PRETESTS,0,0,0
902,A,33418644,C++14 (GCC 6-32),WRONG_ANSWER,1220,1513698931,hardik__abd17,CONTESTANT,PRETESTS,3,0,1843200
902,A,33420043,C++14 (GCC 6-32),OK,1511,1513699222,hardik__abd17,CONTESTANT,TESTS,55,15,1945600
902,B,33432874,C++14 (GCC 6-32),WRONG_ANSWER,6043,1513703753,hardik__abd17,CONTESTANT,PRETESTS,2,15,1843200
902,A,33430713,C++14 (GCC 6-32),WRONG_ANSWER,5000,1513702700,hardikgarg1998,CONTESTANT,TESTS,16,15,1945600
902,A,33420542,C++14 (GCC 6-32),WRONG_ANSWER,1636,1513699336,hardikparashar,CONTESTANT,PRETESTS,2,0,1843200
902,A,33426293,C++14 (GCC 6-32),CHALLENGED,3251,1513700951,hardikparashar,CONTESTANT,CHALLENGES,8,15,1945600
902,A,33428323,C++14 (GCC 6-32),WRONG_ANSWER,3999,1513701699,hardikparashar,CONTESTANT,CHALLENGES,0,15,1945600
902,A,33421938,Java 8,WRONG_ANSWER,1965,1513699676,hari_om,CONTESTANT,PRETESTS,2,124,20684800
902,A,33423518,Java 8,WRONG_ANSWER,2399,1513700110,hari_om,CONTESTANT,PRETESTS,2,155,21094400
902,A,33425967,Java 8,OK,3130,1513700841,hari_om,CONTESTANT,TESTS,55,124,20684800
902,B,33434697,Java 8,WRONG_ANSWER,6874,1513704584,hari_om,CONTESTANT,PRETESTS,9,139,20787200
902,A,33429319,GNU C,COMPILATION_ERROR,4404,1513702104,harika439,CONTESTANT,PRETESTS,0,0,0
902,A,33426109,GNU C++11,TIME_LIMIT_EXCEEDED,3192,1513700892,harjas27,CONTESTANT,TESTS,13,1000,2048000
902,B,33433277,GNU C++11,WRONG_ANSWER,6240,1513703940,harjas27,CONTESTANT,PRETESTS,4,15,2048000
902,B,33433834,GNU C++11,OK,6486,1513704186,harjas27,CONTESTANT,TESTS,50,280,2457600
902,A,33423873,Java 8,WRONG_ANSWER,2510,1513700210,harramkhor,CONTESTANT,PRETESTS,1,108,20582400
902,A,33429211,Java 8,WRONG_ANSWER,4361,1513702061,harramkhor,CONTESTANT,PRETESTS,1,124,20582400
902,A,33433518,Java 8,WRONG_ANSWER,6341,1513704041,harramkhor,CONTESTANT,PRETESTS,1,109,20582400
902,A,33435056,Java 8,OK,7021,1513704721,harramkhor,CONTESTANT,TESTS,55,124,20684800
902,A,33416172,C++14 (GCC 6-32),OK,808,1513698518,harrypaswan4,CONTESTANT,TESTS,55,15,1945600
902,B,33420627,C++14 (GCC 6-32),OK,1644,1513699354,harrypaswan4,CONTESTANT,TESTS,50,15,2560000
902,C,33435130,C++14 (GCC 6-32),WRONG_ANSWER,7034,1513704744,harrypaswan4,CONTESTANT,PRETESTS,3,15,3481600
902,C,33435636,C++14 (GCC 6-32),WRONG_ANSWER,7179,1513704890,harrypaswan4,CONTESTANT,PRETESTS,1,0,3481600
902,A,33414275,GNU C++11,WRONG_ANSWER,519,1513698229,harsh.agarwal1997,CONTESTANT,PRETESTS,2,15,2048000
902,A,33415900,GNU C++11,WRONG_ANSWER,767,1513698478,harsh.agarwal1997,CONTESTANT,PRETESTS,1,15,2048000
902,A,33421896,GNU C++11,CHALLENGED,1956,1513699666,harsh.agarwal1997,CONTESTANT,CHALLENGES,8,15,2048000
902,A,33420920,C++14 (GCC 6-32),CHALLENGED,1723,1513699423,harshaga97,CONTESTANT,CHALLENGES,8,15,2048000
902,B,33427264,C++14 (GCC 6-32),WRONG_ANSWER,3611,1513701311,harshaga97,CONTESTANT,PRETESTS,9,15,2560000
902,B,33428447,C++14 (GCC 6-32),OK,4050,1513701750,harshaga97,CONTESTANT,TESTS,50,15,2560000
902,A,33433615,C++14 (GCC 6-32),OK,6389,1513704089,harshaga97,CONTESTANT,TESTS,55,15,2048000
902,A,33413708,C++14 (GCC 6-32),OK,440,1513698140,harshahj97,CONTESTANT,TESTS,55,15,1945600
902,A,33416777,GNU C++11,WRONG_ANSWER,912,1513698612,harshali_25,CONTESTANT,PRETESTS,3,15,2048000
902,A,33419474,GNU C++11,WRONG_ANSWER,1402,1513699102,harshali_25,CONTESTANT,PRETESTS,2,15,2048000
902,B,33424868,GNU C++11,OK,2789,1513700489,harshali_25,CONTESTANT,TESTS,50,358,2867200
902,A,33425306,GNU C++11,WRONG_ANSWER,2928,1513700628,harshali_25,CONTESTANT,PRETESTS,2,15,2048000
902,C,33429264,GNU C++11,WRONG_ANSWER,4382,1513702082,harshali_25,CONTESTANT,PRETESTS,1,15,3686400
902,C,33431128,GNU C++11,WRONG_ANSWER,5175,1513702875,harshali_25,CONTESTANT,PRETESTS,4,15,3686400
902,C,33431706,GNU C++11,WRONG_ANSWER,5464,1513703164,harshali_25,CONTESTANT,PRETESTS,4,15,3686400
902,C,33432033,GNU C++11,OK,5632,1513703332,harshali_25,CONTESTANT,TESTS,45,265,3686400
902,A,33433365,GNU C++11,OK,6278,1513703978,harshali_25,CONTESTANT,TESTS,55,15,2252800
902,A,33413609,Java 8,WRONG_ANSWER,422,1513698122,harshit19,CONTESTANT,PRETESTS,3,108,20684800
902,A,33416408,Java 8,OK,851,1513698551,harshit19,CONTESTANT,TESTS,55,124,20684800
902,B,33420236,Java 8,OK,1566,1513699266,harshit19,CONTESTANT,TESTS,50,155,20889600
902,A,33415021,C++14 (GCC 6-32),WRONG_ANSWER,650,1513698350,harshit23897,CONTESTANT,PRETESTS,4,15,1945600
902,A,33417601,C++14 (GCC 6-32),OK,1051,1513698751,harshit23897,CONTESTANT,TESTS,55,15,1945600
902,B,33422548,C++14 (GCC 6-32),OK,2139,1513699839,harshit23897,CONTESTANT,TESTS,50,31,3276800
902,C,33432214,C++14 (GCC 6-32),WRONG_ANSWER,5718,1513703418,harshit23897,CONTESTANT,PRETESTS,3,15,2969600
902,C,33433772,C++14 (GCC 6-32),WRONG_ANSWER,6458,1513704158,harshit23897,CONTESTANT,PRETESTS,3,15,5324800
902,A,33415126,C++14 (GCC 6-32),WRONG_ANSWER,665,1513698365,harshit_ag456,CONTESTANT,PRETESTS,4,15,1945600
902,A,33417024,C++14 (GCC 6-32),OK,949,1513698649,harshit_ag456,CONTESTANT,TESTS,55,31,1945600
902,B,33421885,C++14 (GCC 6-32),OK,1961,1513699661,harshit_ag456,CONTESTANT,TESTS,50,31,2560000
902,C,33429393,C++14 (GCC 6-32),WRONG_ANSWER,4437,1513702137,harshit_ag456,CONTESTANT,PRETESTS,7,15,1843200
902,C,33431193,C++14 (GCC 6-32),WRONG_ANSWER,5213,1513702913,harshit_ag456,CONTESTANT,PRETESTS,7,15,1945600
902,C,33432002,C++14 (GCC 6-32),OK,5619,1513703319,harshit_ag456,CONTESTANT,TESTS,45,108,5836800
902,D,33434841,C++14 (GCC 6-32),WRONG_ANSWER,6946,1513704646,harshit_ag456,CONTESTANT,PRETESTS,4,0,1945600
902,A,33429493,Java 8,WRONG_ANSWER,4483,1513702183,harshith123456,CONTESTANT,TESTS,16,140,20992000
902,C,33419611,GNU C++,OK,1433,1513699133,harshits2808,CONTESTANT,TESTS,45,312,2867200
902,B,33423914,GNU C++,OK,2524,1513700224,harshits2808,CONTESTANT,TESTS,50,15,2457600
902,A,33426190,GNU C++,WRONG_ANSWER,3218,1513700918,harshits2808,CONTESTANT,PRETESTS,2,0,2048000
902,A,33426695,GNU C++,WRONG_ANSWER,3399,1513701099,harshits2808,CONTESTANT,PRETESTS,4,15,2048000
902,A,33427122,GNU C++,WRONG_ANSWER,3550,1513701250,harshits2808,CONTESTANT,PRETESTS,4,15,2048000
902,A,33429460,GNU C++,OK,4468,1513702168,harshits2808,CONTESTANT,TESTS,55,30,2048000
902,D,33434137,GNU C++,WRONG_ANSWER,6643,1513704343,harshits2808,CONTESTANT,PRETESTS,0,0,2048000
902,D,33434266,GNU C++,WRONG_ANSWER,6701,1513704401,harshits2808,CONTESTANT,PRETESTS,4,15,2048000
902,A,33419038,C++14 (GCC 6-32),WRONG_ANSWER,1316,1513699016,harshmmodi,CONTESTANT,PRETESTS,3,15,1945600
902,A,33419898,C++14 (GCC 6-32),WRONG_ANSWER,1489,1513699189,harshmmodi,CONTESTANT,PRETESTS,3,15,1945600
902,A,33420504,C++14 (GCC 6-32),WRONG_ANSWER,1626,1513699326,harshmmodi,CONTESTANT,PRETESTS,0,15,1843200
902,A,33420992,C++14 (GCC 6-32),OK,1742,1513699442,harshmmodi,CONTESTANT,TESTS,55,15,1945600
902,B,33423051,C++14 (GCC 6-32),OK,2276,1513699976,harshmmodi,CONTESTANT,TESTS,50,15,2867200
902,C,33427127,C++14 (GCC 6-32),WRONG_ANSWER,3553,1513701253,harshmmodi,CONTESTANT,PRETESTS,1,15,1843200
902,C,33429727,C++14 (GCC 6-32),OK,4581,1513702281,harshmmodi,CONTESTANT,TESTS,45,77,2252800
902,A,33419879,C++14 (GCC 6-32),WRONG_ANSWER,1475,1513699185,harshpatel,CONTESTANT,PRETESTS,2,15,1843200
902,B,33425183,C++14 (GCC 6-32),OK,2876,1513700586,harshpatel,CONTESTANT,TESTS,50,15,2457600
902,A,33414976,C++14 (GCC 6-32),WRONG_ANSWER,642,1513698342,harshvasoya008,CONTESTANT,PRETESTS,3,15,1843200
902,A,33416292,C++14 (GCC 6-32),WRONG_ANSWER,836,1513698536,harshvasoya008,CONTESTANT,TESTS,47,15,1945600
902,B,33422344,C++14 (GCC 6-32),OK,2078,1513699778,harshvasoya008,CONTESTANT,TESTS,50,31,2764800
902,C,33430600,C++14 (GCC 6-32),WRONG_ANSWER,4936,1513702647,harshvasoya008,CONTESTANT,PRETESTS,3,15,1843200
902,C,33431678,C++14 (GCC 6-32),WRONG_ANSWER,5439,1513703149,harshvasoya008,CONTESTANT,PRETESTS,3,15,1843200
902,C,33433588,C++14 (GCC 6-32),WRONG_ANSWER,6376,1513704076,harshvasoya008,CONTESTANT,PRETESTS,3,0,1843200
902,A,33420986,GNU C++11,WRONG_ANSWER,1741,1513699441,hasanaliemon,CONTESTANT,TESTS,16,15,2048000
902,B,33427993,GNU C++11,OK,3872,1513701572,hasanaliemon,CONTESTANT,TESTS,50,31,2457600
902,A,33419599,GNU C++17 Diagnostics,WRONG_ANSWER,1431,1513699131,hasanvx,CONTESTANT,PRETESTS,2,779,98918400
902,A,33423999,GNU C++17 Diagnostics,WRONG_ANSWER,2545,1513700245,hasanvx,CONTESTANT,PRETESTS,2,779,99123200
902,A,33426302,GNU C++17 Diagnostics,WRONG_ANSWER,3254,1513700954,hasanvx,CONTESTANT,PRETESTS,2,764,99225600
902,A,33429049,GNU C++17 Diagnostics,WRONG_ANSWER,4298,1513701998,hasanvx,CONTESTANT,PRETESTS,2,794,100249600
902,A,33434144,GNU C++17 Diagnostics,RUNTIME_ERROR,6646,1513704346,hasanvx,CONTESTANT,PRETESTS,0,468,93081600
902,A,33434559,GNU C++17 Diagnostics,RUNTIME_ERROR,6826,1513704526,hasanvx,CONTESTANT,PRETESTS,0,483,93081600
902,A,33434933,GNU C,COMPILATION_ERROR,6980,1513704680,hasanvx,CONTESTANT,PRETESTS,0,0,0
902,A,33435288,GNU C,COMPILATION_ERROR,7101,1513704801,hasanvx,CONTESTANT,PRETESTS,0,0,0
902,A,33419839,C++14 (GCC 6-32),WRONG_ANSWER,1475,1513699175,hashemkhaled361,CONTESTANT,PRETESTS,1,0,1945600
902,A,33424065,C++14 (GCC 6-32),WRONG_ANSWER,2561,1513700261,hasib35,CONTESTANT,PRETESTS,2,15,1843200
902,A,33425969,C++14 (GCC 6-32),WRONG_ANSWER,3142,1513700842,hasib35,CONTESTANT,PRETESTS,2,15,1843200
902,A,33428429,C++14 (GCC 6-32),WRONG_ANSWER,4046,1513701746,hasib35,CONTESTANT,PRETESTS,2,15,1843200
902,A,33429240,C++14 (GCC 6-32),OK,4371,1513702071,hasib35,CONTESTANT,TESTS,55,15,1945600
902,B,33433434,C++14 (GCC 6-32),OK,6309,1513704009,hasib35,CONTESTANT,TESTS,50,93,102297600
902,A,33414820,C++14 (GCC 6-32),OK,617,1513698317,hatem-khirouni,CONTESTANT,TESTS,55,15,2048000
902,B,33421812,C++14 (GCC 6-32),OK,1942,1513699642,hatem-khirouni,CONTESTANT,TESTS,50,31,3174400
902,C,33427748,C++14 (GCC 6-32),WRONG_ANSWER,3787,1513701487,hatem-khirouni,CONTESTANT,PRETESTS,1,0,1843200
902,C,33428864,C++14 (GCC 6-32),WRONG_ANSWER,4225,1513701925,hatem-khirouni,CONTESTANT,PRETESTS,3,15,2048000
902,A,33432196,C++14 (GCC 6-32),WRONG_ANSWER,5700,1513703410,hazemramr,CONTESTANT,PRETESTS,0,0,1945600
902,A,33419059,C++14 (GCC 6-32),COMPILATION_ERROR,1323,1513699023,hdsdogge,CONTESTANT,PRETESTS,0,0,0
902,A,33419793,C++14 (GCC 6-32),COMPILATION_ERROR,1466,1513699166,hdsdogge,CONTESTANT,PRETESTS,0,0,0
902,A,33420264,C++14 (GCC 6-32),OK,1571,1513699271,hdsdogge,CONTESTANT,TESTS,55,15,1945600
902,A,33414661,GNU C++11,CHALLENGED,591,1513698291,heck,CONTESTANT,CHALLENGES,8,15,2048000
902,B,33420936,GNU C++11,OK,1728,1513699428,heck,CONTESTANT,TESTS,50,46,3993600
902,A,33428882,GNU C++11,OK,4233,1513701933,heck,CONTESTANT,TESTS,55,15,2048000
902,C,33432243,GNU C++11,WRONG_ANSWER,5734,1513703434,heck,CONTESTANT,PRETESTS,3,15,2048000
902,C,33435222,GNU C++11,WRONG_ANSWER,7078,1513704778,heck,CONTESTANT,PRETESTS,4,15,2048000
902,A,33425979,GNU C++11,WRONG_ANSWER,3144,1513700844,hefang,CONTESTANT,PRETESTS,2,15,2048000
902,A,33431329,GNU C++11,WRONG_ANSWER,5273,1513702973,hefang,CONTESTANT,PRETESTS,3,15,2048000
902,A,33433555,GNU C++11,WRONG_ANSWER,6359,1513704059,hefang,CONTESTANT,PRETESTS,3,15,2048000
902,A,33416030,GNU C++11,WRONG_ANSWER,796,1513698496,heheh,CONTESTANT,PRETESTS,4,0,2048000
902,A,33418291,GNU C++11,WRONG_ANSWER,1166,1513698866,heheh,CONTESTANT,PRETESTS,0,0,2048000
902,A,33418537,GNU C++11,WRONG_ANSWER,1211,1513698911,heheh,CONTESTANT,PRETESTS,4,15,2048000
902,A,33422106,GNU C++11,OK,2014,1513699714,heheh,CONTESTANT,TESTS,55,30,2048000
902,B,33433126,GNU C++11,MEMORY_LIMIT_EXCEEDED,6170,1513703870,heheh,CONTESTANT,PRETESTS,0,15,268390400
902,A,33413489,C++14 (GCC 6-32),WRONG_ANSWER,390,1513698100,heisenberg_op,CONTESTANT,PRETESTS,4,15,1945600
902,A,33419047,C++14 (GCC 6-32),WRONG_ANSWER,1309,1513699020,heisenberg_op,CONTESTANT,PRETESTS,4,15,1945600
902,A,33423930,C++14 (GCC 6-32),OK,2518,1513700229,heisenberg_op,CONTESTANT,TESTS,55,15,1945600
902,B,33429236,C++14 (GCC 6-32),OK,4360,1513702070,heisenberg_op,CONTESTANT,TESTS,50,31,2457600
902,C,33433547,C++14 (GCC 6-32),WRONG_ANSWER,6343,1513704053,heisenberg_op,CONTESTANT,PRETESTS,1,15,2252800
902,A,33413253,C++14 (GCC 6-32),OK,359,1513698059,hell0friend,CONTESTANT,TESTS,55,15,1945600
902,B,33421400,C++14 (GCC 6-32),WRONG_ANSWER,1840,1513699540,hell0friend,CONTESTANT,PRETESTS,9,31,2457600
902,B,33429794,C++14 (GCC 6-32),OK,4612,1513702312,hell0friend,CONTESTANT,TESTS,50,202,2560000
902,C,33434119,C++14 (GCC 6-32),WRONG_ANSWER,6634,1513704334,hell0friend,CONTESTANT,PRETESTS,4,15,1843200
902,A,33416438,GNU C++,OK,857,1513698557,hellgeek,CONTESTANT,TESTS,55,15,2048000
902,B,33421451,GNU C++,OK,1854,1513699554,hellgeek,CONTESTANT,TESTS,50,46,2560000
902,C,33428241,GNU C++,WRONG_ANSWER,3970,1513701670,hellgeek,CONTESTANT,PRETESTS,0,0,2252800
902,C,33428747,GNU C++,OK,4182,1513701882,hellgeek,CONTESTANT,TESTS,45,312,5836800
902,D,33432407,GNU C++,WRONG_ANSWER,5819,1513703519,hellgeek,CONTESTANT,PRETESTS,3,15,2048000
902,D,33433815,GNU C++,WRONG_ANSWER,6474,1513704174,hellgeek,CONTESTANT,PRETESTS,1,0,2048000
902,A,33433496,GNU C++,OK,6332,1513704032,hemalathathota,CONTESTANT,TESTS,55,15,2048000
902,A,33416529,GNU C++,WRONG_ANSWER,861,1513698572,hemant,CONTESTANT,PRETESTS,3,15,2048000
902,A,33418376,GNU C++,WRONG_ANSWER,1170,1513698880,hemant,CONTESTANT,TESTS,47,15,2048000
902,B,33423386,GNU C++,OK,2364,1513700075,hemant,CONTESTANT,TESTS,50,46,2560000
902,C,33429139,GNU C++,OK,4324,1513702034,hemant,CONTESTANT,TESTS,45,327,4505600
902,A,33419820,C++14 (GCC 6-32),OK,1462,1513699173,hemant_019,CONTESTANT,TESTS,55,15,1945600
902,B,33423506,C++14 (GCC 6-32),OK,2407,1513700107,hemanth_269,CONTESTANT,TESTS,50,202,2560000
902,A,33424180,C++14 (GCC 6-32),WRONG_ANSWER,2592,1513700292,hemanth_269,CONTESTANT,PRETESTS,2,15,1945600
902,A,33424876,C++14 (GCC 6-32),WRONG_ANSWER,2791,1513700491,hemanth_269,CONTESTANT,PRETESTS,2,15,1843200
902,A,33425798,C++14 (GCC 6-32),WRONG_ANSWER,3089,1513700789,hemanth_269,CONTESTANT,PRETESTS,4,15,1945600
902,A,33426895,C++14 (GCC 6-32),CHALLENGED,3469,1513701169,hemanth_269,CONTESTANT,CHALLENGES,8,15,1945600
902,A,33415734,Java 8,OK,754,1513698454,henryhuypham,CONTESTANT,TESTS,55,139,20684800
902,B,33422301,Java 8,OK,2065,1513699765,henryhuypham,CONTESTANT,TESTS,50,140,20787200
902,C,33427586,Java 8,OK,3724,1513701424,henryhuypham,CONTESTANT,TESTS,45,202,21504000
902,D,33433448,Java 8,WRONG_ANSWER,6314,1513704014,henryhuypham,CONTESTANT,PRETESTS,5,109,20582400
902,A,33420894,Java 8,WRONG_ANSWER,1707,1513699418,henryw,CONTESTANT,PRETESTS,2,139,20992000
902,A,33421864,Java 8,WRONG_ANSWER,1946,1513699657,henryw,CONTESTANT,PRETESTS,2,140,20992000
902,A,33429724,Java 8,WRONG_ANSWER,4570,1513702280,henryw,CONTESTANT,TESTS,47,171,21094400
902,A,33419369,C++14 (GCC 6-32),OK,1376,1513699076,henu-lyg,CONTESTANT,TESTS,55,15,1945600
902,A,33415865,C++14 (GCC 6-32),WRONG_ANSWER,772,1513698472,henuwhr,CONTESTANT,PRETESTS,2,15,1945600
902,A,33416313,C++14 (GCC 6-32),WRONG_ANSWER,839,1513698539,henuwhr,CONTESTANT,PRETESTS,2,15,1945600
902,A,33416782,C++14 (GCC 6-32),WRONG_ANSWER,912,1513698612,henuwhr,CONTESTANT,PRETESTS,5,15,1945600
902,A,33419861,C++14 (GCC 6-32),WRONG_ANSWER,1481,1513699181,henuwhr,CONTESTANT,PRETESTS,2,15,1843200
902,A,33421992,C++14 (GCC 6-32),WRONG_ANSWER,1991,1513699691,henuwhr,CONTESTANT,PRETESTS,6,15,1945600
902,A,33424896,C++14 (GCC 6-32),CHALLENGED,2797,1513700498,henuwhr,CONTESTANT,CHALLENGES,8,15,1945600
902,A,33425566,C++14 (GCC 6-32),WRONG_ANSWER,3014,1513700715,henuwhr,CONTESTANT,PRETESTS,5,0,1945600
902,A,33413443,GNU C++,WRONG_ANSWER,393,1513698093,hephaestus,CONTESTANT,PRETESTS,0,15,2457600
902,A,33414773,GNU C++,WRONG_ANSWER,608,1513698308,hephaestus,CONTESTANT,PRETESTS,1,15,2457600
902,A,33417345,GNU C++,OK,1006,1513698706,hephaestus,CONTESTANT,TESTS,55,15,3276800
902,B,33419973,GNU C++,WRONG_ANSWER,1507,1513699207,hephaestus,CONTESTANT,PRETESTS,6,15,4300800
902,B,33421323,GNU C++,OK,1824,1513699524,hephaestus,CONTESTANT,TESTS,50,30,4300800
902,C,33425709,GNU C++,OK,3060,1513700760,hephaestus,CONTESTANT,TESTS,45,109,5836800
902,D,33434447,GNU C++,WRONG_ANSWER,6776,1513704476,hephaestus,CONTESTANT,PRETESTS,2,15,34099200
902,D,33434980,GNU C++,WRONG_ANSWER,6996,1513704696,hephaestus,CONTESTANT,PRETESTS,2,15,34099200
902,D,33435527,GNU C++,WRONG_ANSWER,7169,1513704869,hephaestus,CONTESTANT,PRETESTS,2,15,34099200
902,A,33415682,GNU C++11,OK,745,1513698445,hevea_brasiliensis,CONTESTANT,TESTS,55,15,2048000
902,B,33422347,GNU C++11,OK,2079,1513699779,hevea_brasiliensis,CONTESTANT,TESTS,50,31,2560000
902,C,33430007,GNU C++11,WRONG_ANSWER,4698,1513702399,hevea_brasiliensis,CONTESTANT,PRETESTS,1,0,2867200
902,A,33413491,C++14 (GCC 6-32),OK,390,1513698101,hexisyztem,CONTESTANT,TESTS,55,15,1843200
902,B,33417872,C++14 (GCC 6-32),OK,1086,1513698797,hexisyztem,CONTESTANT,TESTS,50,31,18329600
902,C,33426683,C++14 (GCC 6-32),OK,3385,1513701095,hexisyztem,CONTESTANT,TESTS,45,93,17920000
902,D,33430773,C++14 (GCC 6-32),WRONG_ANSWER,5015,1513702725,hexisyztem,CONTESTANT,PRETESTS,0,15,1843200
902,D,33433144,C++14 (GCC 6-32),WRONG_ANSWER,6170,1513703880,hexisyztem,CONTESTANT,PRETESTS,2,15,1843200
902,D,33434040,C++14 (GCC 6-32),WRONG_ANSWER,6591,1513704302,hexisyztem,CONTESTANT,PRETESTS,1,15,1843200
902,A,33413899,Java 8,OK,471,1513698171,heyyeyaaeyaaaeyaeyaa,CONTESTANT,TESTS,55,140,20684800
902,B,33426650,Java 8,OK,3382,1513701082,heyyeyaaeyaaaeyaeyaa,CONTESTANT,TESTS,50,155,20787200
902,C,33431756,Java 8,WRONG_ANSWER,5491,1513703191,heyyeyaaeyaaaeyaeyaa,CONTESTANT,PRETESTS,3,109,20684800
902,A,33413644,C++14 (GCC 6-32),OK,428,1513698128,hhvys,CONTESTANT,TESTS,55,15,1945600
902,B,33418190,C++14 (GCC 6-32),OK,1148,1513698848,hhvys,CONTESTANT,TESTS,50,30,2457600
902,C,33424293,C++14 (GCC 6-32),OK,2623,1513700323,hhvys,CONTESTANT,TESTS,45,124,2252800
902,D,33432914,C++14 (GCC 6-32),OK,6073,1513703773,hhvys,CONTESTANT,TESTS,150,15,1945600
902,A,33416440,GNU C++11,WRONG_ANSWER,857,1513698557,hics33,CONTESTANT,PRETESTS,3,0,2048000
902,A,33418738,GNU C++11,WRONG_ANSWER,1251,1513698951,hics33,CONTESTANT,PRETESTS,3,15,2048000
902,A,33419078,GNU C++11,WRONG_ANSWER,1327,1513699027,hics33,CONTESTANT,PRETESTS,3,15,2048000
902,A,33419741,GNU C++11,WRONG_ANSWER,1455,1513699155,hics33,CONTESTANT,PRETESTS,2,15,2048000
902,A,33420010,GNU C++11,OK,1514,1513699214,hics33,CONTESTANT,TESTS,55,31,2048000
902,B,33424441,GNU C++11,OK,2669,1513700369,hics33,CONTESTANT,TESTS,50,46,2150400
902,C,33428923,GNU C++11,WRONG_ANSWER,4247,1513701947,hics33,CONTESTANT,PRETESTS,1,0,2048000
902,C,33429116,GNU C++11,OK,4324,1513702024,hics33,CONTESTANT,TESTS,45,327,2457600
902,A,33418502,GNU C++,COMPILATION_ERROR,1204,1513698904,higor,CONTESTANT,PRETESTS,0,0,0
902,A,33419053,GNU C++,WRONG_ANSWER,1321,1513699021,higor,CONTESTANT,PRETESTS,2,15,2048000
902,A,33419499,GNU C++,WRONG_ANSWER,1408,1513699108,higor,CONTESTANT,PRETESTS,3,15,2048000
902,A,33423187,GNU C++,WRONG_ANSWER,2317,1513700017,higor,CONTESTANT,PRETESTS,2,15,2048000
902,A,33424241,GNU C++,WRONG_ANSWER,2607,1513700307,higor,CONTESTANT,PRETESTS,2,0,2048000
902,A,33426346,GNU C++,WRONG_ANSWER,3269,1513700969,higor,CONTESTANT,PRETESTS,0,0,2048000
902,A,33427999,GNU C++,WRONG_ANSWER,3874,1513701574,higor,CONTESTANT,PRETESTS,4,15,2048000
902,A,33429915,GNU C++,OK,4656,1513702356,higor,CONTESTANT,TESTS,55,15,2048000
902,A,33414573,Python 3,WRONG_ANSWER,580,1513698280,hijibijee,CONTESTANT,PRETESTS,2,62,5529600
902,A,33416824,Python 3,WRONG_ANSWER,919,1513698619,hijibijee,CONTESTANT,PRETESTS,2,46,5529600
902,A,33422759,Python 3,CHALLENGED,2198,1513699898,hijibijee,CONTESTANT,CHALLENGES,8,62,5529600
902,A,33423464,Python 3,WRONG_ANSWER,2395,1513700095,hijibijee,CONTESTANT,PRETESTS,3,62,5529600
902,A,33434460,Python 3,OK,6784,1513704484,hijibijee,CONTESTANT,TESTS,55,62,5529600
902,A,33412770,C++14 (GCC 6-32),OK,236,1513697936,himanshu_0896,CONTESTANT,TESTS,55,31,1945600
902,B,33416302,C++14 (GCC 6-32),OK,837,1513698537,himanshu_0896,CONTESTANT,TESTS,50,15,2662400
902,C,33425384,C++14 (GCC 6-32),OK,2944,1513700655,himanshu_0896,CONTESTANT,TESTS,45,109,2662400
902,A,33423525,C++14 (GCC 6-32),WRONG_ANSWER,2412,1513700112,himanshu_12345,CONTESTANT,PRETESTS,3,15,1843200
902,A,33428711,C++14 (GCC 6-32),WRONG_ANSWER,4164,1513701864,himanshu_12345,CONTESTANT,TESTS,27,15,1945600
902,A,33418948,C++14 (GCC 6-32),WRONG_ANSWER,1295,1513698995,himanshug396,CONTESTANT,PRETESTS,2,15,1843200
902,A,33421923,C++14 (GCC 6-32),WRONG_ANSWER,1973,1513699673,himanshug396,CONTESTANT,PRETESTS,2,15,1843200
902,A,33414085,C++14 (GCC 6-32),OK,502,1513698202,himanshugupta,CONTESTANT,TESTS,55,15,1945600
902,B,33421497,C++14 (GCC 6-32),OK,1868,1513699568,himanshugupta,CONTESTANT,TESTS,50,15,2457600
902,C,33429274,C++14 (GCC 6-32),OK,4386,1513702086,himanshugupta,CONTESTANT,TESTS,45,93,5836800
902,A,33419851,GNU C++11,WRONG_ANSWER,1477,1513699177,himisir,CONTESTANT,PRETESTS,2,15,2048000
902,A,33421420,GNU C++11,WRONG_ANSWER,1846,1513699546,himisir,CONTESTANT,PRETESTS,2,15,2048000
902,A,33423640,GNU C++11,WRONG_ANSWER,2443,1513700143,himisir,CONTESTANT,PRETESTS,2,15,2048000
902,B,33421576,GNU C++,SKIPPED,1877,1513699588,hk8128,CONTESTANT,PRETESTS,10,15,2867200
902,A,33423843,C++14 (GCC 6-32),CHALLENGED,2490,1513700201,hk8128,CONTESTANT,CHALLENGES,8,15,1945600
902,B,33427370,GNU C++,OK,3637,1513701348,hk8128,CONTESTANT,TESTS,50,31,2969600
902,A,33418102,C++14 (GCC 6-32),OK,1133,1513698833,hk_shenoy,CONTESTANT,TESTS,55,15,1945600
902,B,33420849,C++14 (GCC 6-32),OK,1710,1513699410,hk_shenoy,CONTESTANT,TESTS,50,46,5324800
902,C,33431074,C++14 (GCC 6-32),WRONG_ANSWER,5152,1513702852,hk_shenoy,CONTESTANT,PRETESTS,4,0,5120000
902,B,33420820,C++14 (GCC 6-32),OK,1702,1513699402,hkbishwa,CONTESTANT,TESTS,50,30,2457600
902,A,33424879,C++14 (GCC 6-32),OK,2792,1513700492,hkbishwa,CONTESTANT,TESTS,55,15,2150400
902,C,33432894,C++14 (GCC 6-32),WRONG_ANSWER,6063,1513703763,hkbishwa,CONTESTANT,PRETESTS,3,15,4300800
902,C,33433093,C++14 (GCC 6-32),RUNTIME_ERROR,6154,1513703854,hkbishwa,CONTESTANT,PRETESTS,1,15,4403200
902,C,33433195,C++14 (GCC 6-32),RUNTIME_ERROR,6205,1513703905,hkbishwa,CONTESTANT,PRETESTS,3,15,4300800
902,C,33433302,C++14 (GCC 6-32),WRONG_ANSWER,6249,1513703949,hkbishwa,CONTESTANT,PRETESTS,3,15,4300800
902,C,33433617,C++14 (GCC 6-32),WRONG_ANSWER,6389,1513704089,hkbishwa,CONTESTANT,PRETESTS,3,15,4300800
902,A,33423354,GNU C++11,WRONG_ANSWER,2365,1513700065,hmahmudul852,CONTESTANT,PRETESTS,2,15,2048000
902,A,33424097,GNU C++11,WRONG_ANSWER,2569,1513700269,hmahmudul852,CONTESTANT,PRETESTS,2,15,2048000
902,A,33426811,GNU C++11,OK,3439,1513701139,hmahmudul852,CONTESTANT,TESTS,55,15,2048000
902,B,33432065,GNU C++11,OK,5643,1513703343,hmahmudul852,CONTESTANT,TESTS,50,46,2560000
902,A,33417372,C++14 (GCC 6-32),WRONG_ANSWER,1011,1513698711,hmrockstar,CONTESTANT,PRETESTS,2,0,1843200
902,A,33418294,C++14 (GCC 6-32),WRONG_ANSWER,1166,1513698866,hmrockstar,CONTESTANT,PRETESTS,3,15,1945600
902,B,33422262,C++14 (GCC 6-32),OK,2053,1513699753,hmrockstar,CONTESTANT,TESTS,50,30,22835200
902,C,33428734,C++14 (GCC 6-32),OK,4174,1513701874,hmrockstar,CONTESTANT,TESTS,45,124,16281600
902,A,33428980,C++14 (GCC 6-32),WRONG_ANSWER,4270,1513701970,hmrockstar,CONTESTANT,PRETESTS,3,0,1945600
902,A,33429243,C++14 (GCC 6-32),WRONG_ANSWER,4373,1513702073,hmrockstar,CONTESTANT,PRETESTS,0,15,1945600
902,A,33429335,C++14 (GCC 6-32),WRONG_ANSWER,4411,1513702111,hmrockstar,CONTESTANT,PRETESTS,3,15,1945600
902,A,33430312,C++14 (GCC 6-32),OK,4827,1513702527,hmrockstar,CONTESTANT,TESTS,55,30,1945600
902,A,33423900,FPC,OK,2509,1513700219,hoangducsmagic,CONTESTANT,TESTS,55,15,1638400
902,A,33416398,FPC,RUNTIME_ERROR,850,1513698550,hoangnhut_p30,CONTESTANT,PRETESTS,2,0,1638400
902,A,33417891,FPC,OK,1099,1513698799,hoangnhut_p30,CONTESTANT,TESTS,55,31,1638400
902,B,33428017,FPC,OK,3882,1513701582,hoangnhut_p30,CONTESTANT,TESTS,50,30,2048000
902,A,33419127,C++14 (GCC 6-32),COMPILATION_ERROR,1337,1513699037,hocky,CONTESTANT,PRETESTS,0,0,0
902,B,33419298,C++14 (GCC 6-32),OK,1367,1513699067,hocky,CONTESTANT,TESTS,50,31,2355200
902,A,33419485,C++14 (GCC 6-32),WRONG_ANSWER,1405,1513699105,hocky,CONTESTANT,PRETESTS,2,0,1945600
902,A,33420288,C++14 (GCC 6-32),OK,1576,1513699276,hocky,CONTESTANT,TESTS,55,31,1945600
902,C,33430973,C++14 (GCC 6-32),RUNTIME_ERROR,5108,1513702808,hocky,CONTESTANT,PRETESTS,4,15,9113600
902,C,33432119,C++14 (GCC 6-32),RUNTIME_ERROR,5674,1513703374,hocky,CONTESTANT,PRETESTS,4,0,9113600
902,C,33432222,C++14 (GCC 6-32),RUNTIME_ERROR,5723,1513703423,hocky,CONTESTANT,PRETESTS,4,15,16281600
902,C,33432450,C++14 (GCC 6-32),WRONG_ANSWER,5843,1513703543,hocky,CONTESTANT,PRETESTS,1,15,9113600
902,C,33432618,C++14 (GCC 6-32),RUNTIME_ERROR,5928,1513703628,hocky,CONTESTANT,PRETESTS,4,15,9113600
902,C,33433004,C++14 (GCC 6-32),RUNTIME_ERROR,6112,1513703812,hocky,CONTESTANT,PRETESTS,4,15,9113600
902,C,33433513,C++14 (GCC 6-32),COMPILATION_ERROR,6339,1513704039,hocky,CONTESTANT,PRETESTS,0,0,0
902,C,33433595,C++14 (GCC 6-32),WRONG_ANSWER,6379,1513704079,hocky,CONTESTANT,PRETESTS,4,15,9113600
902,C,33433693,C++14 (GCC 6-32),WRONG_ANSWER,6422,1513704122,hocky,CONTESTANT,PRETESTS,4,0,9113600
902,C,33433922,C++14 (GCC 6-32),WRONG_ANSWER,6533,1513704233,hocky,CONTESTANT,PRETESTS,1,0,9113600
902,C,33434026,C++14 (GCC 6-32),WRONG_ANSWER,6593,1513704293,hocky,CONTESTANT,PRETESTS,4,15,9113600
902,C,33434108,C++14 (GCC 6-32),WRONG_ANSWER,6629,1513704329,hocky,CONTESTANT,PRETESTS,4,0,9113600
902,C,33434614,C++14 (GCC 6-32),WRONG_ANSWER,6851,1513704551,hocky,CONTESTANT,PRETESTS,3,31,9113600
902,A,33413531,Ruby,WRONG_ANSWER,409,1513698109,hogeover30,CONTESTANT,PRETESTS,2,62,6348800
902,A,33414509,Ruby,WRONG_ANSWER,567,1513698267,hogeover30,CONTESTANT,PRETESTS,2,93,6246400
902,A,33418905,Ruby,WRONG_ANSWER,1286,1513698986,hogeover30,CONTESTANT,PRETESTS,2,62,6246400
902,B,33423731,C++14 (GCC 6-32),WRONG_ANSWER,2470,1513700170,hogeover30,CONTESTANT,PRETESTS,4,15,2048000
902,B,33424291,C++14 (GCC 6-32),OK,2622,1513700322,hogeover30,CONTESTANT,TESTS,50,46,2560000
902,C,33427328,C++14 (GCC 6-32),WRONG_ANSWER,3636,1513701336,hogeover30,CONTESTANT,PRETESTS,1,15,2662400
902,C,33427508,C++14 (GCC 6-32),WRONG_ANSWER,3698,1513701398,hogeover30,CONTESTANT,PRETESTS,1,15,2662400
902,C,33427866,C++14 (GCC 6-32),WRONG_ANSWER,3827,1513701527,hogeover30,CONTESTANT,PRETESTS,3,15,2662400
902,C,33428455,C++14 (GCC 6-32),WRONG_ANSWER,4055,1513701755,hogeover30,CONTESTANT,PRETESTS,3,15,2662400
902,C,33428761,C++14 (GCC 6-32),WRONG_ANSWER,4187,1513701887,hogeover30,CONTESTANT,PRETESTS,4,15,2662400
902,C,33429071,C++14 (GCC 6-32),WRONG_ANSWER,4307,1513702007,hogeover30,CONTESTANT,PRETESTS,4,15,2662400
902,C,33430924,C++14 (GCC 6-32),WRONG_ANSWER,5081,1513702781,hogeover30,CONTESTANT,PRETESTS,4,15,2662400
902,A,33413406,Java 8,OK,386,1513698086,holeguma,CONTESTANT,TESTS,55,140,20684800
902,B,33420806,Java 8,TIME_LIMIT_EXCEEDED,1699,1513699399,holeguma,CONTESTANT,PRETESTS,5,1000,165171200
902,B,33422073,Java 8,TIME_LIMIT_EXCEEDED,2007,1513699707,holeguma,CONTESTANT,PRETESTS,5,1000,165171200
902,B,33425802,Java 8,MEMORY_LIMIT_EXCEEDED,3090,1513700790,holeguma,CONTESTANT,PRETESTS,0,249,268390400
902,B,33426720,Java 8,OK,3407,1513701107,holeguma,CONTESTANT,TESTS,50,124,20787200
902,D,33431106,Java 8,WRONG_ANSWER,5166,1513702866,holeguma,CONTESTANT,PRETESTS,2,109,20582400
902,A,33413775,GNU C++,WRONG_ANSWER,451,1513698151,hollycane,CONTESTANT,PRETESTS,2,15,2048000
902,A,33414638,GNU C++,WRONG_ANSWER,589,1513698289,hollycane,CONTESTANT,PRETESTS,2,15,2048000
902,A,33420084,GNU C++,WRONG_ANSWER,1531,1513699231,hollycane,CONTESTANT,TESTS,41,15,2048000
902,B,33427874,GNU C++,OK,3828,1513701528,hollycane,CONTESTANT,TESTS,50,46,4198400
902,C,33433550,GNU C++,OK,6358,1513704058,hollycane,CONTESTANT,TESTS,45,342,5427200
902,A,33418564,GNU C++,OK,1216,1513698916,hosseinmasoodi,CONTESTANT,TESTS,55,15,2252800
902,A,33427456,MS C++,WRONG_ANSWER,3678,1513701378,hot.purshe,CONTESTANT,PRETESTS,2,15,2048000
902,A,33427766,MS C++,WRONG_ANSWER,3793,1513701493,hot.purshe,CONTESTANT,PRETESTS,2,15,2048000
902,A,33429056,MS C++,WRONG_ANSWER,4299,1513701999,hot.purshe,CONTESTANT,PRETESTS,2,0,2048000
902,A,33430297,MS C++,WRONG_ANSWER,4817,1513702517,hot.purshe,CONTESTANT,PRETESTS,2,0,2048000
902,A,33430959,MS C++,WRONG_ANSWER,5095,1513702795,hot.purshe,CONTESTANT,PRETESTS,3,0,2048000
902,A,33431174,MS C++,WRONG_ANSWER,5205,1513702905,hot.purshe,CONTESTANT,PRETESTS,2,0,2048000
902,A,33431393,MS C++,WRONG_ANSWER,5308,1513703008,hot.purshe,CONTESTANT,PRETESTS,2,15,2048000
902,A,33431544,MS C++,WRONG_ANSWER,5382,1513703082,hot.purshe,CONTESTANT,PRETESTS,2,15,2048000
902,A,33431856,MS C++,OK,5546,1513703246,hot.purshe,CONTESTANT,TESTS,55,15,2048000
902,A,33421262,GNU C,COMPILATION_ERROR,1810,1513699510,hotcoffee,CONTESTANT,PRETESTS,0,0,0
902,A,33421879,GNU C,COMPILATION_ERROR,1959,1513699659,hotcoffee,CONTESTANT,PRETESTS,0,0,0
902,A,33425370,GNU C,COMPILATION_ERROR,2950,1513700650,hotcoffee,CONTESTANT,PRETESTS,0,0,0
902,A,33412811,GNU C++11,OK,255,1513697955,howard41436,CONTESTANT,TESTS,55,15,1843200
902,B,33415294,GNU C++11,OK,690,1513698390,howard41436,CONTESTANT,TESTS,50,31,2457600
902,C,33421225,GNU C++11,OK,1798,1513699498,howard41436,CONTESTANT,TESTS,45,109,5529600
902,D,33434238,GNU C++11,WRONG_ANSWER,6688,1513704388,howard41436,CONTESTANT,PRETESTS,2,0,1945600
902,D,33435241,GNU C++11,OK,7085,1513704785,howard41436,CONTESTANT,TESTS,150,15,1945600
902,A,33415419,C++14 (GCC 6-32),OK,708,1513698408,hpotter97762,CONTESTANT,TESTS,55,15,2150400
902,B,33422838,C++14 (GCC 6-32),OK,2220,1513699920,hpotter97762,CONTESTANT,TESTS,50,296,2867200
902,C,33428764,C++14 (GCC 6-32),OK,4188,1513701888,hpotter97762,CONTESTANT,TESTS,45,93,5836800
902,A,33413853,GNU C++11,OK,462,1513698162,hqwhuang,CONTESTANT,TESTS,55,15,2150400
902,B,33417663,GNU C++11,OK,1061,1513698761,hqwhuang,CONTESTANT,TESTS,50,31,2560000
902,C,33422755,GNU C++11,OK,2197,1513699897,hqwhuang,CONTESTANT,TESTS,45,109,6041600
902,D,33426975,GNU C++11,WRONG_ANSWER,3494,1513701194,hqwhuang,CONTESTANT,PRETESTS,3,15,2048000
902,D,33427173,GNU C++11,WRONG_ANSWER,3575,1513701275,hqwhuang,CONTESTANT,PRETESTS,0,0,2048000
902,D,33427405,GNU C++11,WRONG_ANSWER,3659,1513701359,hqwhuang,CONTESTANT,PRETESTS,3,15,2048000
902,D,33427724,GNU C++11,WRONG_ANSWER,3779,1513701479,hqwhuang,CONTESTANT,PRETESTS,2,15,2048000
902,D,33429487,GNU C++11,WRONG_ANSWER,4480,1513702180,hqwhuang,CONTESTANT,PRETESTS,3,15,2048000
902,D,33429694,GNU C++11,WRONG_ANSWER,4567,1513702267,hqwhuang,CONTESTANT,PRETESTS,2,15,2048000
902,D,33430489,GNU C++11,WRONG_ANSWER,4895,1513702595,hqwhuang,CONTESTANT,PRETESTS,2,0,2048000
902,D,33431140,GNU C++11,WRONG_ANSWER,5183,1513702883,hqwhuang,CONTESTANT,TESTS,13,15,2048000
902,D,33431398,GNU C++11,WRONG_ANSWER,5310,1513703010,hqwhuang,CONTESTANT,PRETESTS,9,15,2048000
902,D,33431895,GNU C++11,WRONG_ANSWER,5567,1513703267,hqwhuang,CONTESTANT,PRETESTS,7,15,2048000
902,A,33417344,C++14 (GCC 6-32),WRONG_ANSWER,995,1513698705,hrishavkmr,CONTESTANT,PRETESTS,4,15,1945600
902,A,33421425,C++14 (GCC 6-32),WRONG_ANSWER,1837,1513699547,hrishavkmr,CONTESTANT,PRETESTS,4,15,1843200
902,A,33423091,C++14 (GCC 6-32),WRONG_ANSWER,2275,1513699985,hrishavkmr,CONTESTANT,PRETESTS,4,15,1945600
902,A,33424046,C++14 (GCC 6-32),WRONG_ANSWER,2546,1513700256,hrishavkmr,CONTESTANT,PRETESTS,4,15,1945600
902,A,33432835,C++14 (GCC 6-32),WRONG_ANSWER,6022,1513703732,hrishavkmr,CONTESTANT,TESTS,47,15,1945600
902,A,33413267,C++14 (GCC 6-32),WRONG_ANSWER,362,1513698062,hsr,CONTESTANT,PRETESTS,3,15,1945600
902,A,33413568,C++14 (GCC 6-32),OK,416,1513698116,hsr,CONTESTANT,TESTS,55,15,1945600
902,B,33418582,C++14 (GCC 6-32),OK,1219,1513698919,hsr,CONTESTANT,TESTS,50,31,2560000
902,C,33426793,C++14 (GCC 6-32),OK,3432,1513701132,hsr,CONTESTANT,TESTS,45,93,5120000
902,A,33414022,C++14 (GCC 6-32),WRONG_ANSWER,491,1513698191,hteai,CONTESTANT,PRETESTS,3,15,1945600
902,A,33415255,C++14 (GCC 6-32),OK,685,1513698385,hteai,CONTESTANT,TESTS,55,15,1945600
902,B,33423203,C++14 (GCC 6-32),OK,2323,1513700023,hteai,CONTESTANT,TESTS,50,15,3379200
902,C,33427016,C++14 (GCC 6-32),WRONG_ANSWER,3510,1513701210,hteai,CONTESTANT,PRETESTS,4,15,2252800
902,C,33427085,C++14 (GCC 6-32),OK,3539,1513701239,hteai,CONTESTANT,TESTS,45,93,2252800
902,D,33435632,C++14 (GCC 6-32),WRONG_ANSWER,7189,1513704889,hteai,CONTESTANT,PRETESTS,0,0,3072000
902,A,33413076,GNU C++,OK,325,1513698025,huangzhen,CONTESTANT,TESTS,55,15,2969600
902,B,33416511,GNU C++,OK,870,1513698570,huangzhen,CONTESTANT,TESTS,50,46,4300800
902,C,33423855,GNU C++,WRONG_ANSWER,2503,1513700203,huangzhen,CONTESTANT,PRETESTS,6,15,4505600
902,C,33424818,GNU C++,OK,2777,1513700477,huangzhen,CONTESTANT,TESTS,45,265,4505600
902,D,33431094,GNU C++,WRONG_ANSWER,5158,1513702858,huangzhen,CONTESTANT,PRETESTS,2,15,2048000
902,D,33431679,GNU C++,OK,5450,1513703150,huangzhen,CONTESTANT,TESTS,150,15,2048000
902,A,33420384,C++14 (GCC 6-32),WRONG_ANSWER,1597,1513699297,hubz,CONTESTANT,PRETESTS,0,0,1843200
902,A,33420925,C++14 (GCC 6-32),OK,1725,1513699425,hubz,CONTESTANT,TESTS,55,31,1843200
902,B,33423790,C++14 (GCC 6-32),OK,2490,1513700190,hubz,CONTESTANT,TESTS,50,31,2355200
902,C,33430441,C++14 (GCC 6-32),WRONG_ANSWER,4876,1513702576,hubz,CONTESTANT,PRETESTS,4,15,4300800
902,C,33420558,Java 8,OK,1639,1513699339,hulk_man,CONTESTANT,TESTS,45,217,20787200
902,A,33421788,Java 8,OK,1937,1513699637,hulk_man,CONTESTANT,TESTS,55,139,20684800
902,B,33423484,Java 8,OK,2400,1513700100,hulk_man,CONTESTANT,TESTS,50,124,21094400
902,A,33420367,MS C++,WRONG_ANSWER,1582,1513699293,hulu,CONTESTANT,PRETESTS,1,15,2048000
902,A,33421299,MS C++,WRONG_ANSWER,1808,1513699518,hulu,CONTESTANT,PRETESTS,4,15,2048000
902,A,33423034,MS C++,WRONG_ANSWER,2261,1513699972,hulu,CONTESTANT,PRETESTS,4,15,2048000
902,B,33430703,MS C++,RUNTIME_ERROR,4987,1513702697,hulu,CONTESTANT,PRETESTS,5,15,6041600
902,B,33431394,MS C++,RUNTIME_ERROR,5298,1513703009,hulu,CONTESTANT,PRETESTS,5,15,6041600
902,B,33431459,C++14 (GCC 6-32),RUNTIME_ERROR,5330,1513703040,hulu,CONTESTANT,PRETESTS,5,15,5939200
902,A,33432388,C++14 (GCC 6-32),WRONG_ANSWER,5795,1513703505,hulu,CONTESTANT,PRETESTS,4,15,1945600
902,A,33434695,C++14 (GCC 6-32),COMPILATION_ERROR,6874,1513704584,hulu,CONTESTANT,PRETESTS,0,0,0
902,A,33415660,GNU C++,OK,742,1513698442,hungryNewton,CONTESTANT,TESTS,55,15,2048000
902,B,33423321,GNU C++,OK,2347,1513700057,hungryNewton,CONTESTANT,TESTS,50,15,2150400
902,A,33415871,C++14 (GCC 6-32),OK,773,1513698473,hungry_fool,CONTESTANT,TESTS,55,15,9932800
902,B,33421160,C++14 (GCC 6-32),OK,1784,1513699484,hungry_fool,CONTESTANT,TESTS,50,31,6246400
902,A,33414374,GNU C++11,WRONG_ANSWER,535,1513698245,huongkem,CONTESTANT,PRETESTS,2,15,2048000
902,A,33415130,GNU C++11,OK,654,1513698365,huongkem,CONTESTANT,TESTS,55,15,2048000
902,B,33421452,GNU C++11,OK,1854,1513699554,huongkem,CONTESTANT,TESTS,50,62,2560000
902,C,33428569,GNU C++11,WRONG_ANSWER,4102,1513701802,huongkem,CONTESTANT,PRETESTS,0,0,2252800
902,A,33415567,C++14 (GCC 6-32),WRONG_ANSWER,730,1513698430,hustle,CONTESTANT,PRETESTS,3,15,1945600
902,A,33423280,C++14 (GCC 6-32),WRONG_ANSWER,2347,1513700047,hustle,CONTESTANT,PRETESTS,3,0,1945600
902,A,33426071,C++14 (GCC 6-32),WRONG_ANSWER,3178,1513700878,hustle,CONTESTANT,PRETESTS,3,15,1945600
902,A,33427424,C++14 (GCC 6-32),WRONG_ANSWER,3666,1513701366,hustle,CONTESTANT,PRETESTS,3,15,1843200
902,A,33429904,C++14 (GCC 6-32),WRONG_ANSWER,4649,1513702349,hustle,CONTESTANT,PRETESTS,3,15,1945600
902,A,33413244,GNU C++,OK,358,1513698058,hustpanda,CONTESTANT,TESTS,55,15,2048000
902,B,33415696,GNU C++,OK,747,1513698447,hustpanda,CONTESTANT,TESTS,50,15,2150400
902,C,33422715,GNU C++,OK,2185,1513699885,hustpanda,CONTESTANT,TESTS,45,109,3686400
902,A,33415468,FPC,COMPILATION_ERROR,716,1513698416,huw,CONTESTANT,PRETESTS,0,0,0
902,A,33415875,FPC,OK,774,1513698474,huw,CONTESTANT,TESTS,55,15,2457600
902,B,33422484,FPC,OK,2122,1513699822,huw,CONTESTANT,TESTS,50,15,3174400
902,A,33414113,C++14 (GCC 6-32),WRONG_ANSWER,505,1513698205,huyle10121998,CONTESTANT,PRETESTS,2,0,1945600
902,A,33418312,C++14 (GCC 6-32),WRONG_ANSWER,1170,1513698870,huyle10121998,CONTESTANT,PRETESTS,0,0,1843200
902,A,33419925,C++14 (GCC 6-32),WRONG_ANSWER,1495,1513699195,huyle10121998,CONTESTANT,PRETESTS,2,0,1843200
902,A,33420615,C++14 (GCC 6-32),WRONG_ANSWER,1651,1513699351,huyle10121998,CONTESTANT,PRETESTS,2,15,1843200
902,A,33422395,C++14 (GCC 6-32),WRONG_ANSWER,2098,1513699798,huyle10121998,CONTESTANT,PRETESTS,2,0,1843200
902,A,33422996,C++14 (GCC 6-32),WRONG_ANSWER,2259,1513699959,huyle10121998,CONTESTANT,PRETESTS,2,15,1843200
902,A,33424239,C++14 (GCC 6-32),WRONG_ANSWER,2606,1513700306,huyle10121998,CONTESTANT,PRETESTS,2,0,1945600
902,A,33432381,C++14 (GCC 6-32),SKIPPED,5801,1513703502,huyle10121998,CONTESTANT,PRETESTS,8,15,1945600
902,A,33435422,C++14 (GCC 6-32),OK,7142,1513704842,huyle10121998,CONTESTANT,TESTS,55,15,1945600
902,A,33412697,GNU C++11,OK,203,1513697903,hycc,CONTESTANT,TESTS,55,15,4198400
902,B,33417361,GNU C++11,OK,1008,1513698708,hycc,CONTESTANT,TESTS,50,15,6656000
902,C,33422125,GNU C++,OK,2020,1513699720,hycc,CONTESTANT,TESTS,45,280,18227200
902,A,33420128,C++14 (GCC 6-32),TIME_LIMIT_EXCEEDED,1541,1513699241,hyesuixin,CONTESTANT,PRETESTS,2,1000,1843200
902,A,33421475,C++14 (GCC 6-32),WRONG_ANSWER,1862,1513699562,hyesuixin,CONTESTANT,PRETESTS,2,15,1843200
902,A,33422216,C++14 (GCC 6-32),WRONG_ANSWER,2039,1513699739,hyesuixin,CONTESTANT,PRETESTS,2,15,1945600
902,A,33424669,C++14 (GCC 6-32),WRONG_ANSWER,2736,1513700436,hyesuixin,CONTESTANT,TESTS,20,15,1945600
902,B,33427751,C++14 (GCC 6-32),OK,3788,1513701488,hyesuixin,CONTESTANT,TESTS,50,31,2457600
902,A,33420199,C++14 (GCC 6-32),WRONG_ANSWER,1558,1513699258,hypermassive,CONTESTANT,TESTS,11,15,1945600
902,D,33425121,GNU C++11,WRONG_ANSWER,2857,1513700567,hzy9819,CONTESTANT,PRETESTS,2,0,2048000
902,D,33426222,GNU C++11,WRONG_ANSWER,3219,1513700929,hzy9819,CONTESTANT,PRETESTS,2,15,2048000
902,D,33428094,GNU C++11,WRONG_ANSWER,3904,1513701614,hzy9819,CONTESTANT,PRETESTS,2,15,2048000
902,D,33429077,GNU C++11,WRONG_ANSWER,4297,1513702008,hzy9819,CONTESTANT,PRETESTS,5,15,2048000
902,D,33429453,GNU C++11,OK,4454,1513702165,hzy9819,CONTESTANT,TESTS,150,15,2150400
902,C,33430672,GNU C++11,RUNTIME_ERROR,4971,1513702681,hzy9819,CONTESTANT,PRETESTS,12,15,6451200
902,C,33430836,GNU C++11,OK,5038,1513702748,hzy9819,CONTESTANT,TESTS,45,109,11264000
902,B,33431506,GNU C++11,OK,5355,1513703066,hzy9819,CONTESTANT,TESTS,50,15,5120000
902,A,33432017,GNU C++11,OK,5613,1513703324,hzy9819,CONTESTANT,TESTS,55,15,2867200
902,A,33416967,GNU C++11,WRONG_ANSWER,940,1513698640,i._buriev,CONTESTANT,PRETESTS,5,15,2867200
902,A,33417860,GNU C++11,WRONG_ANSWER,1096,1513698796,i._buriev,CONTESTANT,PRETESTS,5,15,2867200
902,A,33425417,GNU C++11,WRONG_ANSWER,2967,1513700667,i._buriev,CONTESTANT,PRETESTS,4,15,2867200
902,A,33427780,GNU C++11,WRONG_ANSWER,3797,1513701497,i._buriev,CONTESTANT,PRETESTS,5,15,2867200
902,A,33429113,GNU C++11,WRONG_ANSWER,4323,1513702023,i._buriev,CONTESTANT,PRETESTS,3,15,2867200
902,A,33429539,GNU C++11,CHALLENGED,4503,1513702203,i._buriev,CONTESTANT,CHALLENGES,8,15,2867200
902,B,33433363,GNU C++11,WRONG_ANSWER,6277,1513703977,i._buriev,CONTESTANT,PRETESTS,2,15,2252800
902,B,33433699,GNU C++11,OK,6425,1513704125,i._buriev,CONTESTANT,TESTS,50,62,2560000
902,A,33421345,GNU C++11,WRONG_ANSWER,1819,1513699529,iMac,CONTESTANT,PRETESTS,5,15,2048000
902,A,33422441,GNU C++11,WRONG_ANSWER,2099,1513699810,iMac,CONTESTANT,PRETESTS,5,15,2048000
902,A,33422663,GNU C++11,WRONG_ANSWER,2162,1513699872,iMac,CONTESTANT,PRETESTS,5,15,2048000
902,A,33423598,GNU C++11,WRONG_ANSWER,2420,1513700131,iMac,CONTESTANT,PRETESTS,5,15,2048000
902,A,33424106,GNU C++11,WRONG_ANSWER,2561,1513700271,iMac,CONTESTANT,TESTS,11,15,2048000
902,B,33429345,GNU C++11,OK,4407,1513702117,iMac,CONTESTANT,TESTS,50,280,2457600
902,A,33413392,GNU C++11,RUNTIME_ERROR,383,1513698083,iMurat,CONTESTANT,PRETESTS,4,15,2048000
902,A,33414567,GNU C++11,WRONG_ANSWER,578,1513698278,iMurat,CONTESTANT,PRETESTS,5,15,2048000
902,A,33420483,GNU C++11,WRONG_ANSWER,1621,1513699321,iMurat,CONTESTANT,PRETESTS,2,0,2048000
902,A,33421279,GNU C++11,COMPILATION_ERROR,1814,1513699514,iMurat,CONTESTANT,PRETESTS,0,0,0
902,A,33421337,GNU C++11,WRONG_ANSWER,1828,1513699528,iMurat,CONTESTANT,PRETESTS,5,15,2048000
902,A,33424976,GNU C++11,WRONG_ANSWER,2822,1513700522,iMurat,CONTESTANT,PRETESTS,5,15,2048000
902,A,33414530,Java 8,CHALLENGED,572,1513698272,i_am_dtuite,CONTESTANT,CHALLENGES,8,140,20992000
902,B,33426464,Java 8,TIME_LIMIT_EXCEEDED,3309,1513701009,i_am_dtuite,CONTESTANT,TESTS,17,1000,21196800
902,A,33420842,GNU C++,WRONG_ANSWER,1706,1513699406,i_am_groot_,CONTESTANT,PRETESTS,4,15,2048000
902,A,33423822,GNU C++,CHALLENGED,2496,1513700196,i_am_groot_,CONTESTANT,CHALLENGES,8,15,2048000
902,B,33428149,GNU C++,WRONG_ANSWER,3936,1513701636,i_am_groot_,CONTESTANT,PRETESTS,1,0,2048000
902,B,33428199,GNU C++,WRONG_ANSWER,3957,1513701657,i_am_groot_,CONTESTANT,PRETESTS,1,15,2048000
902,A,33429613,GNU C++,WRONG_ANSWER,4538,1513702238,i_am_groot_,CONTESTANT,CHALLENGES,0,15,2048000
902,B,33430319,GNU C++,OK,4829,1513702529,i_am_groot_,CONTESTANT,TESTS,50,46,2560000
902,A,33431400,GNU C++,OK,5311,1513703011,i_am_groot_,CONTESTANT,TESTS,55,15,2048000
902,A,33413934,GNU C++11,OK,477,1513698177,i_am_starboy,CONTESTANT,TESTS,55,31,2048000
902,B,33418517,GNU C++11,OK,1207,1513698907,i_am_starboy,CONTESTANT,TESTS,50,61,2560000
902,C,33430722,GNU C++11,WRONG_ANSWER,5003,1513702703,i_am_starboy,CONTESTANT,PRETESTS,10,15,2048000
902,C,33432329,GNU C++11,WRONG_ANSWER,5777,1513703477,i_am_starboy,CONTESTANT,PRETESTS,10,15,2048000
902,C,33433111,GNU C++11,OK,6161,1513703861,i_am_starboy,CONTESTANT,TESTS,45,327,3686400
902,A,33426038,GNU C++11,OK,3155,1513700866,i_love_computer_studies,CONTESTANT,TESTS,55,15,2048000
902,B,33433317,GNU C++11,WRONG_ANSWER,6245,1513703955,i_love_computer_studies,CONTESTANT,PRETESTS,2,15,2150400
902,B,33433562,GNU C++11,WRONG_ANSWER,6351,1513704062,i_love_computer_studies,CONTESTANT,PRETESTS,4,0,2150400
902,A,33416122,GNU C++11,OK,810,1513698510,i_m_Shakil,CONTESTANT,TESTS,55,15,2048000
902,B,33431884,GNU C++11,WRONG_ANSWER,5562,1513703262,i_m_Shakil,CONTESTANT,PRETESTS,4,15,2457600
902,B,33432587,GNU C++11,WRONG_ANSWER,5914,1513703614,i_m_Shakil,CONTESTANT,PRETESTS,4,31,2457600
902,A,33416905,MS C++,OK,931,1513698631,iahmad,CONTESTANT,TESTS,55,15,2048000
902,B,33425742,MS C++,WRONG_ANSWER,3070,1513700770,iahmad,CONTESTANT,PRETESTS,2,15,2560000
902,B,33427344,MS C++,OK,3641,1513701341,iahmad,CONTESTANT,TESTS,50,31,2969600
902,C,33434249,MS C++,WRONG_ANSWER,6691,1513704391,iahmad,CONTESTANT,PRETESTS,1,0,2867200
902,C,33434609,MS C++,WRONG_ANSWER,6848,1513704548,iahmad,CONTESTANT,PRETESTS,4,15,2457600
902,C,33434734,MS C++,WRONG_ANSWER,6902,1513704602,iahmad,CONTESTANT,PRETESTS,4,15,3276800
902,C,33435025,MS C++,WRONG_ANSWER,7013,1513704713,iahmad,CONTESTANT,PRETESTS,4,15,3276800
902,C,33435408,MS C++,WRONG_ANSWER,7137,1513704837,iahmad,CONTESTANT,PRETESTS,4,15,3276800
902,A,33421191,GNU C++11,OK,1781,1513699491,iamSadee,CONTESTANT,TESTS,55,15,2048000
902,B,33428792,GNU C++11,OK,4187,1513701897,iamSadee,CONTESTANT,TESTS,50,218,2560000
902,A,33417821,Java 8,WRONG_ANSWER,1076,1513698787,iamnair,CONTESTANT,PRETESTS,3,155,20992000
902,A,33423535,Java 8,CHALLENGED,2415,1513700115,iamnair,CONTESTANT,CHALLENGES,8,140,20992000
902,A,33415043,GNU C++11,WRONG_ANSWER,653,1513698353,iampossiblee,CONTESTANT,PRETESTS,2,0,2048000
902,A,33416163,GNU C++11,CHALLENGED,817,1513698517,iampossiblee,CONTESTANT,CHALLENGES,8,15,2048000
902,A,33424605,GNU C++11,OK,2717,1513700417,iampossiblee,CONTESTANT,TESTS,55,15,2048000
902,A,33413040,C++14 (GCC 6-32),WRONG_ANSWER,317,1513698017,iamtheonewhoknocks,CONTESTANT,PRETESTS,0,0,2355200
902,A,33414143,C++14 (GCC 6-32),WRONG_ANSWER,510,1513698210,iamtheonewhoknocks,CONTESTANT,PRETESTS,1,0,1843200
902,A,33415621,C++14 (GCC 6-32),OK,725,1513698436,iamworldian,CONTESTANT,TESTS,55,15,1945600
902,A,33413793,C++14 (GCC 6-32),OK,453,1513698153,ianahao,CONTESTANT,TESTS,55,15,1945600
902,B,33419291,C++14 (GCC 6-32),OK,1365,1513699065,ianahao,CONTESTANT,TESTS,50,30,2457600
902,C,33425363,C++14 (GCC 6-32),WRONG_ANSWER,2949,1513700649,ianahao,CONTESTANT,PRETESTS,3,15,2252800
902,C,33429578,C++14 (GCC 6-32),WRONG_ANSWER,4522,1513702222,ianahao,CONTESTANT,PRETESTS,4,0,2252800
902,C,33431961,C++14 (GCC 6-32),OK,5594,1513703294,ianahao,CONTESTANT,TESTS,45,93,2252800
902,A,33415529,GNU C++11,SKIPPED,725,1513698425,ibrahim129,CONTESTANT,PRETESTS,8,15,2048000
902,A,33419356,C++14 (GCC 6-32),WRONG_ANSWER,1364,1513699075,ibrahim129,CONTESTANT,TESTS,46,15,2048000
902,B,33422338,GNU C++11,OK,2076,1513699776,ibrahim129,CONTESTANT,TESTS,50,46,2355200
902,C,33429809,GNU C++11,WRONG_ANSWER,4619,1513702319,ibrahim129,CONTESTANT,PRETESTS,1,15,2048000
902,C,33431123,GNU C++11,WRONG_ANSWER,5172,1513702872,ibrahim129,CONTESTANT,PRETESTS,3,15,2048000
902,C,33433659,GNU C++11,OK,6408,1513704108,ibrahim129,CONTESTANT,TESTS,45,280,7270400
902,A,33416099,GNU C++11,WRONG_ANSWER,806,1513698506,ibtaz,CONTESTANT,PRETESTS,2,0,2048000
902,A,33416785,GNU C++11,WRONG_ANSWER,913,1513698613,ibtaz,CONTESTANT,PRETESTS,3,15,2048000
902,A,33416924,GNU C++11,WRONG_ANSWER,933,1513698633,ibtaz,CONTESTANT,PRETESTS,3,15,2048000
902,A,33418407,GNU C++11,WRONG_ANSWER,1185,1513698885,ibtaz,CONTESTANT,PRETESTS,4,15,2048000
902,A,33418586,GNU C++11,WRONG_ANSWER,1220,1513698920,ibtaz,CONTESTANT,PRETESTS,4,15,2048000
902,A,33420651,GNU C++11,WRONG_ANSWER,1661,1513699361,ibtaz,CONTESTANT,PRETESTS,2,0,2048000
902,A,33423008,GNU C++11,WRONG_ANSWER,2261,1513699961,ibtaz,CONTESTANT,PRETESTS,4,15,2048000
902,A,33423601,GNU C++11,WRONG_ANSWER,2431,1513700131,ibtaz,CONTESTANT,PRETESTS,4,15,2048000
902,A,33423924,GNU C++11,WRONG_ANSWER,2526,1513700226,ibtaz,CONTESTANT,PRETESTS,4,15,2048000
902,A,33426979,GNU C++11,WRONG_ANSWER,3496,1513701196,ibtaz,CONTESTANT,PRETESTS,4,15,2048000
902,A,33427327,GNU C++11,WRONG_ANSWER,3636,1513701336,ibtaz,CONTESTANT,PRETESTS,0,15,2048000
902,A,33413242,GNU C++,OK,358,1513698058,idealclone,CONTESTANT,TESTS,55,15,3072000
902,C,33417305,C++14 (GCC 6-32),OK,999,1513698699,idgaf,CONTESTANT,TESTS,45,78,2252800
902,D,33428768,C++14 (GCC 6-32),WRONG_ANSWER,4189,1513701889,idgaf,CONTESTANT,PRETESTS,2,0,1945600
902,A,33424675,GNU C++,WRONG_ANSWER,2737,1513700437,idiot1,CONTESTANT,PRETESTS,1,15,2048000
902,A,33427360,GNU C++,OK,3645,1513701345,idiot1,CONTESTANT,TESTS,55,15,2048000
902,A,33414747,GNU C++11,OK,604,1513698304,idiotiitian,CONTESTANT,TESTS,55,31,2048000
902,B,33417069,GNU C++11,OK,957,1513698657,idiotiitian,CONTESTANT,TESTS,50,30,2560000
902,C,33423409,GNU C++11,OK,2381,1513700081,idiotiitian,CONTESTANT,TESTS,45,109,2867200
902,A,33414053,GNU C,COMPILATION_ERROR,497,1513698197,ig_monkey,CONTESTANT,PRETESTS,0,0,0
902,A,33414169,C++14 (GCC 6-32),WRONG_ANSWER,514,1513698214,ig_monkey,CONTESTANT,PRETESTS,4,15,1945600
902,A,33415127,C++14 (GCC 6-32),OK,665,1513698365,ig_monkey,CONTESTANT,TESTS,55,15,1945600
902,B,33419778,C++14 (GCC 6-32),OK,1462,1513699162,ig_monkey,CONTESTANT,TESTS,50,46,1945600
902,C,33425823,C++14 (GCC 6-32),OK,3095,1513700795,ig_monkey,CONTESTANT,TESTS,45,140,2252800
902,D,33432666,C++14 (GCC 6-32),WRONG_ANSWER,5948,1513703648,ig_monkey,CONTESTANT,PRETESTS,0,0,1843200
902,D,33433020,C++14 (GCC 6-32),WRONG_ANSWER,6119,1513703819,ig_monkey,CONTESTANT,PRETESTS,0,15,1843200
902,D,33433406,C++14 (GCC 6-32),WRONG_ANSWER,6299,1513703999,ig_monkey,CONTESTANT,PRETESTS,0,15,1843200
902,A,33415250,C++14 (GCC 6-32),WRONG_ANSWER,684,1513698384,ihd,CONTESTANT,TESTS,11,15,2662400
902,B,33418801,C++14 (GCC 6-32),OK,1263,1513698963,ihd,CONTESTANT,TESTS,50,30,3891200
902,C,33426603,C++14 (GCC 6-32),OK,3363,1513701063,ihd,CONTESTANT,TESTS,45,156,5120000
902,B,33427334,GNU C++11,OK,3637,1513701337,ilikebarryallen,CONTESTANT,TESTS,50,31,4403200
902,C,33433530,GNU C++11,WRONG_ANSWER,6346,1513704046,ilikebarryallen,CONTESTANT,PRETESTS,1,15,4915200
902,C,33433783,GNU C++11,WRONG_ANSWER,6462,1513704162,ilikebarryallen,CONTESTANT,PRETESTS,4,15,4915200
902,C,33433936,GNU C++11,WRONG_ANSWER,6540,1513704240,ilikebarryallen,CONTESTANT,PRETESTS,4,15,4812800
902,A,33432972,MS C++,COMPILATION_ERROR,6086,1513703796,ilja_0222,CONTESTANT,PRETESTS,0,0,0
902,A,33433469,GNU C++17 Diagnostics,WRONG_ANSWER,6311,1513704021,ilja_0222,CONTESTANT,PRETESTS,1,763,98406400
902,A,33435158,GNU C++17 Diagnostics,RUNTIME_ERROR,7046,1513704757,ilja_0222,CONTESTANT,PRETESTS,0,452,93081600
902,A,33413333,MS C++,WRONG_ANSWER,362,1513698072,illay,CONTESTANT,PRETESTS,2,15,2048000
902,A,33414387,MS C++,WRONG_ANSWER,538,1513698249,illay,CONTESTANT,PRETESTS,3,15,2048000
902,A,33420480,MS C++,OK,1610,1513699320,illay,CONTESTANT,TESTS,55,15,2048000
902,B,33427015,MS C++,OK,3499,1513701209,illay,CONTESTANT,TESTS,50,31,2150400
902,A,33413620,GNU C++,WRONG_ANSWER,424,1513698124,illumoriarty,CONTESTANT,PRETESTS,2,15,2048000
902,A,33415808,GNU C++,WRONG_ANSWER,765,1513698465,illumoriarty,CONTESTANT,PRETESTS,2,30,2048000
902,A,33417906,GNU C++,OK,1101,1513698801,illumoriarty,CONTESTANT,TESTS,55,15,2048000
902,B,33424926,GNU C++,OK,2807,1513700507,illumoriarty,CONTESTANT,TESTS,50,61,2560000
902,C,33430714,GNU C++,WRONG_ANSWER,5001,1513702701,illumoriarty,CONTESTANT,PRETESTS,1,15,2048000
902,C,33430921,GNU C++,WRONG_ANSWER,5080,1513702780,illumoriarty,CONTESTANT,PRETESTS,1,0,2048000
902,C,33432750,GNU C++,OK,5986,1513703686,illumoriarty,CONTESTANT,TESTS,45,327,5427200
902,D,33434611,GNU C++,OK,6849,1513704549,illumoriarty,CONTESTANT,TESTS,150,15,2048000
902,A,33425388,C++14 (GCC 6-32),OK,2945,1513700656,illusionist96,CONTESTANT,TESTS,55,15,1945600
902,B,33430017,C++14 (GCC 6-32),OK,4693,1513702404,illusionist96,CONTESTANT,TESTS,50,46,2560000
902,A,33415793,GNU C++11,WRONG_ANSWER,763,1513698463,ilovekidneystone,CONTESTANT,PRETESTS,2,15,2048000
902,A,33417863,GNU C++11,OK,1096,1513698796,ilovekidneystone,CONTESTANT,TESTS,55,15,2048000
902,B,33423527,GNU C++11,OK,2412,1513700112,ilovekidneystone,CONTESTANT,TESTS,50,31,6656000
902,C,33427596,GNU C++11,OK,3729,1513701429,ilovekidneystone,CONTESTANT,TESTS,45,265,6860800
902,A,33420090,C++14 (GCC 6-32),WRONG_ANSWER,1534,1513699234,ilu96,CONTESTANT,PRETESTS,2,15,1945600
902,A,33417808,GNU C,COMPILATION_ERROR,1085,1513698785,ilya_kuzmin,CONTESTANT,PRETESTS,0,0,0
902,A,33417887,C++14 (GCC 6-32),WRONG_ANSWER,1098,1513698798,ilya_kuzmin,CONTESTANT,PRETESTS,2,15,2048000
902,A,33418313,C++14 (GCC 6-32),WRONG_ANSWER,1170,1513698870,ilya_kuzmin,CONTESTANT,PRETESTS,2,0,2048000
902,A,33415638,C++14 (GCC 6-32),RUNTIME_ERROR,740,1513698440,ilya_the_lamer,CONTESTANT,PRETESTS,2,0,1945600
902,A,33415972,C++14 (GCC 6-32),OK,789,1513698489,ilya_the_lamer,CONTESTANT,TESTS,55,15,1945600
902,B,33420150,C++14 (GCC 6-32),OK,1545,1513699245,ilya_the_lamer,CONTESTANT,TESTS,50,46,2560000
902,C,33423702,C++14 (GCC 6-32),OK,2463,1513700163,ilya_the_lamer,CONTESTANT,TESTS,45,156,3788800
902,D,33427199,C++14 (GCC 6-32),WRONG_ANSWER,3586,1513701286,ilya_the_lamer,CONTESTANT,PRETESTS,0,0,1945600
902,D,33427407,C++14 (GCC 6-32),SKIPPED,3660,1513701360,ilya_the_lamer,CONTESTANT,PRETESTS,10,15,1945600
902,D,33429053,C++14 (GCC 6-32),OK,4299,1513701999,ilya_the_lamer,CONTESTANT,TESTS,150,15,1945600
902,A,33422948,C++14 (GCC 6-32),CHALLENGED,2247,1513699947,imaking,CONTESTANT,CHALLENGES,8,15,1945600
902,B,33434201,C++14 (GCC 6-32),WRONG_ANSWER,6674,1513704374,imaking,CONTESTANT,PRETESTS,1,0,1945600
902,B,33435124,C++14 (GCC 6-32),OK,7041,1513704741,imaking,CONTESTANT,TESTS,50,30,2560000
902,A,33435509,C++14 (GCC 6-32),WRONG_ANSWER,7166,1513704866,imaking,CONTESTANT,CHALLENGES,0,15,1945600
902,A,33426332,C++14 (GCC 6-32),WRONG_ANSWER,3264,1513700964,imam_hossain_kawsar,CONTESTANT,PRETESTS,3,15,1945600
902,A,33431325,C++14 (GCC 6-32),WRONG_ANSWER,5272,1513702972,imam_hossain_kawsar,CONTESTANT,PRETESTS,3,0,1843200
902,A,33414188,C++14 (GCC 6-32),CHALLENGED,517,1513698217,imposter_syndrome,CONTESTANT,CHALLENGES,8,15,1945600
902,B,33421572,C++14 (GCC 6-32),OK,1887,1513699587,imposter_syndrome,CONTESTANT,TESTS,50,46,2560000
902,A,33419032,GNU C++11,OK,1315,1513699015,imran83,CONTESTANT,TESTS,55,31,2150400
902,B,33424800,GNU C++11,OK,2772,1513700472,imran83,CONTESTANT,TESTS,50,46,2560000
902,A,33427098,GNU C++11,WRONG_ANSWER,3543,1513701243,inaara61,CONTESTANT,PRETESTS,2,15,2048000
902,A,33428443,GNU C++11,WRONG_ANSWER,4049,1513701749,inaara61,CONTESTANT,PRETESTS,2,0,2048000
902,A,33417490,GNU C++11,TIME_LIMIT_EXCEEDED,1030,1513698730,inception_h,CONTESTANT,TESTS,9,1000,2048000
902,B,33425539,GNU C++11,OK,3004,1513700704,inception_h,CONTESTANT,TESTS,50,46,4403200
902,C,33431203,GNU C++11,WRONG_ANSWER,5216,1513702916,inception_h,CONTESTANT,PRETESTS,3,15,3686400
902,A,33418204,C++14 (GCC 6-32),WRONG_ANSWER,1151,1513698851,indian_luftwaffe,CONTESTANT,PRETESTS,5,15,1945600
902,A,33419589,C++14 (GCC 6-32),WRONG_ANSWER,1430,1513699130,indian_luftwaffe,CONTESTANT,PRETESTS,5,15,1843200
902,A,33421301,C++14 (GCC 6-32),WRONG_ANSWER,1819,1513699519,indian_luftwaffe,CONTESTANT,PRETESTS,5,15,1945600
902,A,33422864,C++14 (GCC 6-32),WRONG_ANSWER,2225,1513699925,indian_luftwaffe,CONTESTANT,PRETESTS,5,15,1945600
902,A,33424471,C++14 (GCC 6-32),OK,2680,1513700380,indian_luftwaffe,CONTESTANT,TESTS,55,15,1945600
902,B,33427447,C++14 (GCC 6-32),OK,3673,1513701373,indian_luftwaffe,CONTESTANT,TESTS,50,31,2048000
902,C,33435550,C++14 (GCC 6-32),WRONG_ANSWER,7174,1513704874,indian_luftwaffe,CONTESTANT,PRETESTS,1,15,1843200
902,A,33433090,GNU C++,WRONG_ANSWER,6153,1513703853,indranilekkala100,CONTESTANT,PRETESTS,2,15,2048000
902,A,33415256,GNU C++11,WRONG_ANSWER,685,1513698385,indweller,CONTESTANT,PRETESTS,2,15,2048000
902,A,33416699,GNU C++11,WRONG_ANSWER,899,1513698599,indweller,CONTESTANT,PRETESTS,4,15,2048000
902,A,33424236,GNU C++11,WRONG_ANSWER,2605,1513700305,indweller,CONTESTANT,PRETESTS,4,15,2048000
902,A,33427614,GNU C++11,WRONG_ANSWER,3735,1513701435,indweller,CONTESTANT,PRETESTS,5,15,2048000
902,A,33428702,GNU C++11,WRONG_ANSWER,4162,1513701862,indweller,CONTESTANT,PRETESTS,0,0,2048000
902,A,33428838,GNU C++11,WRONG_ANSWER,4218,1513701918,indweller,CONTESTANT,PRETESTS,5,0,2048000
902,A,33429963,GNU C++11,WRONG_ANSWER,4680,1513702380,indweller,CONTESTANT,PRETESTS,4,15,2048000
902,A,33430791,GNU C++11,CHALLENGED,5034,1513702734,indweller,CONTESTANT,CHALLENGES,8,0,2048000
902,A,33424880,Kotlin 1.4,WRONG_ANSWER,2782,1513700493,inferion.frost,CONTESTANT,PRETESTS,2,140,22732800
902,A,33425400,Kotlin 1.4,WRONG_ANSWER,2951,1513700661,inferion.frost,CONTESTANT,PRETESTS,2,170,22732800
902,A,33426246,Kotlin 1.4,OK,3228,1513700938,inferion.frost,CONTESTANT,TESTS,55,171,22732800
902,A,33413858,GNU C++11,OK,464,1513698164,infomaniac,CONTESTANT,TESTS,55,15,2048000
902,B,33417944,GNU C++11,OK,1107,1513698807,infomaniac,CONTESTANT,TESTS,50,31,2560000
902,C,33425379,GNU C++11,WRONG_ANSWER,2954,1513700654,infomaniac,CONTESTANT,PRETESTS,3,0,2048000
902,A,33421055,Python 3,RUNTIME_ERROR,1758,1513699458,inijini4,CONTESTANT,PRETESTS,0,46,5529600
902,A,33421374,Python 3,WRONG_ANSWER,1836,1513699536,inijini4,CONTESTANT,PRETESTS,2,61,5529600
902,A,33423951,Python 3,WRONG_ANSWER,2533,1513700233,inijini4,CONTESTANT,PRETESTS,3,46,5529600
902,D,33429534,Python 3,WRONG_ANSWER,4502,1513702202,inijini4,CONTESTANT,PRETESTS,1,61,5529600
902,D,33429888,Python 3,WRONG_ANSWER,4646,1513702346,inijini4,CONTESTANT,PRETESTS,1,46,5529600
902,A,33415874,PyPy 3,WRONG_ANSWER,774,1513698474,inishchith.,CONTESTANT,PRETESTS,3,93,23142400
902,A,33417457,PyPy 3,WRONG_ANSWER,1024,1513698724,inishchith.,CONTESTANT,PRETESTS,3,108,23040000
902,A,33420631,PyPy 3,OK,1655,1513699355,inishchith.,CONTESTANT,TESTS,55,109,23142400
902,B,33429291,PyPy 3,WRONG_ANSWER,4393,1513702093,inishchith.,CONTESTANT,PRETESTS,0,77,23040000
902,B,33429362,PyPy 3,SKIPPED,4423,1513702123,inishchith.,CONTESTANT,PRETESTS,10,155,26828800
902,B,33429466,PyPy 2,OK,4470,1513702170,inishchith.,CONTESTANT,TESTS,50,124,23552000
902,C,33432557,PyPy 3,WRONG_ANSWER,5899,1513703599,inishchith.,CONTESTANT,PRETESTS,3,93,23040000
902,C,33433457,PyPy 3,WRONG_ANSWER,6316,1513704016,inishchith.,CONTESTANT,PRETESTS,3,93,23040000
902,C,33434127,PyPy 3,WRONG_ANSWER,6637,1513704337,inishchith.,CONTESTANT,PRETESTS,3,93,23142400
902,C,33434864,PyPy 3,WRONG_ANSWER,6956,1513704656,inishchith.,CONTESTANT,PRETESTS,4,93,23142400
902,C,33435511,PyPy 3,COMPILATION_ERROR,7166,1513704866,inishchith.,CONTESTANT,PRETESTS,0,0,0
902,C,33435619,PyPy 3,WRONG_ANSWER,7187,1513704887,inishchith.,CONTESTANT,PRETESTS,3,93,23040000
902,C,33417390,GNU C++11,WRONG_ANSWER,1014,1513698714,input.txt,CONTESTANT,PRETESTS,0,0,3276800
902,C,33417557,GNU C++11,WRONG_ANSWER,1041,1513698741,input.txt,CONTESTANT,PRETESTS,1,15,3276800
902,C,33419380,GNU C++11,WRONG_ANSWER,1379,1513699079,input.txt,CONTESTANT,PRETESTS,4,15,3276800
902,B,33420557,GNU C++11,OK,1639,1513699339,input.txt,CONTESTANT,TESTS,50,31,7168000
902,A,33421903,GNU C++11,OK,1968,1513699668,input.txt,CONTESTANT,TESTS,55,15,4505600
902,C,33422795,GNU C++11,WRONG_ANSWER,2209,1513699909,input.txt,CONTESTANT,PRETESTS,4,15,3276800
902,C,33423539,GNU C++11,OK,2417,1513700117,input.txt,CONTESTANT,TESTS,45,249,6758400
902,A,33419936,GNU C++11,WRONG_ANSWER,1497,1513699197,intelligentGirl,CONTESTANT,PRETESTS,3,0,2048000
902,A,33420359,GNU C++11,WRONG_ANSWER,1591,1513699291,intelligentGirl,CONTESTANT,PRETESTS,3,15,2048000
902,A,33422241,GNU C++11,WRONG_ANSWER,2047,1513699747,intelligentGirl,CONTESTANT,PRETESTS,0,0,2048000
902,A,33422318,GNU C++11,WRONG_ANSWER,2071,1513699771,intelligentGirl,CONTESTANT,PRETESTS,2,15,2048000
902,A,33423341,GNU C++11,OK,2362,1513700062,intelligentGirl,CONTESTANT,TESTS,55,15,2048000
902,B,33433044,GNU C++11,RUNTIME_ERROR,6132,1513703832,intelligentGirl,CONTESTANT,PRETESTS,5,15,2252800
902,B,33433155,GNU C++11,WRONG_ANSWER,6186,1513703886,intelligentGirl,CONTESTANT,PRETESTS,9,31,2764800
902,B,33433907,GNU C++11,OK,6525,1513704225,intelligentGirl,CONTESTANT,TESTS,50,296,2764800
902,A,33414673,GNU C++,TIME_LIMIT_EXCEEDED,581,1513698292,ioh,CONTESTANT,PRETESTS,2,1000,2048000
902,A,33416141,GNU C++,WRONG_ANSWER,803,1513698514,ioh,CONTESTANT,PRETESTS,4,15,2048000
902,A,33417203,GNU C++,WRONG_ANSWER,972,1513698683,ioh,CONTESTANT,PRETESTS,4,15,2048000
902,B,33420308,GNU C++,OK,1568,1513699279,ioh,CONTESTANT,TESTS,50,15,2457600
902,C,33426545,GNU C++,WRONG_ANSWER,3330,1513701040,ioh,CONTESTANT,PRETESTS,3,15,4505600
902,A,33429283,GNU C++,WRONG_ANSWER,4381,1513702091,ioh,CONTESTANT,PRETESTS,4,15,2048000
902,C,33429959,GNU C++,WRONG_ANSWER,4668,1513702378,ioh,CONTESTANT,PRETESTS,5,15,4505600
902,C,33430249,GNU C++,WRONG_ANSWER,4788,1513702499,ioh,CONTESTANT,PRETESTS,3,15,4505600
902,C,33431021,GNU C++,WRONG_ANSWER,5118,1513702828,ioh,CONTESTANT,TESTS,37,93,4505600
902,A,33432648,GNU C++,OK,5932,1513703643,ioh,CONTESTANT,TESTS,55,15,2048000
902,B,33424229,C++14 (GCC 6-32),OK,2603,1513700303,ioli,CONTESTANT,TESTS,50,46,2457600
902,A,33425866,C++14 (GCC 6-32),OK,3109,1513700809,ioli,CONTESTANT,TESTS,55,15,1945600
902,C,33430883,C++14 (GCC 6-32),WRONG_ANSWER,5065,1513702765,ioli,CONTESTANT,PRETESTS,1,15,1843200
902,C,33431785,C++14 (GCC 6-32),WRONG_ANSWER,5506,1513703206,ioli,CONTESTANT,PRETESTS,3,15,1843200
902,C,33433945,C++14 (GCC 6-32),WRONG_ANSWER,6545,1513704245,ioli,CONTESTANT,PRETESTS,3,15,1945600
902,C,33434297,C++14 (GCC 6-32),WRONG_ANSWER,6714,1513704414,ioli,CONTESTANT,PRETESTS,1,15,1843200
902,C,33434446,C++14 (GCC 6-32),WRONG_ANSWER,6776,1513704476,ioli,CONTESTANT,PRETESTS,1,0,1843200
902,C,33435208,C++14 (GCC 6-32),OK,7074,1513704774,ioli,CONTESTANT,TESTS,45,155,3891200
902,A,33414483,GNU C++,WRONG_ANSWER,564,1513698264,iowk,CONTESTANT,PRETESTS,4,15,1843200
902,A,33415022,GNU C++,WRONG_ANSWER,650,1513698350,iowk,CONTESTANT,PRETESTS,4,0,1843200
902,A,33415975,GNU C++,OK,790,1513698490,iowk,CONTESTANT,TESTS,55,15,1843200
902,B,33421282,GNU C++,OK,1814,1513699514,iowk,CONTESTANT,TESTS,50,389,8499200
902,C,33425534,GNU C++,WRONG_ANSWER,3003,1513700703,iowk,CONTESTANT,PRETESTS,1,15,2662400
902,C,33426350,GNU C++,OK,3270,1513700970,iowk,CONTESTANT,TESTS,45,109,2662400
902,D,33429800,GNU C++,WRONG_ANSWER,4616,1513702316,iowk,CONTESTANT,PRETESTS,2,0,2048000
902,D,33430159,GNU C++,OK,4767,1513702467,iowk,CONTESTANT,TESTS,150,31,2048000
902,A,33414804,C++14 (GCC 6-32),OK,603,1513698314,ipul23,CONTESTANT,TESTS,55,15,1945600
902,B,33422222,C++14 (GCC 6-32),OK,2031,1513699741,ipul23,CONTESTANT,TESTS,50,15,2457600
902,C,33429281,C++14 (GCC 6-32),WRONG_ANSWER,4379,1513702089,ipul23,CONTESTANT,PRETESTS,1,0,2252800
902,C,33432552,C++14 (GCC 6-32),WRONG_ANSWER,5886,1513703597,ipul23,CONTESTANT,PRETESTS,4,0,2252800
902,C,33434970,C++14 (GCC 6-32),WRONG_ANSWER,6982,1513704693,ipul23,CONTESTANT,PRETESTS,4,15,2252800
902,A,33414183,GNU C++,WRONG_ANSWER,516,1513698216,irish,CONTESTANT,PRETESTS,3,15,2048000
902,A,33416705,GNU C++,WRONG_ANSWER,900,1513698600,irish,CONTESTANT,PRETESTS,2,0,2048000
902,A,33417662,GNU C++,WRONG_ANSWER,1061,1513698761,irish,CONTESTANT,PRETESTS,2,15,2048000
902,A,33425033,GNU C++,WRONG_ANSWER,2841,1513700541,irish,CONTESTANT,PRETESTS,2,15,2048000
902,A,33425479,GNU C++,COMPILATION_ERROR,2984,1513700684,irish,CONTESTANT,PRETESTS,0,0,0
902,A,33425673,GNU C++,WRONG_ANSWER,3046,1513700746,irish,CONTESTANT,PRETESTS,2,15,2048000
902,A,33426172,GNU C++,WRONG_ANSWER,3212,1513700912,irish,CONTESTANT,PRETESTS,2,15,2048000
902,A,33426778,GNU C++,WRONG_ANSWER,3426,1513701126,irish,CONTESTANT,PRETESTS,2,0,2048000
902,A,33427300,GNU C++,WRONG_ANSWER,3627,1513701327,irish,CONTESTANT,PRETESTS,2,15,2048000
902,A,33428203,GNU C++,WRONG_ANSWER,3958,1513701658,irish,CONTESTANT,PRETESTS,4,0,2048000
902,A,33429779,GNU C++,OK,4605,1513702305,irish,CONTESTANT,TESTS,55,15,2048000
902,A,33416214,C++14 (GCC 6-32),OK,823,1513698523,ironhide14,CONTESTANT,TESTS,55,15,1945600
902,B,33419556,C++14 (GCC 6-32),OK,1423,1513699123,ironhide14,CONTESTANT,TESTS,50,31,1945600
902,C,33426792,C++14 (GCC 6-32),OK,3432,1513701132,ironhide14,CONTESTANT,TESTS,45,109,2252800
902,A,33416997,C++14 (GCC 6-32),OK,933,1513698644,isaifulislam123,CONTESTANT,TESTS,55,15,1945600
902,B,33417966,GNU C++,OK,1100,1513698810,isego,CONTESTANT,TESTS,50,31,4403200
902,C,33426371,GNU C++,WRONG_ANSWER,3268,1513700978,isego,CONTESTANT,TESTS,13,93,3276800
902,A,33427453,GNU C++,OK,3665,1513701376,isego,CONTESTANT,TESTS,55,15,2048000
902,A,33418492,GNU C++11,WRONG_ANSWER,1201,1513698901,isfaque,CONTESTANT,PRETESTS,2,0,2048000
902,A,33414760,C++14 (GCC 6-32),WRONG_ANSWER,605,1513698305,ish_codes,CONTESTANT,TESTS,47,15,1945600
902,B,33423761,C++14 (GCC 6-32),OK,2482,1513700182,ish_codes,CONTESTANT,TESTS,50,31,2355200
902,C,33430205,C++14 (GCC 6-32),WRONG_ANSWER,4781,1513702481,ish_codes,CONTESTANT,PRETESTS,1,0,1945600
902,A,33415909,GNU C++11,WRONG_ANSWER,778,1513698478,ishaanrakib4282,CONTESTANT,PRETESTS,3,15,2048000
902,A,33416756,GNU C++11,WRONG_ANSWER,908,1513698608,ishaanrakib4282,CONTESTANT,PRETESTS,4,0,2048000
902,A,33418772,GNU C++11,WRONG_ANSWER,1257,1513698957,ishaanrakib4282,CONTESTANT,PRETESTS,4,15,2048000
902,A,33426588,GNU C++11,WRONG_ANSWER,3354,1513701054,ishaanrakib4282,CONTESTANT,PRETESTS,4,15,2048000
902,A,33412899,Java 8,OK,284,1513697984,iskander232,CONTESTANT,TESTS,55,124,20684800
902,B,33415791,Java 8,OK,763,1513698463,iskander232,CONTESTANT,TESTS,50,140,20889600
902,C,33420157,Java 8,WRONG_ANSWER,1547,1513699247,iskander232,CONTESTANT,TESTS,13,202,20787200
902,D,33424222,Java 8,WRONG_ANSWER,2600,1513700300,iskander232,CONTESTANT,PRETESTS,0,93,20582400
902,D,33424475,Java 8,WRONG_ANSWER,2681,1513700381,iskander232,CONTESTANT,PRETESTS,1,109,20582400
902,D,33425420,Java 8,WRONG_ANSWER,2967,1513700667,iskander232,CONTESTANT,PRETESTS,1,109,20684800
902,A,33418891,Java 8,WRONG_ANSWER,1283,1513698983,islamdidarmd,CONTESTANT,PRETESTS,5,109,20684800
902,A,33421312,Java 8,WRONG_ANSWER,1821,1513699521,islamdidarmd,CONTESTANT,PRETESTS,5,124,20684800
902,A,33422454,Java 8,CHALLENGED,2113,1513699813,islamdidarmd,CONTESTANT,CHALLENGES,8,124,20684800
902,A,33422917,C++14 (GCC 6-32),OK,2240,1513699940,istiakpappu,CONTESTANT,TESTS,55,15,1945600
902,C,33420816,Python 2,COMPILATION_ERROR,1690,1513699401,itachi,CONTESTANT,PRETESTS,0,0,0
902,C,33420959,C++14 (GCC 6-32),OK,1724,1513699435,itachi,CONTESTANT,TESTS,45,78,7987200
902,A,33428940,C++14 (GCC 6-32),WRONG_ANSWER,4244,1513701954,itachi,CONTESTANT,TESTS,11,15,3379200
902,B,33430544,Python 2,COMPILATION_ERROR,4912,1513702622,itachi,CONTESTANT,PRETESTS,0,0,0
902,B,33430639,C++14 (GCC 6-32),OK,4956,1513702667,itachi,CONTESTANT,TESTS,50,249,10752000
902,D,33432662,C++14 (GCC 6-32),WRONG_ANSWER,5936,1513703647,itachi,CONTESTANT,PRETESTS,3,15,10342400
902,A,33424709,GNU C++11,OK,2746,1513700446,itrie,CONTESTANT,TESTS,55,15,2048000
902,B,33433832,GNU C++11,WRONG_ANSWER,6485,1513704185,itrie,CONTESTANT,TESTS,38,234,2560000
902,A,33414883,GNU C++11,OK,628,1513698328,its_Marshmello,CONTESTANT,TESTS,55,30,2150400
902,B,33427703,GNU C++11,OK,3768,1513701468,its_Marshmello,CONTESTANT,TESTS,50,46,2662400
902,A,33422283,Python 3,WRONG_ANSWER,2059,1513699759,itsron143,CONTESTANT,PRETESTS,5,61,5529600
902,A,33422725,Python 3,WRONG_ANSWER,2189,1513699889,itsron143,CONTESTANT,PRETESTS,5,46,5529600
902,A,33423207,Python 3,WRONG_ANSWER,2324,1513700024,itsron143,CONTESTANT,PRETESTS,5,62,5529600
902,A,33419501,GNU C++,WRONG_ANSWER,1408,1513699108,iu_refat_ict,CONTESTANT,PRETESTS,2,15,2048000
902,A,33425402,GNU C++,OK,2962,1513700662,iu_refat_ict,CONTESTANT,TESTS,55,15,2048000
902,A,33413521,C++14 (GCC 6-32),WRONG_ANSWER,407,1513698107,iura,CONTESTANT,PRETESTS,1,15,1843200
902,A,33413906,C++14 (GCC 6-32),OK,472,1513698172,iura,CONTESTANT,TESTS,55,15,1945600
902,B,33417681,C++14 (GCC 6-32),OK,1064,1513698764,iura,CONTESTANT,TESTS,50,31,2560000
902,C,33423427,C++14 (GCC 6-32),OK,2384,1513700084,iura,CONTESTANT,TESTS,45,93,6041600
902,A,33421258,GNU C++11,OK,1808,1513699508,ivanakimov,CONTESTANT,TESTS,55,15,2048000
902,B,33427853,GNU C++11,RUNTIME_ERROR,3822,1513701522,ivanakimov,CONTESTANT,PRETESTS,5,15,2048000
902,B,33428271,GNU C++11,WRONG_ANSWER,3981,1513701681,ivanakimov,CONTESTANT,PRETESTS,9,46,2150400
902,B,33430821,GNU C++11,WRONG_ANSWER,5045,1513702745,ivanakimov,CONTESTANT,PRETESTS,9,31,2150400
902,B,33431412,GNU C++11,WRONG_ANSWER,5315,1513703015,ivanakimov,CONTESTANT,PRETESTS,9,31,2150400
902,A,33413368,C++14 (GCC 6-32),OK,379,1513698079,ivancastel,CONTESTANT,TESTS,55,15,1945600
902,B,33420379,C++14 (GCC 6-32),OK,1596,1513699296,ivancastel,CONTESTANT,TESTS,50,46,2560000
902,C,33426417,C++14 (GCC 6-32),OK,3294,1513700994,ivancastel,CONTESTANT,TESTS,45,171,8806400
902,D,33429710,C++14 (GCC 6-32),OK,4577,1513702277,ivancastel,CONTESTANT,TESTS,150,15,2252800
902,A,33415985,GNU C++11,WRONG_ANSWER,780,1513698491,ivplay,CONTESTANT,PRETESTS,3,15,2048000
902,A,33416523,GNU C++11,OK,861,1513698571,ivplay,CONTESTANT,TESTS,55,15,2048000
902,B,33424088,GNU C++11,OK,2556,1513700267,ivplay,CONTESTANT,TESTS,50,46,2560000
902,C,33431294,GNU C++11,OK,5248,1513702958,ivplay,CONTESTANT,TESTS,45,343,7270400
902,A,33412750,C++14 (GCC 6-32),WRONG_ANSWER,217,1513697928,iwashi31,CONTESTANT,PRETESTS,3,15,1945600
902,A,33413035,C++14 (GCC 6-32),OK,306,1513698016,iwashi31,CONTESTANT,TESTS,55,15,1945600
902,B,33416268,C++14 (GCC 6-32),OK,821,1513698531,iwashi31,CONTESTANT,TESTS,50,249,2662400
902,C,33421120,C++14 (GCC 6-32),OK,1764,1513699474,iwashi31,CONTESTANT,TESTS,45,93,2662400
902,A,33417476,C++14 (GCC 6-32),COMPILATION_ERROR,1017,1513698728,iwbrco,CONTESTANT,PRETESTS,0,0,0
902,A,33417847,Java 8,RUNTIME_ERROR,1082,1513698793,iwbrco,CONTESTANT,PRETESTS,2,109,20582400
902,A,33418293,Java 8,OK,1155,1513698866,iwbrco,CONTESTANT,TESTS,55,139,20684800
902,B,33425440,C++14 (GCC 6-32),COMPILATION_ERROR,2962,1513700673,iwbrco,CONTESTANT,PRETESTS,0,0,0
902,B,33425541,C++14 (GCC 6-32),OK,2995,1513700705,iwbrco,CONTESTANT,TESTS,50,31,2662400
902,A,33417571,GNU C++11,OK,1044,1513698744,izat,CONTESTANT,TESTS,55,15,5939200
902,B,33421340,GNU C++11,WRONG_ANSWER,1828,1513699528,izat,CONTESTANT,PRETESTS,3,15,20275200
902,B,33424790,GNU C++11,OK,2769,1513700469,izat,CONTESTANT,TESTS,50,30,20480000
902,C,33434774,GNU C++11,WRONG_ANSWER,6920,1513704620,izat,CONTESTANT,PRETESTS,4,15,20275200
902,C,33435423,GNU C++11,WRONG_ANSWER,7142,1513704842,izat,CONTESTANT,PRETESTS,4,15,20275200
902,A,33412885,Python 3,OK,279,1513697979,jaaguptamme,CONTESTANT,TESTS,55,77,5529600
902,B,33419395,Python 3,OK,1383,1513699083,jaaguptamme,CONTESTANT,TESTS,50,109,8908800
902,C,33425740,Python 3,OK,3070,1513700770,jaaguptamme,CONTESTANT,TESTS,45,1013,11468800
902,A,33413692,C++14 (GCC 6-32),WRONG_ANSWER,438,1513698138,jack15,CONTESTANT,PRETESTS,3,0,1945600
902,A,33414295,C++14 (GCC 6-32),WRONG_ANSWER,533,1513698233,jack15,CONTESTANT,PRETESTS,1,15,1945600
902,A,33414738,C++14 (GCC 6-32),WRONG_ANSWER,603,1513698303,jack15,CONTESTANT,TESTS,47,15,1945600
902,B,33424566,C++14 (GCC 6-32),OK,2705,1513700405,jack15,CONTESTANT,TESTS,50,280,2662400
902,C,33432443,C++14 (GCC 6-32),WRONG_ANSWER,5840,1513703540,jack15,CONTESTANT,PRETESTS,1,15,16691200
902,C,33433510,C++14 (GCC 6-32),WRONG_ANSWER,6337,1513704037,jack15,CONTESTANT,PRETESTS,3,15,16896000
902,A,33415622,C++14 (GCC 6-32),WRONG_ANSWER,736,1513698436,jack_mk,CONTESTANT,PRETESTS,2,0,1945600
902,A,33419446,C++14 (GCC 6-32),CHALLENGED,1397,1513699097,jack_mk,CONTESTANT,CHALLENGES,8,31,1945600
902,A,33431526,C++14 (GCC 6-32),WRONG_ANSWER,5374,1513703074,jack_mk,CONTESTANT,PRETESTS,2,15,1945600
902,A,33431742,C++14 (GCC 6-32),WRONG_ANSWER,5485,1513703185,jack_mk,CONTESTANT,PRETESTS,2,15,1945600
902,A,33433273,C++14 (GCC 6-32),OK,6238,1513703938,jack_mk,CONTESTANT,TESTS,55,15,1945600
902,A,33413613,GNU C++11,OK,423,1513698123,jacknazi,CONTESTANT,TESTS,55,15,3276800
902,B,33416051,GNU C++11,OK,799,1513698499,jacknazi,CONTESTANT,TESTS,50,31,3891200
902,C,33423364,GNU C++11,OK,2370,1513700070,jacknazi,CONTESTANT,TESTS,45,109,2457600
902,A,33422700,GNU C++11,OK,2181,1513699881,jackyliuxx,CONTESTANT,TESTS,55,15,2048000
902,B,33424234,GNU C++11,OK,2605,1513700305,jackyliuxx,CONTESTANT,TESTS,50,46,2150400
902,C,33430931,GNU C++11,OK,5082,1513702782,jackyliuxx,CONTESTANT,TESTS,45,327,8294400
902,A,33420525,GNU C++,WRONG_ANSWER,1632,1513699332,jadE_14,CONTESTANT,PRETESTS,2,15,2048000
902,A,33421297,GNU C++,WRONG_ANSWER,1818,1513699518,jadE_14,CONTESTANT,PRETESTS,2,15,2048000
902,A,33423848,GNU C++,WRONG_ANSWER,2502,1513700202,jadE_14,CONTESTANT,PRETESTS,2,0,2048000
902,A,33424390,GNU C++,WRONG_ANSWER,2650,1513700350,jadE_14,CONTESTANT,PRETESTS,2,15,2048000
902,A,33425941,GNU C++,WRONG_ANSWER,3131,1513700831,jadE_14,CONTESTANT,PRETESTS,0,0,2048000
902,A,33426440,GNU C++,WRONG_ANSWER,3301,1513701001,jadE_14,CONTESTANT,PRETESTS,1,15,2048000
902,A,33426501,GNU C++,WRONG_ANSWER,3323,1513701023,jadE_14,CONTESTANT,PRETESTS,1,15,2048000
902,B,33431883,GNU C++,WRONG_ANSWER,5561,1513703261,jadE_14,CONTESTANT,PRETESTS,2,0,2252800
902,B,33432026,GNU C++,OK,5629,1513703329,jadE_14,CONTESTANT,TESTS,50,46,2560000
902,A,33432590,GNU C++,OK,5915,1513703615,jadE_14,CONTESTANT,TESTS,55,15,2048000
902,A,33421498,GNU C11,WRONG_ANSWER,1868,1513699568,jaha556,CONTESTANT,PRETESTS,2,15,1843200
902,A,33423806,GNU C11,WRONG_ANSWER,2493,1513700193,jaha556,CONTESTANT,PRETESTS,2,15,1843200
902,A,33427197,GNU C11,OK,3586,1513701286,jaha556,CONTESTANT,TESTS,55,15,1843200
902,A,33414141,PyPy 2,OK,510,1513698210,jahas,CONTESTANT,TESTS,55,77,21299200
902,B,33426414,PyPy 2,OK,3293,1513700993,jahas,CONTESTANT,TESTS,50,140,24576000
902,A,33413348,GNU C++11,WRONG_ANSWER,376,1513698076,jai,CONTESTANT,PRETESTS,0,0,2048000
902,A,33414383,GNU C++11,WRONG_ANSWER,547,1513698247,jai,CONTESTANT,PRETESTS,2,0,2150400
902,A,33415991,GNU C++11,WRONG_ANSWER,791,1513698491,jai,CONTESTANT,PRETESTS,3,0,2150400
902,A,33419134,GNU C++11,WRONG_ANSWER,1338,1513699038,jai,CONTESTANT,PRETESTS,4,15,2150400
902,B,33425432,GNU C++11,OK,2970,1513700670,jai,CONTESTANT,TESTS,50,31,2764800
902,A,33427310,GNU C++11,WRONG_ANSWER,3631,1513701331,jai,CONTESTANT,PRETESTS,4,15,2048000
902,A,33428608,GNU C++11,WRONG_ANSWER,4118,1513701818,jai,CONTESTANT,PRETESTS,1,0,2048000
902,A,33428926,GNU C++11,WRONG_ANSWER,4247,1513701947,jai,CONTESTANT,PRETESTS,4,15,2048000
902,A,33432653,GNU C++11,WRONG_ANSWER,5943,1513703643,jai,CONTESTANT,PRETESTS,4,0,2048000
902,A,33434434,GNU C++11,CHALLENGED,6771,1513704471,jai,CONTESTANT,CHALLENGES,8,15,2048000
902,A,33419620,C++14 (GCC 6-32),WRONG_ANSWER,1434,1513699134,jainaditya1408,CONTESTANT,PRETESTS,1,15,1945600
902,A,33421440,C++14 (GCC 6-32),OK,1851,1513699551,jainaditya1408,CONTESTANT,TESTS,55,15,1945600
902,D,33429721,C++14 (GCC 6-32),WRONG_ANSWER,4580,1513702280,jainaditya1408,CONTESTANT,PRETESTS,2,15,1945600
902,A,33428915,GNU C++17 Diagnostics,WRONG_ANSWER,4242,1513701942,jaiswalshubham479,CONTESTANT,PRETESTS,5,810,98201600
902,A,33429576,GNU C++17 Diagnostics,WRONG_ANSWER,4521,1513702221,jaiswalshubham479,CONTESTANT,PRETESTS,1,764,98406400
902,C,33430492,GNU C++17 Diagnostics,COMPILATION_ERROR,4897,1513702597,jaiswalshubham479,CONTESTANT,PRETESTS,0,0,0
902,C,33430653,GNU C++17 Diagnostics,WRONG_ANSWER,4974,1513702674,jaiswalshubham479,CONTESTANT,PRETESTS,0,794,98304000
902,D,33430867,GNU C++17 Diagnostics,WRONG_ANSWER,5060,1513702760,jaiswalshubham479,CONTESTANT,PRETESTS,0,779,98304000
902,E,33431487,GNU C++17 Diagnostics,COMPILATION_ERROR,5356,1513703056,jaiswalshubham479,CONTESTANT,PRETESTS,0,0,0
902,E,33431564,GNU C++17 Diagnostics,RUNTIME_ERROR,5390,1513703090,jaiswalshubham479,CONTESTANT,PRETESTS,2,763,98304000
902,B,33431948,GNU C++17 Diagnostics,WRONG_ANSWER,5591,1513703291,jaiswalshubham479,CONTESTANT,PRETESTS,2,763,100249600
902,A,33415232,C++14 (GCC 6-32),WRONG_ANSWER,681,1513698381,jakshat100,CONTESTANT,PRETESTS,2,0,1945600
902,A,33425583,C++14 (GCC 6-32),WRONG_ANSWER,3019,1513700719,jakshat100,CONTESTANT,PRETESTS,2,15,1843200
902,A,33426008,C++14 (GCC 6-32),WRONG_ANSWER,3153,1513700853,jakshat100,CONTESTANT,PRETESTS,3,15,1843200
902,A,33431012,C++14 (GCC 6-32),OK,5124,1513702824,jakshat100,CONTESTANT,TESTS,55,15,1945600
902,A,33413963,C++14 (GCC 6-32),OK,482,1513698182,jalousie,CONTESTANT,TESTS,55,15,1945600
902,B,33427030,C++14 (GCC 6-32),OK,3516,1513701216,jalousie,CONTESTANT,TESTS,50,31,2560000
902,A,33418771,C++14 (GCC 6-32),OK,1257,1513698957,jam1729,CONTESTANT,TESTS,55,15,4608000
902,B,33429142,C++14 (GCC 6-32),OK,4335,1513702035,jam1729,CONTESTANT,TESTS,50,31,6963200
902,C,33435608,C++14 (GCC 6-32),WRONG_ANSWER,7185,1513704885,jam1729,CONTESTANT,PRETESTS,1,15,4608000
902,A,33423247,Java 8,OK,2340,1513700040,jarvees_49,CONTESTANT,TESTS,55,155,20992000
902,A,33414910,C++14 (GCC 6-32),WRONG_ANSWER,632,1513698332,jatin_jt_narula,CONTESTANT,PRETESTS,2,15,2662400
902,A,33420278,C++14 (GCC 6-32),WRONG_ANSWER,1575,1513699275,jatin_jt_narula,CONTESTANT,PRETESTS,4,15,1843200
902,B,33424072,C++14 (GCC 6-32),OK,2564,1513700264,jatin_jt_narula,CONTESTANT,TESTS,50,31,3891200
902,A,33426119,C++14 (GCC 6-32),WRONG_ANSWER,3195,1513700895,jatin_jt_narula,CONTESTANT,PRETESTS,2,15,1843200
902,A,33427322,C++14 (GCC 6-32),WRONG_ANSWER,3635,1513701335,jatin_jt_narula,CONTESTANT,PRETESTS,1,15,2252800
902,A,33427475,C++14 (GCC 6-32),CHALLENGED,3686,1513701386,jatin_jt_narula,CONTESTANT,CHALLENGES,8,15,2252800
902,A,33428869,C++14 (GCC 6-32),OK,4227,1513701927,jatin_jt_narula,CONTESTANT,TESTS,55,15,2662400
902,C,33431444,C++14 (GCC 6-32),OK,5330,1513703030,jatin_jt_narula,CONTESTANT,TESTS,45,109,3481600
902,A,33417142,Python 3,WRONG_ANSWER,971,1513698671,javaD,CONTESTANT,PRETESTS,4,61,5529600
902,A,33418923,Python 3,WRONG_ANSWER,1290,1513698990,javaD,CONTESTANT,PRETESTS,4,46,5529600
902,A,33419853,Python 3,WRONG_ANSWER,1478,1513699178,javaD,CONTESTANT,PRETESTS,4,62,5529600
902,A,33425421,GNU C++11,WRONG_ANSWER,2968,1513700668,javaD,CONTESTANT,PRETESTS,3,15,2048000
902,A,33413079,Java 8,WRONG_ANSWER,325,1513698025,jay321,CONTESTANT,PRETESTS,3,124,21299200
902,A,33414352,Java 8,CHALLENGED,542,1513698242,jay321,CONTESTANT,CHALLENGES,8,124,21299200
902,B,33418361,Java 8,OK,1178,1513698878,jay321,CONTESTANT,TESTS,50,140,21504000
902,C,33428862,Java 8,OK,4224,1513701924,jay321,CONTESTANT,TESTS,45,343,45772800
902,A,33415691,GNU C++11,WRONG_ANSWER,747,1513698447,jayanta007,CONTESTANT,PRETESTS,2,15,1843200
902,A,33417936,C++14 (GCC 6-32),OK,1096,1513698806,jayed.al.hasan,CONTESTANT,TESTS,55,15,1843200
902,B,33425777,C++14 (GCC 6-32),WRONG_ANSWER,3071,1513700781,jayed.al.hasan,CONTESTANT,PRETESTS,9,15,2457600
902,B,33431122,C++14 (GCC 6-32),OK,5162,1513702872,jayed.al.hasan,CONTESTANT,TESTS,50,15,2560000
902,A,33419671,C++14 (GCC 6-32),OK,1444,1513699144,jdc_123,CONTESTANT,TESTS,55,15,1945600
902,B,33432942,C++14 (GCC 6-32),RUNTIME_ERROR,6084,1513703784,jdc_123,CONTESTANT,PRETESTS,0,0,2662400
902,A,33420863,C++14 (GCC 6-32),TIME_LIMIT_EXCEEDED,1712,1513699412,jdevey,CONTESTANT,PRETESTS,7,1000,1945600
902,A,33422232,C++14 (GCC 6-32),OK,2046,1513699746,jdevey,CONTESTANT,TESTS,55,15,1945600
902,B,33427967,C++14 (GCC 6-32),OK,3863,1513701563,jdevey,CONTESTANT,TESTS,50,93,2252800
902,C,33435314,C++14 (GCC 6-32),WRONG_ANSWER,7108,1513704808,jdevey,CONTESTANT,PRETESTS,4,15,1945600
902,A,33417338,C++14 (GCC 6-32),WRONG_ANSWER,993,1513698704,jerry99,CONTESTANT,PRETESTS,3,15,1945600
902,A,33418248,C++14 (GCC 6-32),WRONG_ANSWER,1148,1513698859,jerry99,CONTESTANT,PRETESTS,5,15,1945600
902,A,33422784,C++14 (GCC 6-32),TIME_LIMIT_EXCEEDED,2196,1513699906,jerry99,CONTESTANT,PRETESTS,2,1000,1843200
902,A,33423697,C++14 (GCC 6-32),MEMORY_LIMIT_EXCEEDED,2452,1513700162,jerry99,CONTESTANT,PRETESTS,7,498,268390400
902,A,33424307,C++14 (GCC 6-32),OK,2616,1513700327,jerry99,CONTESTANT,TESTS,55,15,1945600
902,B,33426949,C++14 (GCC 6-32),OK,3477,1513701187,jerry99,CONTESTANT,TESTS,50,46,2560000
902,C,33430903,C++14 (GCC 6-32),WRONG_ANSWER,5062,1513702773,jerry99,CONTESTANT,PRETESTS,1,15,2252800
902,C,33431059,C++14 (GCC 6-32),OK,5136,1513702847,jerry99,CONTESTANT,TESTS,45,140,2252800
902,D,33434848,C++14 (GCC 6-32),WRONG_ANSWER,6940,1513704650,jerry99,CONTESTANT,PRETESTS,1,0,1843200
902,A,33418486,C++14 (GCC 6-32),WRONG_ANSWER,1190,1513698900,jerry_jai,CONTESTANT,PRETESTS,2,0,1843200
902,A,33421846,C++14 (GCC 6-32),WRONG_ANSWER,1941,1513699651,jerry_jai,CONTESTANT,PRETESTS,2,15,1843200
902,A,33423966,C++14 (GCC 6-32),WRONG_ANSWER,2526,1513700237,jerry_jai,CONTESTANT,PRETESTS,2,15,1945600
902,A,33430526,C++14 (GCC 6-32),WRONG_ANSWER,4902,1513702613,jerry_jai,CONTESTANT,PRETESTS,0,15,1843200
902,A,33430817,C++14 (GCC 6-32),WRONG_ANSWER,5032,1513702743,jerry_jai,CONTESTANT,PRETESTS,3,15,1843200
902,A,33413560,C++14 (GCC 6-32),WRONG_ANSWER,415,1513698115,jha4032,CONTESTANT,PRETESTS,1,0,1945600
902,A,33421756,C++14 (GCC 6-32),WRONG_ANSWER,1929,1513699629,jha4032,CONTESTANT,PRETESTS,2,15,1945600
902,A,33423211,C++14 (GCC 6-32),WRONG_ANSWER,2324,1513700024,jha4032,CONTESTANT,PRETESTS,2,0,1843200
902,A,33423479,C++14 (GCC 6-32),WRONG_ANSWER,2399,1513700099,jha4032,CONTESTANT,PRETESTS,2,0,1945600
902,A,33424384,C++14 (GCC 6-32),WRONG_ANSWER,2648,1513700348,jha4032,CONTESTANT,PRETESTS,2,15,1843200
902,A,33425205,C++14 (GCC 6-32),WRONG_ANSWER,2894,1513700594,jha4032,CONTESTANT,PRETESTS,2,15,1843200
902,A,33428052,C++14 (GCC 6-32),WRONG_ANSWER,3892,1513701592,jha4032,CONTESTANT,PRETESTS,4,15,1843200
902,A,33430864,C++14 (GCC 6-32),WRONG_ANSWER,5048,1513702759,jhon_avto,CONTESTANT,PRETESTS,2,15,1945600
902,A,33415769,GNU C++11,OK,760,1513698460,jiangxinghe,CONTESTANT,TESTS,55,15,6144000
902,B,33421137,GNU C++11,OK,1778,1513699478,jiangxinghe,CONTESTANT,TESTS,50,46,2252800
902,C,33430045,GNU C++11,RUNTIME_ERROR,4716,1513702416,jiangxinghe,CONTESTANT,PRETESTS,12,31,2252800
902,C,33430171,GNU C++11,OK,4771,1513702471,jiangxinghe,CONTESTANT,TESTS,45,311,3686400
902,A,33420378,C++14 (GCC 6-32),OK,1596,1513699296,jimmy18,CONTESTANT,TESTS,55,15,1945600
902,B,33427923,C++14 (GCC 6-32),WRONG_ANSWER,3847,1513701547,jimmy18,CONTESTANT,PRETESTS,2,15,2048000
902,B,33428104,C++14 (GCC 6-32),OK,3917,1513701617,jimmy18,CONTESTANT,TESTS,50,46,2457600
902,C,33432930,C++14 (GCC 6-32),WRONG_ANSWER,6079,1513703779,jimmy18,CONTESTANT,PRETESTS,3,15,1945600
902,C,33433312,C++14 (GCC 6-32),WRONG_ANSWER,6253,1513703953,jimmy18,CONTESTANT,PRETESTS,3,0,1843200
902,C,33433565,C++14 (GCC 6-32),WRONG_ANSWER,6364,1513704064,jimmy18,CONTESTANT,PRETESTS,3,15,1945600
902,C,33434475,C++14 (GCC 6-32),WRONG_ANSWER,6793,1513704493,jimmy18,CONTESTANT,PRETESTS,4,15,1945600
902,A,33420279,C++14 (GCC 6-32),WRONG_ANSWER,1575,1513699275,jishnusaha,CONTESTANT,PRETESTS,4,15,1945600
902,A,33421619,C++14 (GCC 6-32),WRONG_ANSWER,1895,1513699595,jishnusaha,CONTESTANT,PRETESTS,4,15,1843200
902,A,33423202,C++14 (GCC 6-32),WRONG_ANSWER,2323,1513700023,jishnusaha,CONTESTANT,PRETESTS,4,15,1945600
902,A,33417837,GNU C++,WRONG_ANSWER,1091,1513698791,jizhixiaowangzi,CONTESTANT,PRETESTS,3,0,2048000
902,A,33420706,GNU C++,CHALLENGED,1672,1513699372,jizhixiaowangzi,CONTESTANT,CHALLENGES,8,15,2048000
902,B,33427935,GNU C++,OK,3852,1513701552,jizhixiaowangzi,CONTESTANT,TESTS,50,15,2560000
902,C,33435205,GNU C++,WRONG_ANSWER,7073,1513704773,jizhixiaowangzi,CONTESTANT,TESTS,39,93,2457600
902,A,33413217,C++14 (GCC 6-32),OK,353,1513698053,jjjjj19980806,CONTESTANT,TESTS,55,15,1945600
902,B,33417169,C++14 (GCC 6-32),OK,974,1513698674,jjjjj19980806,CONTESTANT,TESTS,50,234,2560000
902,C,33423989,C++14 (GCC 6-32),OK,2543,1513700243,jjjjj19980806,CONTESTANT,TESTS,45,93,2662400
902,A,33413731,GNU C++11,OK,443,1513698143,jkeyser,CONTESTANT,TESTS,55,30,2048000
902,B,33421975,GNU C++11,RUNTIME_ERROR,1987,1513699687,jkeyser,CONTESTANT,PRETESTS,5,15,6041600
902,B,33425012,GNU C++11,RUNTIME_ERROR,2833,1513700533,jkeyser,CONTESTANT,PRETESTS,5,15,6041600
902,D,33428748,GNU C++11,WRONG_ANSWER,4182,1513701882,jkeyser,CONTESTANT,PRETESTS,2,15,2048000
902,B,33430366,GNU C++11,RUNTIME_ERROR,4846,1513702546,jkeyser,CONTESTANT,PRETESTS,5,30,2150400
902,C,33432467,GNU C++11,RUNTIME_ERROR,5846,1513703546,jkeyser,CONTESTANT,PRETESTS,12,15,2150400
902,B,33433520,GNU C++11,COMPILATION_ERROR,6343,1513704043,jkeyser,CONTESTANT,PRETESTS,0,0,0
902,C,33433729,GNU C++11,OK,6437,1513704137,jkeyser,CONTESTANT,TESTS,45,327,2457600
902,B,33434073,GNU C++11,OK,6614,1513704314,jkeyser,CONTESTANT,TESTS,50,46,2355200
902,A,33413322,GNU C++,WRONG_ANSWER,370,1513698070,joaonetto,CONTESTANT,PRETESTS,2,0,2048000
902,A,33414454,GNU C++,OK,559,1513698259,joaonetto,CONTESTANT,TESTS,55,15,2048000
902,B,33420357,GNU C++,OK,1590,1513699290,joaonetto,CONTESTANT,TESTS,50,15,4198400
902,A,33416783,C++14 (GCC 6-32),WRONG_ANSWER,912,1513698612,job_laga_do,CONTESTANT,PRETESTS,4,15,1843200
902,A,33418296,C++14 (GCC 6-32),WRONG_ANSWER,1166,1513698866,job_laga_do,CONTESTANT,PRETESTS,4,15,1843200
902,A,33420331,C++14 (GCC 6-32),WRONG_ANSWER,1583,1513699283,job_laga_do,CONTESTANT,PRETESTS,4,15,1945600
902,A,33422379,C++14 (GCC 6-32),TIME_LIMIT_EXCEEDED,2091,1513699791,job_laga_do,CONTESTANT,PRETESTS,0,1000,1843200
902,A,33422499,C++14 (GCC 6-32),CHALLENGED,2126,1513699826,job_laga_do,CONTESTANT,CHALLENGES,8,15,1945600
902,B,33426909,C++14 (GCC 6-32),OK,3473,1513701173,job_laga_do,CONTESTANT,TESTS,50,15,2457600
902,A,33430887,C++14 (GCC 6-32),WRONG_ANSWER,5067,1513702767,job_laga_do,CONTESTANT,CHALLENGES,0,15,1945600
902,A,33417731,GNU C++,WRONG_ANSWER,1072,1513698772,johansherlock,CONTESTANT,PRETESTS,2,0,2867200
902,A,33419612,GNU C++,WRONG_ANSWER,1433,1513699133,johansherlock,CONTESTANT,PRETESTS,4,15,2867200
902,A,33420898,GNU C++,WRONG_ANSWER,1718,1513699418,johansherlock,CONTESTANT,PRETESTS,4,15,2867200
902,A,33425288,GNU C++,WRONG_ANSWER,2922,1513700622,johansherlock,CONTESTANT,PRETESTS,4,15,2867200
902,A,33415825,GNU C++,WRONG_ANSWER,757,1513698467,johnson10024,CONTESTANT,PRETESTS,4,0,1843200
902,A,33417180,GNU C++,WRONG_ANSWER,967,1513698678,johnson10024,CONTESTANT,PRETESTS,4,15,1843200
902,A,33419283,GNU C++,CHALLENGED,1365,1513699065,johnson10024,CONTESTANT,CHALLENGES,8,15,1843200
902,A,33412717,GNU C++,WRONG_ANSWER,203,1513697914,johny05,CONTESTANT,PRETESTS,2,15,10035200
902,A,33413574,GNU C++,WRONG_ANSWER,406,1513698116,johny05,CONTESTANT,TESTS,47,15,10137600
902,B,33419686,GNU C++,OK,1436,1513699146,johny05,CONTESTANT,TESTS,50,31,22425600
902,C,33426647,GNU C++,WRONG_ANSWER,3371,1513701081,johny05,CONTESTANT,PRETESTS,4,15,6041600
902,C,33431274,GNU C++,OK,5240,1513702951,johny05,CONTESTANT,TESTS,45,234,6041600
902,A,33416561,GNU C++,OK,867,1513698578,jolex009,CONTESTANT,TESTS,55,30,2048000
902,B,33423718,GNU C++,OK,2457,1513700168,jolex009,CONTESTANT,TESTS,50,46,2150400
902,C,33434129,GNU C++,WRONG_ANSWER,6627,1513704338,jolex009,CONTESTANT,PRETESTS,8,15,2048000
902,A,33413894,GNU C++,OK,470,1513698170,jonassunandar,CONTESTANT,TESTS,55,30,7065600
902,B,33419749,GNU C++,OK,1456,1513699156,jonassunandar,CONTESTANT,TESTS,50,61,5324800
902,C,33427309,GNU C++,WRONG_ANSWER,3631,1513701331,jonassunandar,CONTESTANT,TESTS,13,358,4915200
902,A,33415552,Java 8,WRONG_ANSWER,728,1513698428,joney000,CONTESTANT,TESTS,11,124,20684800
902,B,33422535,Java 8,WRONG_ANSWER,2125,1513699835,joney000,CONTESTANT,PRETESTS,9,124,20684800
902,B,33424079,Java 8,OK,2555,1513700266,joney000,CONTESTANT,TESTS,50,155,20684800
902,C,33431998,Java 8,WRONG_ANSWER,5606,1513703317,joney000,CONTESTANT,PRETESTS,4,109,20684800
902,C,33432984,Java 8,WRONG_ANSWER,6090,1513703800,joney000,CONTESTANT,PRETESTS,4,109,20684800
902,C,33435701,Java 8,WRONG_ANSWER,7196,1513704907,joney000,CONTESTANT,PRETESTS,4,124,20684800
902,A,33414208,Java 8,OK,520,1513698220,jonsnow7,CONTESTANT,TESTS,55,140,20684800
902,B,33418945,Java 8,OK,1295,1513698995,jonsnow7,CONTESTANT,TESTS,50,155,20889600
902,C,33428469,Java 8,RUNTIME_ERROR,4058,1513701758,jonsnow7,CONTESTANT,PRETESTS,4,124,20582400
902,C,33429837,Java 8,OK,4628,1513702328,jonsnow7,CONTESTANT,TESTS,45,202,20787200
902,A,33416702,C++14 (GCC 6-32),OK,900,1513698600,jordan_tay,CONTESTANT,TESTS,55,15,1945600
902,B,33426253,C++14 (GCC 6-32),WRONG_ANSWER,3240,1513700940,jordan_tay,CONTESTANT,PRETESTS,9,15,2457600
902,B,33426912,C++14 (GCC 6-32),OK,3474,1513701174,jordan_tay,CONTESTANT,TESTS,50,31,2457600
902,A,33424012,GNU C++,OK,2548,1513700248,jose92,CONTESTANT,TESTS,55,15,2048000
902,B,33426759,GNU C++,OK,3418,1513701118,jose92,CONTESTANT,TESTS,50,46,2560000
902,C,33435155,GNU C++,OK,7056,1513704756,jose92,CONTESTANT,TESTS,45,374,13312000
902,A,33420091,GNU C++11,WRONG_ANSWER,1534,1513699234,jose_,CONTESTANT,PRETESTS,4,15,2048000
902,A,33421109,GNU C++11,WRONG_ANSWER,1771,1513699471,jose_,CONTESTANT,PRETESTS,2,15,2048000
902,A,33422522,GNU C++11,MEMORY_LIMIT_EXCEEDED,2132,1513699832,jose_,CONTESTANT,PRETESTS,2,124,268390400
902,A,33422706,GNU C++11,MEMORY_LIMIT_EXCEEDED,2184,1513699884,jose_,CONTESTANT,PRETESTS,2,108,268390400
902,A,33423225,Python 3,WRONG_ANSWER,2330,1513700030,josewails,CONTESTANT,PRETESTS,0,46,5529600
902,A,33423451,Python 3,WRONG_ANSWER,2392,1513700092,josewails,CONTESTANT,PRETESTS,3,62,5529600
902,A,33428885,Python 3,OK,4234,1513701934,josewails,CONTESTANT,TESTS,55,77,5529600
902,A,33427014,GNU C++,OK,3509,1513701209,joueur,CONTESTANT,TESTS,55,15,2048000
902,B,33431286,GNU C++,OK,5256,1513702956,joueur,CONTESTANT,TESTS,50,62,2969600
902,A,33418135,GNU C++11,OK,1127,1513698838,joy3,CONTESTANT,TESTS,55,15,2048000
902,B,33431587,GNU C++11,WRONG_ANSWER,5391,1513703102,joy3,CONTESTANT,PRETESTS,9,31,4300800
902,A,33424124,C++14 (GCC 6-32),WRONG_ANSWER,2577,1513700277,js.e,CONTESTANT,PRETESTS,0,0,1843200
902,A,33416925,Java 8,WRONG_ANSWER,934,1513698634,jthacker,CONTESTANT,PRETESTS,4,109,20684800
902,A,33420763,Java 8,WRONG_ANSWER,1690,1513699390,jthacker,CONTESTANT,PRETESTS,4,109,20684800
902,A,33424156,Java 8,WRONG_ANSWER,2586,1513700286,jthacker,CONTESTANT,PRETESTS,4,124,20684800
902,A,33414309,C++14 (GCC 6-32),OK,535,1513698235,judmorenomo,CONTESTANT,TESTS,55,15,1945600
902,B,33425398,C++14 (GCC 6-32),OK,2961,1513700661,judmorenomo,CONTESTANT,TESTS,50,249,2560000
902,C,33432121,C++14 (GCC 6-32),WRONG_ANSWER,5675,1513703375,judmorenomo,CONTESTANT,PRETESTS,1,15,12185600
902,C,33432729,C++14 (GCC 6-32),WRONG_ANSWER,5977,1513703677,judmorenomo,CONTESTANT,PRETESTS,3,15,12185600
902,A,33413554,C++14 (GCC 6-32),OK,403,1513698113,just_4th,CONTESTANT,TESTS,55,15,1945600
902,B,33417278,C++14 (GCC 6-32),OK,983,1513698694,just_4th,CONTESTANT,TESTS,50,46,2867200
902,C,33423622,C++14 (GCC 6-32),WRONG_ANSWER,2427,1513700138,just_4th,CONTESTANT,PRETESTS,1,15,1843200
902,C,33425267,C++14 (GCC 6-32),OK,2904,1513700615,just_4th,CONTESTANT,TESTS,45,171,5836800
902,A,33415936,C++14 (GCC 6-32),WRONG_ANSWER,783,1513698483,just_try,CONTESTANT,PRETESTS,2,0,1945600
902,A,33419012,C++14 (GCC 6-32),WRONG_ANSWER,1311,1513699011,just_try,CONTESTANT,PRETESTS,3,15,1945600
902,A,33421164,C++14 (GCC 6-32),WRONG_ANSWER,1785,1513699485,just_try,CONTESTANT,PRETESTS,3,0,1945600
902,A,33422778,C++14 (GCC 6-32),WRONG_ANSWER,2205,1513699905,just_try,CONTESTANT,PRETESTS,3,15,1843200
902,A,33423658,C++14 (GCC 6-32),WRONG_ANSWER,2448,1513700148,just_try,CONTESTANT,PRETESTS,3,15,1843200
902,A,33426721,C++14 (GCC 6-32),OK,3408,1513701108,just_try,CONTESTANT,TESTS,55,15,1945600
902,A,33412707,C++14 (GCC 6-32),WRONG_ANSWER,209,1513697909,justadlet,CONTESTANT,PRETESTS,1,15,1945600
902,A,33412799,C++14 (GCC 6-32),WRONG_ANSWER,250,1513697950,justadlet,CONTESTANT,PRETESTS,0,0,1843200
902,A,33414627,C++14 (GCC 6-32),OK,587,1513698287,justadlet,CONTESTANT,TESTS,55,15,1945600
902,B,33419860,C++14 (GCC 6-32),OK,1481,1513699181,justadlet,CONTESTANT,TESTS,50,31,2457600
902,C,33431426,C++14 (GCC 6-32),WRONG_ANSWER,5321,1513703021,justadlet,CONTESTANT,PRETESTS,4,15,2252800
902,C,33431608,C++14 (GCC 6-32),WRONG_ANSWER,5412,1513703112,justadlet,CONTESTANT,PRETESTS,4,15,2252800
902,C,33432023,C++14 (GCC 6-32),OK,5626,1513703326,justadlet,CONTESTANT,TESTS,45,140,2252800
902,A,33414064,C++14 (GCC 6-32),OK,489,1513698200,justinwk,CONTESTANT,TESTS,55,15,1945600
902,B,33421634,C++14 (GCC 6-32),OK,1889,1513699599,justinwk,CONTESTANT,TESTS,50,15,2457600
902,C,33429672,C++14 (GCC 6-32),WRONG_ANSWER,4549,1513702259,justinwk,CONTESTANT,PRETESTS,4,15,3891200
902,A,33417519,GNU C++,WRONG_ANSWER,1035,1513698735,jxf378440404,CONTESTANT,PRETESTS,5,15,1843200
902,A,33420728,GNU C++,WRONG_ANSWER,1679,1513699379,jxf378440404,CONTESTANT,PRETESTS,5,15,1843200
902,A,33422761,GNU C++,CHALLENGED,2199,1513699899,jxf378440404,CONTESTANT,CHALLENGES,8,15,1843200
902,A,33425074,GNU C++,WRONG_ANSWER,2853,1513700553,jxf378440404,CONTESTANT,PRETESTS,3,15,1843200
902,A,33427007,GNU C++,OK,3506,1513701206,jxf378440404,CONTESTANT,TESTS,55,15,1843200
902,B,33430158,GNU C++,OK,4767,1513702467,jxf378440404,CONTESTANT,TESTS,50,31,2662400
902,C,33434975,GNU C++,WRONG_ANSWER,6994,1513704694,jxf378440404,CONTESTANT,PRETESTS,1,15,2252800
902,C,33435427,GNU C++,WRONG_ANSWER,7145,1513704845,jxf378440404,CONTESTANT,PRETESTS,1,15,2252800
902,A,33415528,GNU C++,WRONG_ANSWER,715,1513698425,jymmot,CONTESTANT,PRETESTS,2,15,2048000
902,A,33416633,GNU C++,WRONG_ANSWER,877,1513698588,jymmot,CONTESTANT,PRETESTS,2,15,2048000
902,A,33417799,GNU C++,WRONG_ANSWER,1073,1513698784,jymmot,CONTESTANT,PRETESTS,2,0,2048000
902,A,33418415,GNU C++,WRONG_ANSWER,1177,1513698887,jymmot,CONTESTANT,TESTS,16,15,2048000
902,B,33431261,GNU C++,COMPILATION_ERROR,5234,1513702944,jymmot,CONTESTANT,PRETESTS,0,0,0
902,B,33431495,GNU C++11,TIME_LIMIT_EXCEEDED,5350,1513703061,jymmot,CONTESTANT,TESTS,17,1000,3174400
902,A,33416939,C++14 (GCC 6-32),WRONG_ANSWER,935,1513698635,k_8,CONTESTANT,PRETESTS,4,15,1945600
902,A,33417903,C++14 (GCC 6-32),WRONG_ANSWER,1101,1513698801,k_8,CONTESTANT,PRETESTS,4,15,1843200
902,A,33423081,C++14 (GCC 6-32),WRONG_ANSWER,2283,1513699983,k_8,CONTESTANT,PRETESTS,4,15,1843200
902,A,33424683,C++14 (GCC 6-32),OK,2739,1513700439,kabhinav569,CONTESTANT,TESTS,55,15,1945600
902,A,33412719,GNU C++11,WRONG_ANSWER,215,1513697915,kahlua,CONTESTANT,PRETESTS,3,15,2048000
902,A,33412861,GNU C++11,OK,272,1513697972,kahlua,CONTESTANT,TESTS,55,31,2048000
902,B,33417228,GNU C++11,OK,987,1513698687,kahlua,CONTESTANT,TESTS,50,30,4096000
902,C,33424946,GNU C++11,OK,2813,1513700513,kahlua,CONTESTANT,TESTS,45,109,4505600
902,D,33433862,GNU C++11,WRONG_ANSWER,6504,1513704204,kahlua,CONTESTANT,PRETESTS,2,15,2048000
902,A,33429088,GNU C++,WRONG_ANSWER,4314,1513702014,kailash1332002,CONTESTANT,PRETESTS,4,15,2048000
902,A,33430440,GNU C++,WRONG_ANSWER,4876,1513702576,kailash1332002,CONTESTANT,PRETESTS,4,15,2048000
902,A,33431323,GNU C++,WRONG_ANSWER,5271,1513702971,kailash1332002,CONTESTANT,PRETESTS,4,15,2048000
902,A,33432473,GNU C++,WRONG_ANSWER,5850,1513703550,kailash1332002,CONTESTANT,PRETESTS,4,15,2048000
902,A,33416768,C++14 (GCC 6-32),OK,900,1513698611,kakarot010,CONTESTANT,TESTS,55,15,1945600
902,B,33422146,C++14 (GCC 6-32),OK,2016,1513699726,kakarot010,CONTESTANT,TESTS,50,15,3993600
902,C,33430687,C++14 (GCC 6-32),WRONG_ANSWER,4979,1513702690,kakarot010,CONTESTANT,PRETESTS,1,0,1945600
902,A,33419042,C++14 (GCC 6-32),WRONG_ANSWER,1308,1513699019,kalpit.jain0407,CONTESTANT,PRETESTS,2,15,1843200
902,A,33422624,C++14 (GCC 6-32),WRONG_ANSWER,2150,1513699861,kalpit.jain0407,CONTESTANT,PRETESTS,2,15,1843200
902,A,33428533,C++14 (GCC 6-32),WRONG_ANSWER,4081,1513701791,kalpit.jain0407,CONTESTANT,PRETESTS,2,15,1843200
902,A,33435233,C++14 (GCC 6-32),WRONG_ANSWER,7072,1513704782,kalpit.jain0407,CONTESTANT,PRETESTS,4,15,1843200
902,A,33419023,C++14 (GCC 6-32),WRONG_ANSWER,1314,1513699014,kamdhenu,CONTESTANT,PRETESTS,2,0,1945600
902,A,33422598,C++14 (GCC 6-32),WRONG_ANSWER,2153,1513699853,kamdhenu,CONTESTANT,PRETESTS,3,15,1843200
902,A,33424565,C++14 (GCC 6-32),WRONG_ANSWER,2705,1513700405,kamdhenu,CONTESTANT,PRETESTS,3,15,1843200
902,A,33426734,C++14 (GCC 6-32),WRONG_ANSWER,3410,1513701110,kamdhenu,CONTESTANT,TESTS,47,15,1945600
902,B,33429977,C++14 (GCC 6-32),OK,4685,1513702385,kamdhenu,CONTESTANT,TESTS,50,46,2355200
902,A,33417791,Python 3,WRONG_ANSWER,1083,1513698783,kannappan,CONTESTANT,PRETESTS,0,46,5529600
902,A,33418641,Python 3,SKIPPED,1230,1513698930,kannappan,CONTESTANT,PRETESTS,8,77,5529600
902,B,33419552,Python 3,RUNTIME_ERROR,1422,1513699122,kannappan,CONTESTANT,PRETESTS,0,30,5529600
902,A,33419972,Python 3,WRONG_ANSWER,1507,1513699207,kannappan,CONTESTANT,PRETESTS,2,62,5529600
902,A,33421732,Python 3,SKIPPED,1923,1513699623,kannappan,CONTESTANT,PRETESTS,8,62,5529600
902,B,33431176,Python 3,TIME_LIMIT_EXCEEDED,5205,1513702905,kannappan,CONTESTANT,TESTS,17,1000,16998400
902,A,33432307,Python 3,OK,5768,1513703468,kannappan,CONTESTANT,TESTS,55,77,5529600
902,A,33413879,GNU C++11,WRONG_ANSWER,467,1513698167,kansalhk06,CONTESTANT,PRETESTS,2,0,2048000
902,A,33432128,GNU C++11,WRONG_ANSWER,5679,1513703379,kansalhk06,CONTESTANT,PRETESTS,2,15,2048000
902,A,33432903,GNU C++11,WRONG_ANSWER,6068,1513703768,kansalhk06,CONTESTANT,PRETESTS,4,15,2048000
902,A,33418375,C++14 (GCC 6-32),OK,1180,1513698880,kapil123,CONTESTANT,TESTS,55,15,1945600
902,A,33416083,GNU C++11,WRONG_ANSWER,804,1513698504,kapilag324,CONTESTANT,PRETESTS,2,15,2048000
902,A,33416907,GNU C++11,WRONG_ANSWER,931,1513698631,kapilag324,CONTESTANT,PRETESTS,2,0,2048000
902,A,33414643,C++14 (GCC 6-32),OK,589,1513698289,kapillamba4,CONTESTANT,TESTS,55,15,1945600
902,B,33420233,C++14 (GCC 6-32),OK,1565,1513699265,kapillamba4,CONTESTANT,TESTS,50,46,2457600
902,C,33431030,C++14 (GCC 6-32),WRONG_ANSWER,5133,1513702833,kapillamba4,CONTESTANT,PRETESTS,3,15,1945600
902,C,33434645,C++14 (GCC 6-32),WRONG_ANSWER,6863,1513704563,kapillamba4,CONTESTANT,PRETESTS,3,15,1945600
902,A,33419852,GNU C++11,WRONG_ANSWER,1478,1513699178,karelia,CONTESTANT,PRETESTS,2,15,2048000
902,A,33423635,GNU C++11,WRONG_ANSWER,2441,1513700141,karelia,CONTESTANT,PRETESTS,3,15,2048000
902,A,33416145,GNU C,WRONG_ANSWER,815,1513698515,kartik144,CONTESTANT,PRETESTS,2,15,1843200
902,A,33416692,GNU C,WRONG_ANSWER,897,1513698597,kartik144,CONTESTANT,PRETESTS,2,15,1843200
902,A,33419494,C++14 (GCC 6-32),WRONG_ANSWER,1407,1513699107,kartik144,CONTESTANT,PRETESTS,2,15,1843200
902,A,33419888,C++14 (GCC 6-32),WRONG_ANSWER,1488,1513699188,kartik144,CONTESTANT,PRETESTS,0,0,1843200
902,A,33421271,C++14 (GCC 6-32),WRONG_ANSWER,1811,1513699511,kartik144,CONTESTANT,PRETESTS,2,15,1843200
902,A,33424311,C++14 (GCC 6-32),COMPILATION_ERROR,2628,1513700328,kartik144,CONTESTANT,PRETESTS,0,0,0
902,A,33424436,C++14 (GCC 6-32),WRONG_ANSWER,2667,1513700367,kartik144,CONTESTANT,PRETESTS,2,15,1843200
902,A,33428232,C++14 (GCC 6-32),COMPILATION_ERROR,3967,1513701667,kartik144,CONTESTANT,PRETESTS,0,0,0
902,A,33428343,C++14 (GCC 6-32),OK,4007,1513701707,kartik144,CONTESTANT,TESTS,55,15,1945600
902,A,33415450,C++14 (GCC 6-32),WRONG_ANSWER,713,1513698413,kasapraneeth999,CONTESTANT,PRETESTS,2,0,1945600
902,A,33419101,C++14 (GCC 6-32),WRONG_ANSWER,1332,1513699032,kasapraneeth999,CONTESTANT,PRETESTS,2,0,1843200
902,A,33422390,C++14 (GCC 6-32),WRONG_ANSWER,2096,1513699796,kasapraneeth999,CONTESTANT,PRETESTS,2,15,1843200
902,A,33428592,C++14 (GCC 6-32),WRONG_ANSWER,4111,1513701811,kasapraneeth999,CONTESTANT,PRETESTS,2,15,1945600
902,A,33431187,C++14 (GCC 6-32),OK,5210,1513702910,kasapraneeth999,CONTESTANT,TESTS,55,15,1945600
902,A,33426459,GNU C,WRONG_ANSWER,3307,1513701007,kasumadhuridevi,CONTESTANT,PRETESTS,0,0,1843200
902,A,33413815,C++14 (GCC 6-32),OK,447,1513698157,kater,CONTESTANT,TESTS,55,15,1945600
902,B,33417270,C++14 (GCC 6-32),OK,983,1513698693,kater,CONTESTANT,TESTS,50,234,2457600
902,C,33425295,C++14 (GCC 6-32),WRONG_ANSWER,2913,1513700624,kater,CONTESTANT,PRETESTS,4,15,4710400
902,C,33427400,C++14 (GCC 6-32),WRONG_ANSWER,3647,1513701357,kater,CONTESTANT,PRETESTS,1,15,4710400
902,C,33428479,C++14 (GCC 6-32),WRONG_ANSWER,4055,1513701765,kater,CONTESTANT,PRETESTS,4,0,4710400
902,A,33413125,C++14 (GCC 6-32),OK,336,1513698036,kathil,CONTESTANT,TESTS,55,15,17920000
902,B,33417365,C++14 (GCC 6-32),WRONG_ANSWER,1009,1513698709,kathil,CONTESTANT,PRETESTS,2,15,41984000
902,B,33418711,C++14 (GCC 6-32),OK,1244,1513698944,kathil,CONTESTANT,TESTS,50,31,42393600
902,C,33423961,C++14 (GCC 6-32),WRONG_ANSWER,2536,1513700236,kathil,CONTESTANT,PRETESTS,1,15,74035200
902,C,33425062,C++14 (GCC 6-32),OK,2850,1513700550,kathil,CONTESTANT,TESTS,45,124,74035200
902,D,33428325,C++14 (GCC 6-32),WRONG_ANSWER,4000,1513701700,kathil,CONTESTANT,PRETESTS,2,15,1843200
902,D,33429196,C++14 (GCC 6-32),WRONG_ANSWER,4356,1513702056,kathil,CONTESTANT,PRETESTS,3,15,1843200
902,D,33431283,C++14 (GCC 6-32),WRONG_ANSWER,5254,1513702954,kathil,CONTESTANT,PRETESTS,3,15,1945600
902,D,33432144,C++14 (GCC 6-32),WRONG_ANSWER,5687,1513703387,kathil,CONTESTANT,PRETESTS,6,15,1945600
902,D,33433389,C++14 (GCC 6-32),WRONG_ANSWER,6288,1513703988,kathil,CONTESTANT,PRETESTS,2,15,1843200
902,D,33433590,C++14 (GCC 6-32),WRONG_ANSWER,6376,1513704076,kathil,CONTESTANT,PRETESTS,6,15,1945600
902,D,33434093,C++14 (GCC 6-32),WRONG_ANSWER,6622,1513704322,kathil,CONTESTANT,PRETESTS,6,15,1945600
902,D,33434206,C++14 (GCC 6-32),WRONG_ANSWER,6674,1513704374,kathil,CONTESTANT,PRETESTS,6,15,1945600
902,D,33435030,C++14 (GCC 6-32),WRONG_ANSWER,7015,1513704715,kathil,CONTESTANT,PRETESTS,2,15,1945600
902,D,33435261,C++14 (GCC 6-32),WRONG_ANSWER,7091,1513704791,kathil,CONTESTANT,PRETESTS,2,0,1843200
902,A,33413615,GNU C++11,OK,412,1513698123,katzper01,CONTESTANT,TESTS,55,15,2048000
902,B,33419933,GNU C++11,OK,1486,1513699197,katzper01,CONTESTANT,TESTS,50,46,2560000
902,A,33425365,GNU C++,WRONG_ANSWER,2949,1513700649,kaushik15103,CONTESTANT,PRETESTS,5,15,2048000
902,A,33425593,GNU C++,WRONG_ANSWER,3021,1513700721,kaushik15103,CONTESTANT,PRETESTS,5,15,2048000
902,A,33426036,GNU C++,WRONG_ANSWER,3164,1513700864,kaushik15103,CONTESTANT,PRETESTS,5,15,2048000
902,A,33426685,GNU C++,WRONG_ANSWER,3396,1513701096,kaushik15103,CONTESTANT,PRETESTS,5,15,2048000
902,A,33427436,GNU C++,WRONG_ANSWER,3669,1513701369,kaushik15103,CONTESTANT,TESTS,16,15,2048000
902,A,33422342,C++14 (GCC 6-32),WRONG_ANSWER,2078,1513699778,kaushik_p9,CONTESTANT,PRETESTS,0,0,1843200
902,A,33429006,C++14 (GCC 6-32),RUNTIME_ERROR,4282,1513701982,kaushik_p9,CONTESTANT,PRETESTS,2,15,1843200
902,A,33429754,C++14 (GCC 6-32),RUNTIME_ERROR,4594,1513702294,kaushik_p9,CONTESTANT,PRETESTS,2,30,1945600
902,A,33423719,C++14 (GCC 6-32),OK,2457,1513700168,kaymas,CONTESTANT,TESTS,55,15,1945600
902,A,33428411,GNU C++11,WRONG_ANSWER,4039,1513701739,kaynguyen,CONTESTANT,PRETESTS,2,15,2048000
902,A,33430696,GNU C++11,CHALLENGED,4994,1513702694,kaynguyen,CONTESTANT,CHALLENGES,8,15,2048000
902,A,33414079,C++14 (GCC 6-32),OK,501,1513698201,kazuma_desu,CONTESTANT,TESTS,55,15,1945600
902,B,33416062,C++14 (GCC 6-32),OK,800,1513698500,kazuma_desu,CONTESTANT,TESTS,50,46,2662400
902,C,33422476,C++14 (GCC 6-32),OK,2121,1513699821,kazuma_desu,CONTESTANT,TESTS,45,109,5120000
902,A,33420232,C++14 (GCC 6-32),OK,1555,1513699265,kb0304,CONTESTANT,TESTS,55,15,1945600
902,B,33425513,C++14 (GCC 6-32),OK,2985,1513700695,kb0304,CONTESTANT,TESTS,50,420,102092800
902,C,33429495,C++14 (GCC 6-32),WRONG_ANSWER,4474,1513702184,kb0304,CONTESTANT,PRETESTS,1,15,1843200
902,C,33429813,C++14 (GCC 6-32),WRONG_ANSWER,4610,1513702321,kb0304,CONTESTANT,PRETESTS,3,15,1945600
902,C,33430172,C++14 (GCC 6-32),OK,4760,1513702471,kb0304,CONTESTANT,TESTS,45,140,2969600
902,A,33427911,GNU C11,WRONG_ANSWER,3843,1513701543,kbulavenko,CONTESTANT,PRETESTS,4,15,1843200
902,A,33419734,GNU C++11,MEMORY_LIMIT_EXCEEDED,1454,1513699154,kck14,CONTESTANT,PRETESTS,0,15,268390400
902,A,33420002,GNU C++11,WRONG_ANSWER,1512,1513699212,kck14,CONTESTANT,PRETESTS,4,15,2048000
902,A,33422249,GNU C++11,OK,2049,1513699749,kck14,CONTESTANT,TESTS,55,15,2048000
902,B,33426294,GNU C++11,OK,3252,1513700952,kck14,CONTESTANT,TESTS,50,31,2867200
902,C,33431625,GNU C++11,OK,5423,1513703123,kck14,CONTESTANT,TESTS,45,249,2560000
902,A,33416079,C++14 (GCC 6-32),WRONG_ANSWER,803,1513698503,kdb,CONTESTANT,PRETESTS,1,0,1843200
902,A,33417027,C++14 (GCC 6-32),WRONG_ANSWER,949,1513698649,kdb,CONTESTANT,PRETESTS,1,15,1945600
902,A,33417408,C++14 (GCC 6-32),WRONG_ANSWER,1015,1513698715,kdb,CONTESTANT,TESTS,47,31,1945600
902,B,33422883,C++14 (GCC 6-32),OK,2229,1513699929,kdb,CONTESTANT,TESTS,50,46,2764800
902,C,33427437,C++14 (GCC 6-32),WRONG_ANSWER,3670,1513701370,kdb,CONTESTANT,PRETESTS,1,15,1843200
902,C,33427539,C++14 (GCC 6-32),OK,3711,1513701411,kdb,CONTESTANT,TESTS,45,140,2252800
902,D,33431794,C++14 (GCC 6-32),WRONG_ANSWER,5514,1513703214,kdb,CONTESTANT,PRETESTS,2,15,1843200
902,A,33415010,C++14 (GCC 6-32),WRONG_ANSWER,648,1513698348,kdedovich,CONTESTANT,TESTS,16,15,1945600
902,B,33416661,C++14 (GCC 6-32),OK,892,1513698592,kdedovich,CONTESTANT,TESTS,50,15,2457600
902,C,33421033,C++14 (GCC 6-32),WRONG_ANSWER,1753,1513699453,kdedovich,CONTESTANT,PRETESTS,3,15,1843200
902,C,33421833,C++14 (GCC 6-32),OK,1949,1513699649,kdedovich,CONTESTANT,TESTS,45,77,2252800
902,D,33426805,C++14 (GCC 6-32),WRONG_ANSWER,3437,1513701137,kdedovich,CONTESTANT,PRETESTS,6,15,1945600
902,D,33428485,C++14 (GCC 6-32),WRONG_ANSWER,4069,1513701769,kdedovich,CONTESTANT,PRETESTS,2,15,1843200
902,D,33428688,C++14 (GCC 6-32),WRONG_ANSWER,4155,1513701855,kdedovich,CONTESTANT,PRETESTS,6,15,1945600
902,D,33429324,C++14 (GCC 6-32),WRONG_ANSWER,4406,1513702106,kdedovich,CONTESTANT,PRETESTS,2,15,1945600
902,D,33432150,C++14 (GCC 6-32),WRONG_ANSWER,5689,1513703389,kdedovich,CONTESTANT,PRETESTS,4,15,1843200
902,D,33433048,C++14 (GCC 6-32),WRONG_ANSWER,6134,1513703834,kdedovich,CONTESTANT,PRETESTS,4,15,1843200
902,D,33434574,C++14 (GCC 6-32),WRONG_ANSWER,6832,1513704532,kdedovich,CONTESTANT,PRETESTS,0,15,1843200
902,D,33434659,C++14 (GCC 6-32),WRONG_ANSWER,6869,1513704569,kdedovich,CONTESTANT,PRETESTS,2,15,1945600
902,D,33435051,C++14 (GCC 6-32),WRONG_ANSWER,7020,1513704720,kdedovich,CONTESTANT,PRETESTS,4,15,1945600
902,A,33418833,GNU C++,OK,1268,1513698968,kdn1998,CONTESTANT,TESTS,55,15,2048000
902,A,33421956,C++14 (GCC 6-32),OK,1971,1513699681,keeda2.0,CONTESTANT,TESTS,55,15,1843200
902,B,33431704,C++14 (GCC 6-32),OK,5451,1513703161,keeda2.0,CONTESTANT,TESTS,50,15,2457600
902,C,33420375,C++14 (GCC 6-32),WRONG_ANSWER,1585,1513699295,kefear,CONTESTANT,PRETESTS,3,15,17920000
902,C,33422129,C++14 (GCC 6-32),WRONG_ANSWER,2010,1513699720,kefear,CONTESTANT,PRETESTS,0,0,17920000
902,C,33422333,C++14 (GCC 6-32),WRONG_ANSWER,2065,1513699775,kefear,CONTESTANT,PRETESTS,3,15,17920000
902,C,33423483,C++14 (GCC 6-32),WRONG_ANSWER,2389,1513700100,kefear,CONTESTANT,PRETESTS,5,15,17920000
902,C,33423832,C++14 (GCC 6-32),WRONG_ANSWER,2489,1513700199,kefear,CONTESTANT,PRETESTS,5,15,17920000
902,C,33424329,C++14 (GCC 6-32),WRONG_ANSWER,2621,1513700331,kefear,CONTESTANT,PRETESTS,4,15,17920000
902,C,33424354,C++14 (GCC 6-32),WRONG_ANSWER,2628,1513700338,kefear,CONTESTANT,PRETESTS,4,15,17920000
902,A,33413084,Python 3,OK,327,1513698027,kek,CONTESTANT,TESTS,55,93,6041600
902,B,33415352,C++14 (GCC 6-32),RUNTIME_ERROR,698,1513698398,kek,CONTESTANT,PRETESTS,5,15,2150400
902,B,33415688,C++14 (GCC 6-32),OK,746,1513698446,kek,CONTESTANT,TESTS,50,15,2662400
902,C,33421189,C++14 (GCC 6-32),WRONG_ANSWER,1791,1513699491,kek,CONTESTANT,PRETESTS,1,15,2662400
902,C,33421509,C++14 (GCC 6-32),OK,1870,1513699570,kek,CONTESTANT,TESTS,45,78,2662400
902,A,33420142,GNU C++11,WRONG_ANSWER,1543,1513699243,kelsin19,CONTESTANT,PRETESTS,4,15,2048000
902,A,33421261,GNU C++11,WRONG_ANSWER,1809,1513699509,kelsin19,CONTESTANT,PRETESTS,4,15,2048000
902,A,33427298,GNU C++11,RUNTIME_ERROR,3625,1513701325,kelsin19,CONTESTANT,PRETESTS,2,15,2048000
902,A,33413721,C++14 (GCC 6-32),OK,442,1513698142,kemega,CONTESTANT,TESTS,55,15,1945600
902,A,33421828,GNU C,WRONG_ANSWER,1937,1513699648,kenchi2,CONTESTANT,PRETESTS,4,15,1843200
902,A,33425960,GNU C,WRONG_ANSWER,3128,1513700839,kenchi2,CONTESTANT,PRETESTS,2,15,1843200
902,A,33426493,GNU C,WRONG_ANSWER,3310,1513701020,kenchi2,CONTESTANT,TESTS,16,15,1843200
902,B,33433536,GNU C,OK,6336,1513704047,kenchi2,CONTESTANT,TESTS,50,15,1945600
902,A,33412662,GNU C++11,WRONG_ANSWER,171,1513697871,kenenalmat,CONTESTANT,PRETESTS,1,15,2048000
902,A,33413447,GNU C++11,OK,394,1513698094,kenenalmat,CONTESTANT,TESTS,55,30,2048000
902,B,33417537,GNU C++11,OK,1039,1513698739,kenenalmat,CONTESTANT,TESTS,50,46,4403200
902,C,33424224,GNU C++11,WRONG_ANSWER,2600,1513700300,kenenalmat,CONTESTANT,PRETESTS,1,15,4915200
902,C,33424854,GNU C++11,OK,2786,1513700486,kenenalmat,CONTESTANT,TESTS,45,374,11059200
902,A,33416221,Python 3,RUNTIME_ERROR,824,1513698524,kenzhemir,CONTESTANT,PRETESTS,0,46,5632000
902,A,33419393,Python 3,RUNTIME_ERROR,1382,1513699082,kenzhemir,CONTESTANT,PRETESTS,0,46,5529600
902,A,33422788,JavaScript,RUNTIME_ERROR,2207,1513699907,kenzhemir,CONTESTANT,PRETESTS,0,0,5836800
902,A,33423625,Python 3,RUNTIME_ERROR,2438,1513700138,kenzhemir,CONTESTANT,PRETESTS,0,30,5529600
902,A,33424139,Python 3,RUNTIME_ERROR,2582,1513700282,kenzhemir,CONTESTANT,PRETESTS,0,31,5632000
902,A,33425038,Python 3,OK,2843,1513700543,kenzhemir,CONTESTANT,TESTS,55,77,5529600
902,B,33428300,Python 3,TIME_LIMIT_EXCEEDED,3991,1513701691,kenzhemir,CONTESTANT,PRETESTS,5,1000,6246400
902,A,33419192,C++14 (GCC 6-32),OK,1349,1513699049,kevinwinatamichael,CONTESTANT,TESTS,55,15,1945600
902,A,33418902,C++14 (GCC 6-32),WRONG_ANSWER,1285,1513698985,keysersoze,CONTESTANT,PRETESTS,2,15,1843200
902,A,33420484,C++14 (GCC 6-32),WRONG_ANSWER,1621,1513699321,keysersoze,CONTESTANT,PRETESTS,2,0,1843200
902,A,33422186,C++14 (GCC 6-32),WRONG_ANSWER,2035,1513699735,keysersoze,CONTESTANT,PRETESTS,2,0,1843200
902,A,33424595,C++14 (GCC 6-32),OK,2714,1513700414,keysersoze,CONTESTANT,TESTS,55,15,1945600
902,A,33432120,GNU C++,WRONG_ANSWER,5664,1513703374,keyvanV,CONTESTANT,PRETESTS,2,15,2048000
902,A,33430038,C++14 (GCC 6-32),WRONG_ANSWER,4713,1513702413,khale_el,CONTESTANT,PRETESTS,2,0,1843200
902,A,33430575,C++14 (GCC 6-32),WRONG_ANSWER,4936,1513702636,khale_el,CONTESTANT,PRETESTS,2,15,1843200
902,A,33416668,C++14 (GCC 6-32),WRONG_ANSWER,893,1513698593,khalil.247,CONTESTANT,PRETESTS,2,15,1945600
902,A,33420629,GNU C++,WRONG_ANSWER,1644,1513699355,kharishk1998,CONTESTANT,PRETESTS,2,15,2048000
902,A,33421502,GNU C++,WRONG_ANSWER,1859,1513699569,kharishk1998,CONTESTANT,PRETESTS,2,15,2048000
902,A,33425262,GNU C++,WRONG_ANSWER,2903,1513700614,kharishk1998,CONTESTANT,PRETESTS,2,15,2048000
902,A,33426532,GNU C++,WRONG_ANSWER,3324,1513701034,kharishk1998,CONTESTANT,PRETESTS,2,15,2048000
902,A,33429481,GNU C++,WRONG_ANSWER,4468,1513702178,kharishk1998,CONTESTANT,PRETESTS,1,15,2048000
902,A,33414156,Python 3,OK,512,1513698212,khaser,CONTESTANT,TESTS,55,62,5529600
902,B,33419845,Python 3,OK,1476,1513699176,khaser,CONTESTANT,TESTS,50,77,6553600
902,A,33414017,Python 3,WRONG_ANSWER,490,1513698190,khazhix,CONTESTANT,TESTS,14,62,5529600
902,B,33427094,Python 3,TIME_LIMIT_EXCEEDED,3542,1513701242,khazhix,CONTESTANT,TESTS,17,1000,8704000
902,C,33431357,Python 3,WRONG_ANSWER,5289,1513702989,khazhix,CONTESTANT,PRETESTS,5,61,5529600
902,C,33431941,Python 3,WRONG_ANSWER,5586,1513703286,khazhix,CONTESTANT,PRETESTS,5,61,5529600
902,C,33432498,Python 3,WRONG_ANSWER,5864,1513703564,khazhix,CONTESTANT,PRETESTS,1,46,5529600
902,C,33433023,Python 3,WRONG_ANSWER,6119,1513703819,khazhix,CONTESTANT,PRETESTS,5,46,5529600
902,C,33434168,Python 3,WRONG_ANSWER,6654,1513704355,khazhix,CONTESTANT,PRETESTS,5,46,5632000
902,A,33419709,C++14 (GCC 6-32),OK,1450,1513699150,khetarpal_dhruv,CONTESTANT,TESTS,55,15,1945600
902,B,33428226,C++14 (GCC 6-32),OK,3964,1513701664,khetarpal_dhruv,CONTESTANT,TESTS,50,15,2867200
902,A,33418219,GNU C++,WRONG_ANSWER,1153,1513698853,khyati.agarwalss,CONTESTANT,PRETESTS,2,15,2048000
902,A,33423090,GNU C++,WRONG_ANSWER,2285,1513699985,khyati.agarwalss,CONTESTANT,PRETESTS,2,15,2048000
902,A,33426639,GNU C++,OK,3380,1513701080,khyati.agarwalss,CONTESTANT,TESTS,55,15,2048000
902,A,33414585,GNU C++11,OK,570,1513698281,kiarash78,CONTESTANT,TESTS,55,15,2048000
902,B,33418941,GNU C++11,OK,1284,1513698994,kiarash78,CONTESTANT,TESTS,50,46,2150400
902,C,33425932,GNU C++11,WRONG_ANSWER,3119,1513700830,kiarash78,CONTESTANT,PRETESTS,1,0,3686400
902,C,33426048,GNU C++11,OK,3158,1513700869,kiarash78,CONTESTANT,TESTS,45,327,3686400
902,D,33435418,GNU C++11,WRONG_ANSWER,7130,1513704841,kiarash78,CONTESTANT,PRETESTS,4,15,2048000
902,A,33414555,C++14 (GCC 6-32),WRONG_ANSWER,566,1513698277,kicksilver7,CONTESTANT,PRETESTS,2,15,1945600
902,A,33416107,C++14 (GCC 6-32),WRONG_ANSWER,797,1513698507,kicksilver7,CONTESTANT,PRETESTS,2,15,1843200
902,A,33416813,C++14 (GCC 6-32),WRONG_ANSWER,906,1513698616,kicksilver7,CONTESTANT,PRETESTS,2,15,1945600
902,A,33418142,C++14 (GCC 6-32),OK,1128,1513698839,kicksilver7,CONTESTANT,TESTS,55,15,1843200
902,B,33427026,C++14 (GCC 6-32),OK,3504,1513701214,kicksilver7,CONTESTANT,TESTS,50,15,2560000
902,A,33413985,GNU C++,COMPILATION_ERROR,475,1513698185,kigoee,CONTESTANT,PRETESTS,0,0,0
902,A,33414310,GNU C++11,OK,524,1513698235,kigoee,CONTESTANT,TESTS,55,30,2048000
902,B,33421201,GNU C++11,OK,1784,1513699494,kigoee,CONTESTANT,TESTS,50,46,2560000
902,C,33426964,GNU C++11,WRONG_ANSWER,3481,1513701191,kigoee,CONTESTANT,PRETESTS,1,15,3276800
902,C,33427524,GNU C++11,WRONG_ANSWER,3697,1513701407,kigoee,CONTESTANT,PRETESTS,1,15,3276800
902,C,33430314,GNU C++11,WRONG_ANSWER,4817,1513702527,kigoee,CONTESTANT,PRETESTS,1,15,3276800
902,C,33431370,GNU C++11,RUNTIME_ERROR,5287,1513702997,kigoee,CONTESTANT,TESTS,13,202,3276800
902,A,33413190,C++14 (GCC 6-32),WRONG_ANSWER,346,1513698046,killer_god,CONTESTANT,PRETESTS,3,15,197939200
902,A,33413960,C++14 (GCC 6-32),COMPILATION_ERROR,481,1513698181,killer_god,CONTESTANT,PRETESTS,0,0,0
902,A,33414268,C++14 (GCC 6-32),WRONG_ANSWER,529,1513698229,killer_god,CONTESTANT,PRETESTS,2,15,197939200
902,A,33415053,C++14 (GCC 6-32),OK,654,1513698354,killer_god,CONTESTANT,TESTS,55,15,197939200
902,B,33417461,C++14 (GCC 6-32),OK,1026,1513698726,killer_god,CONTESTANT,TESTS,50,15,197939200
902,C,33422652,C++14 (GCC 6-32),WRONG_ANSWER,2170,1513699870,killer_god,CONTESTANT,PRETESTS,4,15,197939200
902,C,33423150,C++14 (GCC 6-32),OK,2309,1513700009,killer_god,CONTESTANT,TESTS,45,109,197939200
902,D,33428693,C++14 (GCC 6-32),COMPILATION_ERROR,4158,1513701858,killer_god,CONTESTANT,PRETESTS,0,0,0
902,D,33428776,GNU C++,COMPILATION_ERROR,4193,1513701893,killer_god,CONTESTANT,PRETESTS,0,0,0
902,D,33428886,GNU C++,OK,4234,1513701934,killer_god,CONTESTANT,TESTS,150,15,53862400
902,A,33413759,GNU C++11,OK,448,1513698148,kimnai,CONTESTANT,TESTS,55,15,2048000
902,A,33413039,C++14 (GCC 6-32),WRONG_ANSWER,317,1513698017,king_tsar,CONTESTANT,PRETESTS,2,15,1843200
902,A,33414092,C++14 (GCC 6-32),WRONG_ANSWER,503,1513698203,king_tsar,CONTESTANT,PRETESTS,2,15,1945600
902,A,33415738,C++14 (GCC 6-32),WRONG_ANSWER,754,1513698454,king_tsar,CONTESTANT,PRETESTS,2,15,1843200
902,A,33416226,C++14 (GCC 6-32),WRONG_ANSWER,825,1513698525,king_tsar,CONTESTANT,PRETESTS,2,15,1945600
902,A,33420589,C++14 (GCC 6-32),OK,1646,1513699346,king_tsar,CONTESTANT,TESTS,55,15,1945600
902,A,33419002,C++14 (GCC 6-32),WRONG_ANSWER,1308,1513699008,kingbharti,CONTESTANT,PRETESTS,2,15,1945600
902,A,33425171,C++14 (GCC 6-32),WRONG_ANSWER,2882,1513700582,kingbharti,CONTESTANT,PRETESTS,5,15,1945600
902,A,33422156,GNU C,OK,2018,1513699728,kinghero054,CONTESTANT,TESTS,55,15,1843200
902,A,33413483,C++14 (GCC 6-32),OK,400,1513698100,kiritan,CONTESTANT,TESTS,55,15,1945600
902,B,33419316,C++14 (GCC 6-32),OK,1370,1513699070,kiritan,CONTESTANT,TESTS,50,187,2355200
902,C,33425720,C++14 (GCC 6-32),WRONG_ANSWER,3064,1513700764,kiritan,CONTESTANT,PRETESTS,1,15,2662400
902,C,33429216,C++14 (GCC 6-32),WRONG_ANSWER,4364,1513702064,kiritan,CONTESTANT,PRETESTS,3,15,2662400
902,C,33429573,C++14 (GCC 6-32),WRONG_ANSWER,4520,1513702220,kiritan,CONTESTANT,PRETESTS,1,15,2662400
902,A,33415604,C++14 (GCC 6-32),OK,734,1513698434,kirity_and_asuny,CONTESTANT,TESTS,55,15,1945600
902,B,33428329,C++14 (GCC 6-32),WRONG_ANSWER,4002,1513701702,kirity_and_asuny,CONTESTANT,PRETESTS,0,0,2048000
902,B,33428785,C++14 (GCC 6-32),OK,4194,1513701894,kirity_and_asuny,CONTESTANT,TESTS,50,46,2560000
902,A,33424961,Python 3,WRONG_ANSWER,2818,1513700518,kisma,CONTESTANT,PRETESTS,2,61,5529600
902,A,33426848,Python 3,WRONG_ANSWER,3455,1513701155,kisma,CONTESTANT,PRETESTS,2,61,5529600
902,A,33428277,Python 3,WRONG_ANSWER,3983,1513701683,kisma,CONTESTANT,PRETESTS,2,62,5529600
902,A,33430152,Python 3,WRONG_ANSWER,4764,1513702464,kisma,CONTESTANT,PRETESTS,2,46,5529600
902,A,33413647,C++14 (GCC 6-32),OK,429,1513698129,kissu_pari_na,CONTESTANT,TESTS,55,15,3584000
902,B,33424075,C++14 (GCC 6-32),OK,2565,1513700265,kissu_pari_na,CONTESTANT,TESTS,50,15,7065600
902,A,33429107,C++14 (GCC 6-32),WRONG_ANSWER,4322,1513702022,kj4565,CONTESTANT,PRETESTS,2,15,1843200
902,A,33429570,C++14 (GCC 6-32),WRONG_ANSWER,4516,1513702216,kj4565,CONTESTANT,PRETESTS,2,15,1945600
902,A,33429856,C++14 (GCC 6-32),WRONG_ANSWER,4635,1513702335,kj4565,CONTESTANT,PRETESTS,0,0,1843200
902,A,33430341,C++14 (GCC 6-32),WRONG_ANSWER,4839,1513702539,kj4565,CONTESTANT,PRETESTS,2,0,1843200
902,A,33416651,GNU C,COMPILATION_ERROR,891,1513698591,kloiz,CONTESTANT,PRETESTS,0,0,0
902,A,33416936,C++14 (GCC 6-32),WRONG_ANSWER,935,1513698635,kloiz,CONTESTANT,PRETESTS,2,15,1843200
902,A,33421288,C++14 (GCC 6-32),WRONG_ANSWER,1815,1513699515,kloiz,CONTESTANT,PRETESTS,2,15,1843200
902,A,33430125,GNU C++,COMPILATION_ERROR,4743,1513702453,kloiz,CONTESTANT,PRETESTS,0,0,0
902,A,33430274,C++14 (GCC 6-32),WRONG_ANSWER,4798,1513702508,kloiz,CONTESTANT,PRETESTS,1,15,1843200
902,A,33430509,C++14 (GCC 6-32),WRONG_ANSWER,4896,1513702606,kloiz,CONTESTANT,PRETESTS,2,15,1843200
902,A,33417529,GNU C++,OK,1027,1513698738,kmcc,CONTESTANT,TESTS,55,15,2048000
902,B,33423616,GNU C++,WRONG_ANSWER,2424,1513700135,kmcc,CONTESTANT,PRETESTS,2,15,2048000
902,B,33425580,GNU C++,COMPILATION_ERROR,3006,1513700716,kmcc,CONTESTANT,PRETESTS,0,0,0
902,B,33425677,GNU C++,COMPILATION_ERROR,3037,1513700747,kmcc,CONTESTANT,PRETESTS,0,0,0
902,B,33426078,C++14 (GCC 6-32),SKIPPED,3171,1513700881,kmcc,CONTESTANT,PRETESTS,10,15,2457600
902,C,33431753,C++14 (GCC 6-32),SKIPPED,5479,1513703190,kmcc,CONTESTANT,PRETESTS,13,15,2252800
902,C,33432613,C++14 (GCC 6-32),OK,5915,1513703625,kmcc,CONTESTANT,TESTS,45,78,2662400
902,B,33432941,C++14 (GCC 6-32),OK,6073,1513703783,kmcc,CONTESTANT,TESTS,50,31,2764800
902,A,33421173,C++14 (GCC 6-32),WRONG_ANSWER,1787,1513699487,knayan,CONTESTANT,PRETESTS,2,15,1843200
902,A,33429225,C++14 (GCC 6-32),OK,4366,1513702066,knayan,CONTESTANT,TESTS,55,15,1945600
902,A,33412952,Python 3,OK,288,1513697999,knight-erraunt,CONTESTANT,TESTS,55,62,5632000
902,B,33417497,Python 3,OK,1021,1513698731,knight-erraunt,CONTESTANT,TESTS,50,78,6758400
902,C,33424992,GNU C++,WRONG_ANSWER,2817,1513700527,knight-erraunt,CONTESTANT,TESTS,13,93,3891200
902,A,33425505,GNU C,COMPILATION_ERROR,2982,1513700692,knm6828,CONTESTANT,PRETESTS,0,0,0
902,A,33425860,GNU C++,WRONG_ANSWER,3098,1513700808,knm6828,CONTESTANT,PRETESTS,2,0,2048000
902,A,33426998,GNU C++,WRONG_ANSWER,3492,1513701203,knm6828,CONTESTANT,PRETESTS,2,15,2048000
902,A,33434267,GNU C++,COMPILATION_ERROR,6691,1513704401,knm6828,CONTESTANT,PRETESTS,0,0,0
902,A,33434452,GNU C++,WRONG_ANSWER,6768,1513704479,knm6828,CONTESTANT,PRETESTS,2,15,2048000
902,A,33435247,GNU C++,WRONG_ANSWER,7076,1513704786,knm6828,CONTESTANT,PRETESTS,2,15,2048000
902,A,33413661,GNU C++11,OK,422,1513698132,knon0501,CONTESTANT,TESTS,55,15,2048000
902,B,33419952,GNU C++11,OK,1491,1513699202,knon0501,CONTESTANT,TESTS,50,30,2560000
902,C,33426455,GNU C++11,OK,3296,1513701006,knon0501,CONTESTANT,TESTS,45,109,4505600
902,D,33433423,GNU C++11,WRONG_ANSWER,6296,1513704006,knon0501,CONTESTANT,PRETESTS,1,15,2048000
902,D,33433695,GNU C++11,WRONG_ANSWER,6412,1513704123,knon0501,CONTESTANT,PRETESTS,3,15,2048000
902,D,33434539,GNU C++11,WRONG_ANSWER,6807,1513704518,knon0501,CONTESTANT,PRETESTS,4,15,2048000
902,D,33435086,GNU C++11,WRONG_ANSWER,7018,1513704729,knon0501,CONTESTANT,PRETESTS,2,0,2048000
902,D,33435552,GNU C++11,WRONG_ANSWER,7164,1513704875,knon0501,CONTESTANT,PRETESTS,4,15,2048000
902,B,33421403,C++14 (GCC 6-32),TIME_LIMIT_EXCEEDED,1841,1513699541,koca_kodza,CONTESTANT,TESTS,17,1000,3174400
902,A,33423165,C++14 (GCC 6-32),WRONG_ANSWER,2312,1513700012,koca_kodza,CONTESTANT,PRETESTS,0,0,1945600
902,A,33426537,C++14 (GCC 6-32),OK,3335,1513701035,koca_kodza,CONTESTANT,TESTS,55,15,1945600
902,C,33431378,C++14 (GCC 6-32),WRONG_ANSWER,5301,1513703001,koca_kodza,CONTESTANT,PRETESTS,3,15,13926400
902,C,33431949,C++14 (GCC 6-32),WRONG_ANSWER,5591,1513703291,koca_kodza,CONTESTANT,PRETESTS,3,0,13926400
902,C,33434707,C++14 (GCC 6-32),WRONG_ANSWER,6888,1513704588,koca_kodza,CONTESTANT,PRETESTS,3,15,13926400
902,C,33435383,C++14 (GCC 6-32),WRONG_ANSWER,7129,1513704829,koca_kodza,CONTESTANT,PRETESTS,3,15,13926400
902,A,33413385,C++14 (GCC 6-32),WRONG_ANSWER,381,1513698081,kol9,CONTESTANT,PRETESTS,4,15,1843200
902,A,33415979,C++14 (GCC 6-32),WRONG_ANSWER,790,1513698490,kol9,CONTESTANT,PRETESTS,4,15,1945600
902,A,33416377,C++14 (GCC 6-32),OK,846,1513698546,kol9,CONTESTANT,TESTS,55,15,1945600
902,B,33422023,C++14 (GCC 6-32),OK,1999,1513699699,kol9,CONTESTANT,TESTS,50,264,2764800
902,C,33429411,C++14 (GCC 6-32),WRONG_ANSWER,4445,1513702145,kol9,CONTESTANT,PRETESTS,1,0,2662400
902,C,33431302,C++14 (GCC 6-32),WRONG_ANSWER,5262,1513702962,kol9,CONTESTANT,PRETESTS,4,15,2662400
902,C,33434522,C++14 (GCC 6-32),WRONG_ANSWER,6814,1513704514,kol9,CONTESTANT,PRETESTS,4,15,2662400
902,A,33418062,GNU C++11,CHALLENGED,1126,1513698826,kolay.ne,CONTESTANT,CHALLENGES,8,15,2048000
902,A,33427672,GNU C++11,OK,3757,1513701457,kolay.ne,CONTESTANT,TESTS,55,30,2048000
902,B,33432935,GNU C++11,OK,6082,1513703782,kolay.ne,CONTESTANT,TESTS,50,265,2662400
902,A,33413583,GNU C++11,OK,419,1513698119,kolwot,CONTESTANT,TESTS,55,15,2048000
902,B,33417882,GNU C++11,OK,1098,1513698798,kolwot,CONTESTANT,TESTS,50,46,4096000
902,C,33427326,GNU C++11,WRONG_ANSWER,3636,1513701336,kolwot,CONTESTANT,PRETESTS,1,0,2457600
902,C,33427451,GNU C++11,OK,3675,1513701375,kolwot,CONTESTANT,TESTS,45,343,2457600
902,A,33418508,GNU C++,WRONG_ANSWER,1205,1513698905,kongzhizi,CONTESTANT,PRETESTS,4,15,2048000
902,A,33419179,GNU C++,OK,1346,1513699046,kongzhizi,CONTESTANT,TESTS,55,15,2048000
902,A,33416970,C++14 (GCC 6-32),OK,940,1513698640,kooljais24,CONTESTANT,TESTS,55,15,1945600
902,B,33425596,C++14 (GCC 6-32),OK,3022,1513700722,kooljais24,CONTESTANT,TESTS,50,15,2457600
902,B,33413632,C++14 (GCC 6-32),OK,415,1513698126,kosakkun,CONTESTANT,TESTS,50,46,2457600
902,A,33416483,C++14 (GCC 6-32),OK,854,1513698565,kosakkun,CONTESTANT,TESTS,55,15,1945600
902,C,33421993,C++14 (GCC 6-32),WRONG_ANSWER,1981,1513699691,kosakkun,CONTESTANT,PRETESTS,4,15,1945600
902,C,33424377,C++14 (GCC 6-32),OK,2636,1513700346,kosakkun,CONTESTANT,TESTS,45,140,2355200
902,A,33413459,C++14 (GCC 6-32),WRONG_ANSWER,396,1513698096,kostyayatsok,CONTESTANT,PRETESTS,3,0,1945600
902,A,33413801,C++14 (GCC 6-32),WRONG_ANSWER,455,1513698155,kostyayatsok,CONTESTANT,PRETESTS,3,15,1843200
902,A,33415593,C++14 (GCC 6-32),OK,733,1513698433,kostyayatsok,CONTESTANT,TESTS,55,30,1945600
902,B,33418573,C++14 (GCC 6-32),OK,1217,1513698917,kostyayatsok,CONTESTANT,TESTS,50,15,2662400
902,C,33424090,C++14 (GCC 6-32),OK,2567,1513700267,kostyayatsok,CONTESTANT,TESTS,45,109,5529600
902,D,33432902,C++14 (GCC 6-32),WRONG_ANSWER,6068,1513703768,kostyayatsok,CONTESTANT,PRETESTS,2,0,1945600
902,D,33433157,C++14 (GCC 6-32),WRONG_ANSWER,6186,1513703886,kostyayatsok,CONTESTANT,PRETESTS,2,15,1945600
902,A,33412878,C++14 (GCC 6-32),OK,276,1513697976,kotatsugame,CONTESTANT,TESTS,55,31,1945600
902,B,33416082,C++14 (GCC 6-32),OK,803,1513698503,kotatsugame,CONTESTANT,TESTS,50,31,2355200
902,C,33421459,C++14 (GCC 6-32),SKIPPED,1857,1513699557,kotatsugame,CONTESTANT,PRETESTS,13,78,4505600
902,C,33422036,C++14 (GCC 6-32),OK,2001,1513699701,kotatsugame,CONTESTANT,TESTS,45,93,4505600
902,D,33428453,C++14 (GCC 6-32),WRONG_ANSWER,4054,1513701754,kotatsugame,CONTESTANT,PRETESTS,2,15,1843200
902,D,33430063,C++14 (GCC 6-32),WRONG_ANSWER,4725,1513702425,kotatsugame,CONTESTANT,PRETESTS,3,15,1945600
902,D,33430242,C++14 (GCC 6-32),OK,4797,1513702497,kotatsugame,CONTESTANT,TESTS,150,15,2150400
902,A,33415167,C++14 (GCC 6-32),WRONG_ANSWER,660,1513698370,kowsher66,CONTESTANT,PRETESTS,2,0,1945600
902,A,33416761,C++14 (GCC 6-32),WRONG_ANSWER,899,1513698609,kowsher66,CONTESTANT,PRETESTS,2,15,1843200
902,A,33419573,C++14 (GCC 6-32),WRONG_ANSWER,1416,1513699126,kowsher66,CONTESTANT,PRETESTS,2,0,1945600
902,A,33422274,C++14 (GCC 6-32),CHALLENGED,2047,1513699757,kowsher66,CONTESTANT,CHALLENGES,8,15,1945600
902,A,33417974,GNU C++11,CHALLENGED,1112,1513698812,krantideep95,CONTESTANT,CHALLENGES,8,15,2048000
902,B,33425613,GNU C++11,RUNTIME_ERROR,3027,1513700727,krantideep95,CONTESTANT,PRETESTS,5,15,2355200
902,B,33425856,GNU C++11,OK,3107,1513700807,krantideep95,CONTESTANT,TESTS,50,30,2457600
902,A,33426657,GNU C++11,OK,3383,1513701084,krantideep95,CONTESTANT,TESTS,55,15,2048000
902,A,33415120,C++14 (GCC 6-32),OK,663,1513698363,kratossiddhant,CONTESTANT,TESTS,55,15,1945600
902,B,33427299,C++14 (GCC 6-32),RUNTIME_ERROR,3625,1513701325,kratossiddhant,CONTESTANT,PRETESTS,5,15,1945600
902,B,33428561,C++14 (GCC 6-32),OK,4099,1513701799,kratossiddhant,CONTESTANT,TESTS,50,31,2560000
902,A,33416610,C++14 (GCC 6-32),WRONG_ANSWER,884,1513698584,krifa,CONTESTANT,PRETESTS,2,15,1945600
902,A,33418949,C++14 (GCC 6-32),OK,1296,1513698996,krifa,CONTESTANT,TESTS,55,15,1945600
902,B,33430031,C++14 (GCC 6-32),WRONG_ANSWER,4709,1513702409,krifa,CONTESTANT,PRETESTS,9,15,1945600
902,A,33432414,C++14 (GCC 6-32),WRONG_ANSWER,5810,1513703521,krishna_5,CONTESTANT,PRETESTS,2,0,1945600
902,A,33432545,C++14 (GCC 6-32),WRONG_ANSWER,5881,1513703592,krishna_5,CONTESTANT,PRETESTS,2,15,1843200
902,B,33432614,C++14 (GCC 6-32),OK,5915,1513703626,krishna_5,CONTESTANT,TESTS,50,46,2355200
902,A,33433260,C++14 (GCC 6-32),WRONG_ANSWER,6222,1513703933,krishna_5,CONTESTANT,PRETESTS,2,15,1843200
902,A,33433653,C++14 (GCC 6-32),WRONG_ANSWER,6395,1513704105,krishna_5,CONTESTANT,PRETESTS,2,0,1843200
902,A,33434171,C++14 (GCC 6-32),OK,6645,1513704356,krishna_5,CONTESTANT,TESTS,55,15,1945600
902,A,33413367,GNU C++11,WRONG_ANSWER,368,1513698079,krishna_at,CONTESTANT,PRETESTS,2,15,2048000
902,A,33414734,GNU C++11,OK,591,1513698302,krishna_at,CONTESTANT,TESTS,55,31,2048000
902,B,33420653,GNU C++11,WRONG_ANSWER,1651,1513699362,krishna_at,CONTESTANT,PRETESTS,2,15,4096000
902,B,33423079,GNU C++11,WRONG_ANSWER,2272,1513699983,krishna_at,CONTESTANT,PRETESTS,1,15,4096000
902,B,33423442,GNU C++11,OK,2378,1513700088,krishna_at,CONTESTANT,TESTS,50,31,4403200
902,C,33428256,GNU C++11,WRONG_ANSWER,3966,1513701676,krishna_at,CONTESTANT,PRETESTS,6,15,3276800
902,C,33429145,GNU C++11,WRONG_ANSWER,4326,1513702036,krishna_at,CONTESTANT,PRETESTS,6,15,3276800
902,C,33430925,GNU C++11,OK,5071,1513702782,krishna_at,CONTESTANT,TESTS,45,249,4096000
902,A,33421813,Java 8,WRONG_ANSWER,1932,1513699642,krit_patel,CONTESTANT,PRETESTS,6,139,20992000
902,A,33424204,Java 8,WRONG_ANSWER,2586,1513700296,krit_patel,CONTESTANT,PRETESTS,6,140,20992000
902,A,33426839,Java 8,WRONG_ANSWER,3441,1513701151,krit_patel,CONTESTANT,PRETESTS,2,140,20992000
902,A,33430353,Java 8,WRONG_ANSWER,4831,1513702541,krit_patel,CONTESTANT,PRETESTS,2,140,20992000
902,A,33433442,Java 8,WRONG_ANSWER,6301,1513704012,krit_patel,CONTESTANT,PRETESTS,6,140,20992000
902,A,33412990,C++14 (GCC 6-32),OK,296,1513698007,krzysiek27,CONTESTANT,TESTS,55,15,1945600
902,B,33416406,C++14 (GCC 6-32),OK,840,1513698550,krzysiek27,CONTESTANT,TESTS,50,31,18329600
902,C,33421316,C++14 (GCC 6-32),OK,1812,1513699522,krzysiek27,CONTESTANT,TESTS,45,108,13926400
902,A,33428031,C++14 (GCC 6-32),WRONG_ANSWER,3876,1513701586,ks.pajevic,CONTESTANT,PRETESTS,5,0,1945600
902,A,33428440,C++14 (GCC 6-32),WRONG_ANSWER,4038,1513701748,ks.pajevic,CONTESTANT,PRETESTS,5,15,1843200
902,A,33429956,C++14 (GCC 6-32),WRONG_ANSWER,4666,1513702377,ks.pajevic,CONTESTANT,PRETESTS,5,15,1843200
902,A,33419690,C++14 (GCC 6-32),OK,1436,1513699147,kschrodinger,CONTESTANT,TESTS,55,15,1945600
902,A,33420884,GNU C++,WRONG_ANSWER,1705,1513699416,kshitij1210,CONTESTANT,PRETESTS,2,15,2048000
902,A,33425721,GNU C++,CHALLENGED,3054,1513700764,kshitij1210,CONTESTANT,CHALLENGES,8,15,2048000
902,A,33430264,GNU C++,OK,4793,1513702504,kshitij1210,CONTESTANT,TESTS,55,15,2048000
902,A,33412839,GNU C++,OK,264,1513697964,ksiezniczka_ania,CONTESTANT,TESTS,55,15,2048000
902,B,33416340,GNU C++,OK,842,1513698542,ksiezniczka_ania,CONTESTANT,TESTS,50,31,2560000
902,C,33421551,GNU C++,OK,1882,1513699582,ksiezniczka_ania,CONTESTANT,TESTS,45,249,2457600
902,D,33428191,GNU C++,WRONG_ANSWER,3953,1513701653,ksiezniczka_ania,CONTESTANT,PRETESTS,1,0,2048000
902,D,33432437,GNU C++,OK,5838,1513703538,ksiezniczka_ania,CONTESTANT,TESTS,150,15,2048000
902,A,33413062,GNU C++,OK,322,1513698022,ksohan,CONTESTANT,TESTS,55,15,2048000
902,B,33416129,GNU C++,OK,812,1513698512,ksohan,CONTESTANT,TESTS,50,30,2560000
902,C,33426000,GNU C++,WRONG_ANSWER,3151,1513700851,ksohan,CONTESTANT,PRETESTS,4,15,2457600
902,C,33427516,GNU C++,OK,3704,1513701404,ksohan,CONTESTANT,TESTS,45,124,5120000
902,A,33416956,C++14 (GCC 6-32),WRONG_ANSWER,938,1513698638,ksvcng,CONTESTANT,PRETESTS,2,0,1945600
902,A,33421133,C++14 (GCC 6-32),CHALLENGED,1777,1513699477,ksvcng,CONTESTANT,CHALLENGES,8,15,1945600
902,A,33430123,C++14 (GCC 6-32),WRONG_ANSWER,4753,1513702453,ksvcng,CONTESTANT,PRETESTS,3,15,1945600
902,A,33430866,C++14 (GCC 6-32),COMPILATION_ERROR,5060,1513702760,ksvcng,CONTESTANT,PRETESTS,0,0,0
902,A,33431164,C++14 (GCC 6-32),OK,5198,1513702898,ksvcng,CONTESTANT,TESTS,55,15,1945600
902,A,33413846,GNU C++,OK,462,1513698162,kturishev,CONTESTANT,TESTS,55,30,2048000
902,B,33416979,GNU C++,OK,941,1513698641,kturishev,CONTESTANT,TESTS,50,62,2560000
902,C,33421973,GNU C++,OK,1986,1513699686,kturishev,CONTESTANT,TESTS,45,327,2457600
902,D,33431618,GNU C++,WRONG_ANSWER,5417,1513703117,kturishev,CONTESTANT,PRETESTS,1,15,2048000
902,D,33432573,GNU C++,WRONG_ANSWER,5907,1513703607,kturishev,CONTESTANT,PRETESTS,2,15,2048000
902,A,33415370,C++14 (GCC 6-32),CHALLENGED,702,1513698402,ktvn100,CONTESTANT,CHALLENGES,8,15,1945600
902,B,33419617,C++14 (GCC 6-32),OK,1434,1513699134,ktvn100,CONTESTANT,TESTS,50,15,2457600
902,C,33429478,C++14 (GCC 6-32),OK,4477,1513702177,ktvn100,CONTESTANT,TESTS,45,124,6451200
902,A,33420848,C++14 (GCC 6-32),WRONG_ANSWER,1699,1513699409,ku_cse160219,CONTESTANT,PRETESTS,2,15,1843200
902,A,33426336,C++14 (GCC 6-32),WRONG_ANSWER,3255,1513700965,ku_cse160219,CONTESTANT,PRETESTS,5,15,1945600
902,A,33422703,C++14 (GCC 6-32),OK,2183,1513699883,ku_cse_160230,CONTESTANT,TESTS,55,15,2150400
902,A,33413514,C++14 (GCC 6-32),WRONG_ANSWER,406,1513698106,kuanysh98,CONTESTANT,TESTS,47,15,1945600
902,B,33421393,C++14 (GCC 6-32),OK,1839,1513699539,kuanysh98,CONTESTANT,TESTS,50,46,2560000
902,C,33432375,C++14 (GCC 6-32),WRONG_ANSWER,5797,1513703497,kuanysh98,CONTESTANT,PRETESTS,1,15,7475200
902,C,33432404,C++14 (GCC 6-32),WRONG_ANSWER,5818,1513703518,kuanysh98,CONTESTANT,TESTS,13,109,7475200
902,A,33418011,C++14 (GCC 6-32),RUNTIME_ERROR,1119,1513698819,kubrikk,CONTESTANT,TESTS,9,15,2048000
902,B,33426215,C++14 (GCC 6-32),WRONG_ANSWER,3228,1513700928,kubrikk,CONTESTANT,PRETESTS,2,15,1843200
902,B,33426478,C++14 (GCC 6-32),OK,3314,1513701014,kubrikk,CONTESTANT,TESTS,50,218,2355200
902,C,33431448,C++14 (GCC 6-32),WRONG_ANSWER,5332,1513703032,kubrikk,CONTESTANT,PRETESTS,12,140,2252800
902,C,33431675,C++14 (GCC 6-32),CHALLENGED,5447,1513703147,kubrikk,CONTESTANT,CHALLENGES,13,78,2252800
902,A,33414348,C++14 (GCC 6-32),OK,541,1513698241,kuko-,CONTESTANT,TESTS,55,15,1945600
902,B,33418392,C++14 (GCC 6-32),OK,1183,1513698883,kuko-,CONTESTANT,TESTS,50,31,2560000
902,C,33433316,C++14 (GCC 6-32),WRONG_ANSWER,6254,1513703954,kuko-,CONTESTANT,PRETESTS,3,15,5120000
902,C,33434080,C++14 (GCC 6-32),WRONG_ANSWER,6615,1513704315,kuko-,CONTESTANT,PRETESTS,3,15,5120000
902,C,33434426,C++14 (GCC 6-32),WRONG_ANSWER,6767,1513704467,kuko-,CONTESTANT,PRETESTS,3,15,5120000
902,A,33418110,Java 8,WRONG_ANSWER,1134,1513698834,kukreja-vlk,CONTESTANT,TESTS,41,124,20684800
902,B,33424540,Java 8,OK,2699,1513700399,kukreja-vlk,CONTESTANT,TESTS,50,140,20684800
902,A,33414636,C++14 (GCC 6-32),OK,588,1513698288,kukyo,CONTESTANT,TESTS,55,15,1945600
902,B,33419773,C++14 (GCC 6-32),OK,1461,1513699161,kukyo,CONTESTANT,TESTS,50,234,2457600
902,C,33426250,C++14 (GCC 6-32),RUNTIME_ERROR,3239,1513700939,kukyo,CONTESTANT,TESTS,13,31,3072000
902,A,33418112,C++14 (GCC 6-32),OK,1124,1513698835,kulukamal,CONTESTANT,TESTS,55,15,1945600
902,B,33425907,C++14 (GCC 6-32),MEMORY_LIMIT_EXCEEDED,3112,1513700822,kulukamal,CONTESTANT,TESTS,17,296,268390400
902,C,33433239,C++14 (GCC 6-32),OK,6211,1513703922,kulukamal,CONTESTANT,TESTS,45,187,10137600
902,A,33433304,GNU C,COMPILATION_ERROR,6250,1513703950,kumargaurav93,CONTESTANT,PRETESTS,0,0,0
902,A,33433445,GNU C11,COMPILATION_ERROR,6313,1513704013,kumargaurav93,CONTESTANT,PRETESTS,0,0,0
902,A,33433993,GNU C11,COMPILATION_ERROR,6574,1513704274,kumargaurav93,CONTESTANT,PRETESTS,0,0,0
902,A,33434130,GNU C,COMPILATION_ERROR,6639,1513704339,kumargaurav93,CONTESTANT,PRETESTS,0,0,0
902,A,33434231,GNU C++11,OK,6685,1513704385,kumargaurav93,CONTESTANT,TESTS,55,31,2048000
902,A,33417238,Java 8,RUNTIME_ERROR,988,1513698688,kumarmonu0522,CONTESTANT,PRETESTS,2,140,20992000
902,A,33417679,Java 8,OK,1064,1513698764,kumarmonu0522,CONTESTANT,TESTS,55,155,21094400
902,B,33429810,Java 8,OK,4620,1513702320,kumarmonu0522,CONTESTANT,TESTS,50,155,20787200
902,A,33414798,Java 8,WRONG_ANSWER,613,1513698313,kunal1234,CONTESTANT,PRETESTS,2,109,20684800
902,A,33416677,Java 8,WRONG_ANSWER,894,1513698594,kunal1234,CONTESTANT,PRETESTS,2,124,20582400
902,A,33418823,Java 8,WRONG_ANSWER,1266,1513698966,kunal1234,CONTESTANT,PRETESTS,4,124,20582400
902,A,33421911,Java 8,WRONG_ANSWER,1970,1513699670,kunal1234,CONTESTANT,PRETESTS,4,124,20684800
902,A,33425084,Java 8,OK,2857,1513700557,kunal1234,CONTESTANT,TESTS,55,124,20684800
902,A,33426477,C++14 (GCC 6-32),WRONG_ANSWER,3303,1513701014,kunalsojatia,CONTESTANT,PRETESTS,4,15,1945600
902,A,33427441,C++14 (GCC 6-32),WRONG_ANSWER,3661,1513701371,kunalsojatia,CONTESTANT,PRETESTS,0,0,1843200
902,A,33425773,C++14 (GCC 6-32),WRONG_ANSWER,3080,1513700780,kush_teppalwar,CONTESTANT,PRETESTS,0,15,1945600
902,A,33426153,C++14 (GCC 6-32),WRONG_ANSWER,3205,1513700905,kush_teppalwar,CONTESTANT,PRETESTS,2,0,1843200
902,A,33426283,C++14 (GCC 6-32),WRONG_ANSWER,3248,1513700948,kush_teppalwar,CONTESTANT,PRETESTS,2,15,1843200
902,A,33426779,C++14 (GCC 6-32),WRONG_ANSWER,3427,1513701127,kush_teppalwar,CONTESTANT,PRETESTS,2,0,1945600
902,A,33427359,C++14 (GCC 6-32),WRONG_ANSWER,3645,1513701345,kush_teppalwar,CONTESTANT,PRETESTS,1,0,1843200
902,A,33427593,C++14 (GCC 6-32),WRONG_ANSWER,3729,1513701429,kush_teppalwar,CONTESTANT,PRETESTS,2,0,1945600
902,A,33430571,C++14 (GCC 6-32),WRONG_ANSWER,4933,1513702633,kush_teppalwar,CONTESTANT,PRETESTS,2,15,1843200
902,A,33432687,C++14 (GCC 6-32),WRONG_ANSWER,5958,1513703658,kush_teppalwar,CONTESTANT,PRETESTS,0,0,1843200
902,A,33432908,C++14 (GCC 6-32),WRONG_ANSWER,6069,1513703769,kush_teppalwar,CONTESTANT,PRETESTS,0,0,1843200
902,A,33433174,C++14 (GCC 6-32),WRONG_ANSWER,6194,1513703894,kush_teppalwar,CONTESTANT,PRETESTS,3,15,1843200
902,A,33435099,C++14 (GCC 6-32),WRONG_ANSWER,7034,1513704734,kush_teppalwar,CONTESTANT,PRETESTS,2,15,1843200
902,A,33422763,GNU C++11,OK,2189,1513699899,kushwah_1,CONTESTANT,TESTS,55,15,2048000
902,A,33414956,C++14 (GCC 6-32),OK,639,1513698339,kwachmat,CONTESTANT,TESTS,55,15,1945600
902,B,33422670,C++14 (GCC 6-32),OK,2173,1513699873,kwachmat,CONTESTANT,TESTS,50,15,2457600
902,C,33429552,C++14 (GCC 6-32),RUNTIME_ERROR,4510,1513702210,kwachmat,CONTESTANT,PRETESTS,1,0,1843200
902,C,33430753,C++14 (GCC 6-32),WRONG_ANSWER,5017,1513702717,kwachmat,CONTESTANT,PRETESTS,4,15,1843200
902,A,33415478,GNU C++11,OK,718,1513698418,kwojtas,CONTESTANT,TESTS,55,15,2048000
902,B,33419510,GNU C++11,OK,1410,1513699110,kwojtas,CONTESTANT,TESTS,50,31,2355200
902,C,33424938,GNU C++11,WRONG_ANSWER,2811,1513700511,kwojtas,CONTESTANT,PRETESTS,1,0,2560000
902,C,33432952,GNU C++11,RUNTIME_ERROR,6088,1513703788,kwojtas,CONTESTANT,PRETESTS,12,31,2560000
902,C,33433043,GNU C++11,OK,6131,1513703831,kwojtas,CONTESTANT,TESTS,45,108,2969600
902,D,33434472,GNU C++11,WRONG_ANSWER,6790,1513704491,kwojtas,CONTESTANT,PRETESTS,1,0,2048000
902,A,33414750,C++14 (GCC 6-32),CHALLENGED,593,1513698304,kzvd4729,CONTESTANT,CHALLENGES,8,15,1945600
902,B,33419574,C++14 (GCC 6-32),OK,1416,1513699126,kzvd4729,CONTESTANT,TESTS,50,31,4505600
902,C,33427141,C++14 (GCC 6-32),WRONG_ANSWER,3548,1513701258,kzvd4729,CONTESTANT,PRETESTS,3,0,3481600
902,A,33427878,C++14 (GCC 6-32),OK,3820,1513701531,kzvd4729,CONTESTANT,TESTS,55,15,1945600
902,C,33432009,C++14 (GCC 6-32),WRONG_ANSWER,5610,1513703320,kzvd4729,CONTESTANT,PRETESTS,3,15,3481600
902,C,33432502,C++14 (GCC 6-32),WRONG_ANSWER,5855,1513703566,kzvd4729,CONTESTANT,PRETESTS,4,15,3481600
902,C,33433231,C++14 (GCC 6-32),WRONG_ANSWER,6205,1513703916,kzvd4729,CONTESTANT,PRETESTS,4,15,3481600
902,C,33433961,C++14 (GCC 6-32),WRONG_ANSWER,6547,1513704257,kzvd4729,CONTESTANT,PRETESTS,1,15,5939200
902,C,33434176,C++14 (GCC 6-32),WRONG_ANSWER,6649,1513704359,kzvd4729,CONTESTANT,PRETESTS,4,15,5939200
902,A,33413016,PascalABC.NET,OK,312,1513698012,l-_-l,CONTESTANT,TESTS,55,31,13209600
902,B,33420675,PascalABC.NET,COMPILATION_ERROR,1666,1513699366,l-_-l,CONTESTANT,PRETESTS,0,0,0
902,B,33420811,FPC,OK,1700,1513699400,l-_-l,CONTESTANT,TESTS,50,124,101888000
902,C,33424791,FPC,COMPILATION_ERROR,2770,1513700470,l-_-l,CONTESTANT,PRETESTS,0,0,0
902,C,33425002,PascalABC.NET,WRONG_ANSWER,2830,1513700530,l-_-l,CONTESTANT,PRETESTS,1,46,17203200
902,D,33427821,FPC,WRONG_ANSWER,3810,1513701510,l-_-l,CONTESTANT,PRETESTS,2,0,2252800
902,C,33428231,PascalABC.NET,WRONG_ANSWER,3966,1513701666,l-_-l,CONTESTANT,PRETESTS,1,30,17203200
902,C,33428527,PascalABC.NET,WRONG_ANSWER,4088,1513701788,l-_-l,CONTESTANT,PRETESTS,3,31,17203200
902,C,33428647,PascalABC.NET,WRONG_ANSWER,4140,1513701840,l-_-l,CONTESTANT,PRETESTS,3,46,17203200
902,C,33428833,PascalABC.NET,WRONG_ANSWER,4215,1513701915,l-_-l,CONTESTANT,PRETESTS,3,31,17203200
902,C,33428982,PascalABC.NET,COMPILATION_ERROR,4272,1513701972,l-_-l,CONTESTANT,PRETESTS,0,0,0
902,C,33429115,PascalABC.NET,COMPILATION_ERROR,4323,1513702023,l-_-l,CONTESTANT,PRETESTS,0,0,0
902,C,33429677,PascalABC.NET,WRONG_ANSWER,4561,1513702261,l-_-l,CONTESTANT,PRETESTS,3,30,17305600
902,C,33430594,PascalABC.NET,COMPILATION_ERROR,4945,1513702645,l-_-l,CONTESTANT,PRETESTS,0,0,0
902,C,33430625,PascalABC.NET,WRONG_ANSWER,4961,1513702661,l-_-l,CONTESTANT,PRETESTS,3,15,17203200
902,C,33433342,PascalABC.NET,RUNTIME_ERROR,6268,1513703968,l-_-l,CONTESTANT,PRETESTS,12,46,17408000
902,C,33433731,FPC,COMPILATION_ERROR,6439,1513704139,l-_-l,CONTESTANT,PRETESTS,0,0,0
902,C,33433811,FPC,COMPILATION_ERROR,6473,1513704173,l-_-l,CONTESTANT,PRETESTS,0,0,0
902,C,33434146,PascalABC.NET,WRONG_ANSWER,6647,1513704347,l-_-l,CONTESTANT,PRETESTS,1,31,17203200
902,C,33434287,PascalABC.NET,OK,6710,1513704410,l-_-l,CONTESTANT,TESTS,45,1996,20377600
902,A,33418499,C++14 (GCC 6-32),MEMORY_LIMIT_EXCEEDED,1203,1513698903,lRl,CONTESTANT,PRETESTS,5,499,268390400
902,A,33420544,C++14 (GCC 6-32),WRONG_ANSWER,1636,1513699336,lRl,CONTESTANT,TESTS,47,15,9625600
902,B,33424830,C++14 (GCC 6-32),OK,2780,1513700480,lRl,CONTESTANT,TESTS,50,15,6144000
902,A,33413233,C++14 (GCC 6-32),OK,356,1513698056,l_Love_KFC,CONTESTANT,TESTS,55,15,2662400
902,B,33416331,C++14 (GCC 6-32),OK,841,1513698541,l_Love_KFC,CONTESTANT,TESTS,50,30,3993600
902,C,33422307,C++14 (GCC 6-32),OK,2067,1513699767,l_Love_KFC,CONTESTANT,TESTS,45,78,2662400
902,A,33423262,Python 2,WRONG_ANSWER,2344,1513700044,la_laland,CONTESTANT,PRETESTS,3,61,4505600
902,A,33432092,Python 2,WRONG_ANSWER,5658,1513703358,la_laland,CONTESTANT,PRETESTS,1,46,4505600
902,A,33432464,Python 2,WRONG_ANSWER,5846,1513703546,la_laland,CONTESTANT,PRETESTS,3,46,4505600
902,A,33432994,Python 2,WRONG_ANSWER,6106,1513703806,la_laland,CONTESTANT,PRETESTS,2,46,4505600
902,A,33433059,Python 2,WRONG_ANSWER,6139,1513703839,la_laland,CONTESTANT,PRETESTS,3,46,4608000
902,A,33433156,Python 2,WRONG_ANSWER,6186,1513703886,la_laland,CONTESTANT,PRETESTS,1,61,4505600
902,A,33433279,Python 2,WRONG_ANSWER,6241,1513703941,la_laland,CONTESTANT,PRETESTS,3,46,4608000
902,A,33433572,Python 2,WRONG_ANSWER,6366,1513704066,la_laland,CONTESTANT,PRETESTS,3,46,4608000
902,A,33433654,Python 2,WRONG_ANSWER,6406,1513704106,la_laland,CONTESTANT,PRETESTS,3,46,4505600
902,A,33416588,GNU C,COMPILATION_ERROR,882,1513698582,labi2,CONTESTANT,PRETESTS,0,0,0
902,A,33417141,GNU C,WRONG_ANSWER,971,1513698671,labi2,CONTESTANT,PRETESTS,1,15,1843200
902,A,33418109,GNU C,WRONG_ANSWER,1134,1513698834,labi2,CONTESTANT,PRETESTS,0,0,1843200
902,A,33419003,GNU C,WRONG_ANSWER,1308,1513699008,labi2,CONTESTANT,PRETESTS,0,0,1843200
902,A,33420286,GNU C,WRONG_ANSWER,1576,1513699276,labi2,CONTESTANT,PRETESTS,4,15,1843200
902,A,33423282,GNU C,WRONG_ANSWER,2348,1513700048,labi2,CONTESTANT,PRETESTS,1,0,1843200
902,A,33423471,GNU C,WRONG_ANSWER,2397,1513700097,labi2,CONTESTANT,PRETESTS,4,15,1843200
902,A,33427171,GNU C,WRONG_ANSWER,3573,1513701273,labi2,CONTESTANT,PRETESTS,4,15,1843200
902,A,33429875,GNU C,WRONG_ANSWER,4642,1513702342,labi2,CONTESTANT,PRETESTS,5,15,1843200
902,A,33419313,GNU C++,WRONG_ANSWER,1369,1513699069,labib,CONTESTANT,PRETESTS,2,15,2969600
902,A,33420007,GNU C++,WRONG_ANSWER,1514,1513699214,labib,CONTESTANT,PRETESTS,3,15,2969600
902,A,33420307,GNU C++,OK,1579,1513699279,labib,CONTESTANT,TESTS,55,31,2969600
902,B,33427059,GNU C++,WRONG_ANSWER,3529,1513701229,labib,CONTESTANT,PRETESTS,2,0,2252800
902,B,33431476,GNU C++,OK,5350,1513703050,labib,CONTESTANT,TESTS,50,217,2560000
902,A,33413154,GNU C++11,OK,340,1513698040,laderlappen,CONTESTANT,TESTS,55,15,2457600
902,B,33416526,GNU C++11,OK,871,1513698571,laderlappen,CONTESTANT,TESTS,50,31,4403200
902,C,33422719,GNU C++11,OK,2187,1513699887,laderlappen,CONTESTANT,TESTS,45,109,2867200
902,D,33432480,GNU C++11,WRONG_ANSWER,5854,1513703554,laderlappen,CONTESTANT,PRETESTS,0,0,2662400
902,B,33418005,GNU C++11,OK,1118,1513698818,lahm07,CONTESTANT,TESTS,50,46,5017600
902,A,33421156,GNU C++11,OK,1784,1513699484,lahm07,CONTESTANT,TESTS,55,30,2048000
902,C,33428783,GNU C++11,OK,4194,1513701894,lahm07,CONTESTANT,TESTS,45,343,6860800
902,A,33413027,GNU C++,WRONG_ANSWER,303,1513698014,lajiyuan,CONTESTANT,PRETESTS,3,15,2048000
902,A,33414080,GNU C++,OK,491,1513698201,lajiyuan,CONTESTANT,TESTS,55,15,2048000
902,B,33422165,GNU C++,MEMORY_LIMIT_EXCEEDED,2019,1513699730,lajiyuan,CONTESTANT,PRETESTS,0,0,268390400
902,B,33422699,GNU C++,WRONG_ANSWER,2170,1513699881,lajiyuan,CONTESTANT,PRETESTS,9,15,2457600
902,C,33424884,GNU C++,WRONG_ANSWER,2784,1513700494,lajiyuan,CONTESTANT,PRETESTS,0,0,2355200
902,B,33424991,GNU C++,OK,2816,1513700527,lajiyuan,CONTESTANT,TESTS,50,30,2457600
902,C,33431999,GNU C++,OK,5608,1513703318,lajiyuan,CONTESTANT,TESTS,45,233,2457600
902,A,33426711,C++14 (GCC 6-32),WRONG_ANSWER,3404,1513701104,lana_og,CONTESTANT,PRETESTS,2,15,1945600
902,A,33427082,C++14 (GCC 6-32),WRONG_ANSWER,3538,1513701238,lana_og,CONTESTANT,PRETESTS,2,15,1945600
902,A,33427417,C++14 (GCC 6-32),WRONG_ANSWER,3663,1513701363,lana_og,CONTESTANT,PRETESTS,2,0,1945600
902,A,33427595,C++14 (GCC 6-32),WRONG_ANSWER,3729,1513701429,lana_og,CONTESTANT,PRETESTS,3,15,1843200
902,A,33428849,C++14 (GCC 6-32),WRONG_ANSWER,4220,1513701920,lana_og,CONTESTANT,PRETESTS,3,15,1945600
902,A,33429435,C++14 (GCC 6-32),OK,4457,1513702157,lana_og,CONTESTANT,TESTS,55,15,1945600
902,A,33414730,C++14 (GCC 6-32),WRONG_ANSWER,602,1513698302,lane,CONTESTANT,PRETESTS,3,15,1945600
902,A,33416409,C++14 (GCC 6-32),WRONG_ANSWER,851,1513698551,lane,CONTESTANT,PRETESTS,3,15,1843200
902,A,33419842,C++14 (GCC 6-32),WRONG_ANSWER,1476,1513699176,lane,CONTESTANT,PRETESTS,3,15,1843200
902,A,33423320,C++14 (GCC 6-32),OK,2346,1513700057,lane,CONTESTANT,TESTS,55,15,2150400
902,B,33426474,C++14 (GCC 6-32),OK,3302,1513701013,lane,CONTESTANT,TESTS,50,31,2764800
902,A,33412976,GNU C++11,OK,304,1513698004,lanpang,CONTESTANT,TESTS,55,15,2048000
902,B,33417781,GNU C++11,OK,1081,1513698781,lanpang,CONTESTANT,TESTS,50,15,2457600
902,C,33422429,GNU C++11,OK,2106,1513699806,lanpang,CONTESTANT,TESTS,45,124,2867200
902,D,33431165,GNU C++11,WRONG_ANSWER,5200,1513702900,lanpang,CONTESTANT,PRETESTS,1,0,2048000
902,D,33435617,GNU C++11,WRONG_ANSWER,7187,1513704887,lanpang,CONTESTANT,PRETESTS,1,15,2048000
902,A,33414157,C++14 (GCC 6-32),WRONG_ANSWER,512,1513698212,larin,CONTESTANT,PRETESTS,2,15,2048000
902,A,33414806,C++14 (GCC 6-32),WRONG_ANSWER,615,1513698315,larin,CONTESTANT,PRETESTS,2,15,2048000
902,A,33416637,C++14 (GCC 6-32),WRONG_ANSWER,888,1513698588,larin,CONTESTANT,PRETESTS,2,15,2048000
902,A,33417570,C++14 (GCC 6-32),OK,1044,1513698744,larin,CONTESTANT,TESTS,55,15,2048000
902,A,33416534,GNU C++11,WRONG_ANSWER,873,1513698573,larra,CONTESTANT,PRETESTS,4,15,2048000
902,A,33417933,GNU C++11,WRONG_ANSWER,1106,1513698806,larra,CONTESTANT,PRETESTS,4,0,2048000
902,A,33423011,GNU C++11,WRONG_ANSWER,2262,1513699962,larra,CONTESTANT,PRETESTS,4,15,2048000
902,A,33423550,GNU C++11,WRONG_ANSWER,2420,1513700120,larra,CONTESTANT,PRETESTS,4,15,2048000
902,A,33425602,GNU C++11,WRONG_ANSWER,3024,1513700724,larra,CONTESTANT,PRETESTS,4,15,2048000
902,A,33417547,Python 3,WRONG_ANSWER,1040,1513698740,larryboy825,CONTESTANT,PRETESTS,2,61,5529600
902,A,33418774,Python 3,OK,1257,1513698957,larryboy825,CONTESTANT,TESTS,55,62,5529600
902,B,33423684,Python 3,WRONG_ANSWER,2457,1513700157,larryboy825,CONTESTANT,PRETESTS,2,61,5529600
902,B,33424785,Python 3,WRONG_ANSWER,2768,1513700468,larryboy825,CONTESTANT,PRETESTS,0,46,5529600
902,B,33424972,Python 3,OK,2821,1513700521,larryboy825,CONTESTANT,TESTS,50,77,6553600
902,C,33429224,Python 3,OK,4366,1513702066,larryboy825,CONTESTANT,TESTS,45,467,22118400
902,A,33421445,GNU C++11,WRONG_ANSWER,1853,1513699553,latawiec,CONTESTANT,PRETESTS,2,15,2048000
902,A,33422736,GNU C++11,WRONG_ANSWER,2191,1513699891,latawiec,CONTESTANT,PRETESTS,4,15,2048000
902,A,33424320,GNU C++11,WRONG_ANSWER,2630,1513700330,latawiec,CONTESTANT,PRETESTS,4,15,2048000
902,A,33426976,GNU C++11,WRONG_ANSWER,3495,1513701195,latawiec,CONTESTANT,PRETESTS,4,15,2048000
902,A,33428216,GNU C++11,WRONG_ANSWER,3962,1513701662,latawiec,CONTESTANT,PRETESTS,1,0,2048000
902,A,33428501,GNU C++11,OK,4076,1513701776,latawiec,CONTESTANT,TESTS,55,15,2048000
902,A,33417660,GNU C++,WRONG_ANSWER,1061,1513698761,late_commer,CONTESTANT,PRETESTS,2,15,2048000
902,A,33421651,GNU C++11,WRONG_ANSWER,1903,1513699603,late_riser,CONTESTANT,PRETESTS,1,15,2048000
902,A,33414862,PyPy 2,OK,625,1513698325,latsyrc1123,CONTESTANT,TESTS,55,77,21401600
902,C,33424598,PyPy 2,OK,2714,1513700414,latsyrc1123,CONTESTANT,TESTS,45,155,38400000
902,B,33428464,PyPy 2,OK,4057,1513701757,latsyrc1123,CONTESTANT,TESTS,50,77,22323200
902,D,33432596,PyPy 2,WRONG_ANSWER,5916,1513703616,latsyrc1123,CONTESTANT,PRETESTS,2,62,21196800
902,D,33433390,PyPy 2,OK,6289,1513703989,latsyrc1123,CONTESTANT,TESTS,150,93,22425600
902,A,33422310,C++14 (GCC 6-32),WRONG_ANSWER,2057,1513699768,lav.vj,CONTESTANT,PRETESTS,2,15,1843200
902,A,33424172,C++14 (GCC 6-32),WRONG_ANSWER,2579,1513700290,lav.vj,CONTESTANT,PRETESTS,3,0,1843200
902,A,33426863,C++14 (GCC 6-32),CHALLENGED,3447,1513701158,lav.vj,CONTESTANT,CHALLENGES,8,15,1945600
902,A,33428523,GNU C,WRONG_ANSWER,4085,1513701786,lavanya.mudunuri,CONTESTANT,PRETESTS,1,15,1843200
902,A,33428987,GNU C,WRONG_ANSWER,4275,1513701975,lavanya.mudunuri,CONTESTANT,PRETESTS,0,15,1843200
902,A,33412964,C++14 (GCC 6-32),WRONG_ANSWER,291,1513698002,lavina_jain,CONTESTANT,PRETESTS,1,0,1945600
902,A,33413625,C++14 (GCC 6-32),OK,414,1513698125,lavina_jain,CONTESTANT,TESTS,55,30,1945600
902,B,33419423,C++14 (GCC 6-32),OK,1382,1513699092,lavina_jain,CONTESTANT,TESTS,50,15,2457600
902,C,33427638,C++14 (GCC 6-32),WRONG_ANSWER,3732,1513701442,lavina_jain,CONTESTANT,PRETESTS,4,15,8294400
902,C,33428265,C++14 (GCC 6-32),OK,3969,1513701680,lavina_jain,CONTESTANT,TESTS,45,109,8294400
902,A,33415234,C++14 (GCC 6-32),WRONG_ANSWER,681,1513698381,laxman,CONTESTANT,PRETESTS,2,15,1843200
902,A,33419263,C++14 (GCC 6-32),WRONG_ANSWER,1362,1513699062,laxman,CONTESTANT,PRETESTS,2,0,1945600
902,A,33423563,C++14 (GCC 6-32),WRONG_ANSWER,2423,1513700123,laxman,CONTESTANT,PRETESTS,4,15,1843200
902,A,33425418,C++14 (GCC 6-32),OK,2967,1513700667,laxman,CONTESTANT,TESTS,55,15,1945600
902,A,33415850,C++14 (GCC 6-32),WRONG_ANSWER,760,1513698471,lazyBook,CONTESTANT,PRETESTS,1,0,1843200
902,A,33421571,C++14 (GCC 6-32),OK,1876,1513699587,lazyBook,CONTESTANT,TESTS,55,15,1843200
902,B,33424319,C++14 (GCC 6-32),WRONG_ANSWER,2620,1513700330,lazyBook,CONTESTANT,PRETESTS,9,15,2355200
902,B,33425700,C++14 (GCC 6-32),OK,3046,1513700757,lazyBook,CONTESTANT,TESTS,50,218,2457600
902,C,33430972,C++14 (GCC 6-32),WRONG_ANSWER,5097,1513702807,lazyBook,CONTESTANT,PRETESTS,3,15,3072000
902,C,33432434,C++14 (GCC 6-32),WRONG_ANSWER,5826,1513703536,lazyBook,CONTESTANT,PRETESTS,3,15,3072000
902,C,33433935,C++14 (GCC 6-32),WRONG_ANSWER,6529,1513704240,lazyBook,CONTESTANT,PRETESTS,3,15,3072000
902,C,33434979,C++14 (GCC 6-32),WRONG_ANSWER,6985,1513704695,lazyBook,CONTESTANT,PRETESTS,3,15,3072000
902,A,33417507,GNU C++,WRONG_ANSWER,1033,1513698733,lazy_coder001,CONTESTANT,PRETESTS,2,15,2048000
902,A,33420031,GNU C++,CHALLENGED,1519,1513699219,lazy_coder001,CONTESTANT,CHALLENGES,8,15,2048000
902,A,33426181,GNU C++,OK,3215,1513700915,lazy_coder001,CONTESTANT,TESTS,55,15,2048000
902,B,33427805,GNU C++,OK,3807,1513701507,lazy_coder001,CONTESTANT,TESTS,50,31,2355200
902,A,33416715,C++14 (GCC 6-32),WRONG_ANSWER,902,1513698602,lazycodern,CONTESTANT,PRETESTS,2,15,1945600
902,A,33419787,C++14 (GCC 6-32),WRONG_ANSWER,1465,1513699165,lazycodern,CONTESTANT,PRETESTS,2,15,1945600
902,C,33420527,Kotlin 1.4,WRONG_ANSWER,1622,1513699332,ldt116,CONTESTANT,PRETESTS,1,109,20787200
902,C,33421326,Kotlin 1.4,RUNTIME_ERROR,1814,1513699524,ldt116,CONTESTANT,PRETESTS,5,124,20787200
902,C,33421897,Kotlin 1.4,RUNTIME_ERROR,1956,1513699666,ldt116,CONTESTANT,PRETESTS,5,124,20787200
902,C,33423317,Kotlin 1.4,OK,2346,1513700056,ldt116,CONTESTANT,TESTS,45,248,31436800
902,B,33433983,Kotlin 1.4,WRONG_ANSWER,6559,1513704269,ldt116,CONTESTANT,PRETESTS,0,108,20787200
902,B,33434321,Kotlin 1.4,OK,6711,1513704422,ldt116,CONTESTANT,TESTS,50,155,21094400
902,A,33435291,Kotlin 1.4,OK,7092,1513704802,ldt116,CONTESTANT,TESTS,55,140,20787200
902,A,33413762,GNU C++11,OK,438,1513698149,leaf1415,CONTESTANT,TESTS,55,30,2048000
902,B,33419564,GNU C++11,OK,1414,1513699125,leaf1415,CONTESTANT,TESTS,50,46,2560000
902,C,33426203,GNU C++11,WRONG_ANSWER,3212,1513700922,leaf1415,CONTESTANT,PRETESTS,1,0,3686400
902,C,33427581,GNU C++11,OK,3713,1513701423,leaf1415,CONTESTANT,TESTS,45,296,3686400
902,A,33416012,GNU C++11,TIME_LIMIT_EXCEEDED,782,1513698493,leduclong11,CONTESTANT,TESTS,13,1000,2150400
902,B,33421417,GNU C++11,OK,1835,1513699545,leduclong11,CONTESTANT,TESTS,50,31,2560000
902,C,33429280,GNU C++11,RUNTIME_ERROR,4379,1513702089,leduclong11,CONTESTANT,PRETESTS,12,15,3993600
902,C,33429426,GNU C++11,OK,4442,1513702152,leduclong11,CONTESTANT,TESTS,45,234,5632000
902,A,33412895,FPC,OK,273,1513697983,leduythuc,CONTESTANT,TESTS,55,15,1638400
902,B,33415391,FPC,WRONG_ANSWER,694,1513698405,leduythuc,CONTESTANT,PRETESTS,2,15,1945600
902,B,33417438,FPC,OK,1009,1513698720,leduythuc,CONTESTANT,TESTS,50,30,1945600
902,C,33422566,FPC,WRONG_ANSWER,2132,1513699842,leduythuc,CONTESTANT,PRETESTS,4,15,2048000
902,C,33423243,FPC,WRONG_ANSWER,2330,1513700040,leduythuc,CONTESTANT,PRETESTS,1,15,2048000
902,C,33423377,FPC,WRONG_ANSWER,2363,1513700073,leduythuc,CONTESTANT,PRETESTS,4,15,2048000
902,C,33423819,FPC,OK,2484,1513700195,leduythuc,CONTESTANT,TESTS,45,732,2048000
902,D,33426441,FPC,WRONG_ANSWER,3291,1513701002,leduythuc,CONTESTANT,PRETESTS,0,15,1638400
902,D,33428134,FPC,WRONG_ANSWER,3921,1513701631,leduythuc,CONTESTANT,PRETESTS,2,0,1638400
902,D,33428500,FPC,WRONG_ANSWER,4066,1513701776,leduythuc,CONTESTANT,PRETESTS,2,15,1638400
902,A,33413068,C++14 (GCC 6-32),WRONG_ANSWER,323,1513698023,leekaling,CONTESTANT,PRETESTS,0,0,1843200
902,A,33413369,C++14 (GCC 6-32),WRONG_ANSWER,379,1513698079,leekaling,CONTESTANT,PRETESTS,2,15,1945600
902,A,33413792,C++14 (GCC 6-32),WRONG_ANSWER,453,1513698153,leekaling,CONTESTANT,PRETESTS,2,15,1843200
902,A,33414313,C++14 (GCC 6-32),WRONG_ANSWER,535,1513698235,leekaling,CONTESTANT,PRETESTS,2,15,1843200
902,A,33415149,C++14 (GCC 6-32),WRONG_ANSWER,667,1513698367,leekaling,CONTESTANT,PRETESTS,2,15,1945600
902,A,33421775,C++14 (GCC 6-32),WRONG_ANSWER,1935,1513699635,leekaling,CONTESTANT,PRETESTS,1,0,1843200
902,A,33421962,C++14 (GCC 6-32),WRONG_ANSWER,1983,1513699683,leekaling,CONTESTANT,PRETESTS,2,15,1843200
902,A,33422916,C++14 (GCC 6-32),WRONG_ANSWER,2240,1513699940,leekaling,CONTESTANT,PRETESTS,4,0,1945600
902,A,33424434,C++14 (GCC 6-32),WRONG_ANSWER,2667,1513700367,leekaling,CONTESTANT,PRETESTS,1,15,1843200
902,A,33424779,C++14 (GCC 6-32),OK,2767,1513700467,leekaling,CONTESTANT,TESTS,55,15,1945600
902,C,33433122,C++14 (GCC 6-32),OK,6168,1513703868,leekaling,CONTESTANT,TESTS,45,155,5632000
902,B,33434180,C++14 (GCC 6-32),OK,6662,1513704362,leekaling,CONTESTANT,TESTS,50,46,1945600
902,A,33426439,Java 8,WRONG_ANSWER,3301,1513701001,leftwing,CONTESTANT,PRETESTS,2,140,20992000
902,A,33428690,Java 8,WRONG_ANSWER,4157,1513701857,leftwing,CONTESTANT,PRETESTS,2,140,20992000
902,A,33435274,Java 8,WRONG_ANSWER,7095,1513704795,leftwing,CONTESTANT,PRETESTS,2,140,20992000
902,A,33413978,C++14 (GCC 6-32),WRONG_ANSWER,485,1513698185,legendary-grandmaster,CONTESTANT,PRETESTS,2,0,1843200
902,A,33414886,C++14 (GCC 6-32),WRONG_ANSWER,628,1513698328,legendary-grandmaster,CONTESTANT,PRETESTS,2,0,1843200
902,A,33416666,C++14 (GCC 6-32),WRONG_ANSWER,892,1513698592,legendary-grandmaster,CONTESTANT,PRETESTS,1,15,1843200
902,A,33417001,C++14 (GCC 6-32),WRONG_ANSWER,944,1513698644,legendary-grandmaster,CONTESTANT,PRETESTS,3,15,1945600
902,A,33418866,C++14 (GCC 6-32),WRONG_ANSWER,1278,1513698978,legendary-grandmaster,CONTESTANT,PRETESTS,3,15,1945600
902,A,33420756,C++14 (GCC 6-32),WRONG_ANSWER,1687,1513699387,legendary-grandmaster,CONTESTANT,PRETESTS,4,15,1945600
902,A,33422748,C++14 (GCC 6-32),WRONG_ANSWER,2196,1513699896,legendary-grandmaster,CONTESTANT,PRETESTS,1,15,1843200
902,A,33423164,C++14 (GCC 6-32),WRONG_ANSWER,2312,1513700012,legendary-grandmaster,CONTESTANT,PRETESTS,4,15,1945600
902,A,33424659,C++14 (GCC 6-32),WRONG_ANSWER,2732,1513700432,legendary-grandmaster,CONTESTANT,PRETESTS,4,15,1843200
902,A,33420170,Python 3,WRONG_ANSWER,1550,1513699250,lehuhel,CONTESTANT,PRETESTS,2,46,5529600
902,A,33420778,Python 3,WRONG_ANSWER,1694,1513699394,lehuhel,CONTESTANT,PRETESTS,2,46,5529600
902,A,33421387,Python 3,WRONG_ANSWER,1839,1513699539,lehuhel,CONTESTANT,PRETESTS,2,46,5529600
902,A,33421858,Python 3,RUNTIME_ERROR,1955,1513699655,lehuhel,CONTESTANT,PRETESTS,0,46,5529600
902,A,33422189,Python 3,WRONG_ANSWER,2035,1513699735,lehuhel,CONTESTANT,TESTS,41,62,5529600
902,A,33412938,GNU C++,OK,284,1513697995,lekhang123lc,CONTESTANT,TESTS,55,15,2048000
902,B,33417450,GNU C++,OK,1013,1513698723,lekhang123lc,CONTESTANT,TESTS,50,31,2560000
902,C,33427767,GNU C++,WRONG_ANSWER,3782,1513701493,lekhang123lc,CONTESTANT,PRETESTS,8,15,4505600
902,C,33428172,GNU C++,OK,3936,1513701647,lekhang123lc,CONTESTANT,TESTS,45,264,4505600
902,D,33433833,GNU C++,WRONG_ANSWER,6475,1513704186,lekhang123lc,CONTESTANT,PRETESTS,0,0,2048000
902,A,33412852,GNU C++11,WRONG_ANSWER,268,1513697968,lentti,CONTESTANT,PRETESTS,2,15,2048000
902,A,33413200,GNU C++11,CHALLENGED,349,1513698049,lentti,CONTESTANT,CHALLENGES,8,15,2048000
902,B,33422094,GNU C++11,TIME_LIMIT_EXCEEDED,2011,1513699711,lentti,CONTESTANT,TESTS,14,1000,2457600
902,C,33428493,GNU C++11,WRONG_ANSWER,4071,1513701771,lentti,CONTESTANT,PRETESTS,1,15,2048000
902,C,33429789,GNU C++11,WRONG_ANSWER,4609,1513702309,lentti,CONTESTANT,PRETESTS,1,0,2048000
902,C,33430087,GNU C++11,OK,4739,1513702439,lentti,CONTESTANT,TESTS,45,342,3072000
902,A,33433416,GNU C++11,CHALLENGED,6301,1513704001,lentti,CONTESTANT,CHALLENGES,8,15,2048000
902,A,33412935,C++14 (GCC 6-32),WRONG_ANSWER,283,1513697993,leo_kondrashov,CONTESTANT,PRETESTS,3,15,1945600
902,A,33415026,C++14 (GCC 6-32),WRONG_ANSWER,640,1513698351,leo_kondrashov,CONTESTANT,PRETESTS,3,15,1843200
902,A,33415499,C++14 (GCC 6-32),WRONG_ANSWER,711,1513698422,leo_kondrashov,CONTESTANT,PRETESTS,3,15,1843200
902,B,33420354,C++14 (GCC 6-32),OK,1578,1513699289,leo_kondrashov,CONTESTANT,TESTS,50,46,1945600
902,C,33425737,C++14 (GCC 6-32),WRONG_ANSWER,3058,1513700768,leo_kondrashov,CONTESTANT,PRETESTS,6,15,1945600
902,D,33431280,C++14 (GCC 6-32),WRONG_ANSWER,5242,1513702953,leo_kondrashov,CONTESTANT,PRETESTS,3,15,1945600
902,A,33417756,GNU C++11,OK,1076,1513698776,leogaldino,CONTESTANT,TESTS,55,15,2048000
902,B,33427274,GNU C++11,OK,3614,1513701314,leogaldino,CONTESTANT,TESTS,50,15,2764800
902,C,33432621,GNU C++11,OK,5930,1513703630,leogaldino,CONTESTANT,TESTS,45,108,2457600
902,A,33414757,GNU C++,WRONG_ANSWER,594,1513698305,leon_ldy,CONTESTANT,PRETESTS,0,0,1843200
902,A,33416390,GNU C++,OK,838,1513698549,leon_ldy,CONTESTANT,TESTS,55,15,1843200
902,A,33419721,GNU C++11,WRONG_ANSWER,1452,1513699152,leonardo.21081996,CONTESTANT,PRETESTS,2,15,2048000
902,A,33421438,GNU C++11,OK,1851,1513699551,leonardo.21081996,CONTESTANT,TESTS,55,15,2048000
902,B,33425675,GNU C++11,OK,3047,1513700747,leonardo.21081996,CONTESTANT,TESTS,50,234,2457600
902,C,33430950,GNU C++11,OK,5090,1513702790,leonardo.21081996,CONTESTANT,TESTS,45,327,3072000
902,A,33417059,MS C#,WRONG_ANSWER,955,1513698655,leonidvasilyev,CONTESTANT,PRETESTS,1,61,11571200
902,A,33417531,MS C#,OK,1038,1513698738,leonidvasilyev,CONTESTANT,TESTS,55,62,11673600
902,B,33424714,MS C#,OK,2747,1513700447,leonidvasilyev,CONTESTANT,TESTS,50,62,13824000
902,C,33429368,MS C#,OK,4425,1513702125,leonidvasilyev,CONTESTANT,TESTS,45,155,30310400
902,A,33413201,GNU C++,OK,349,1513698049,leonxun,CONTESTANT,TESTS,55,30,2048000
902,B,33416365,GNU C++,OK,845,1513698545,leonxun,CONTESTANT,TESTS,50,31,2355200
902,C,33424410,GNU C++,OK,2659,1513700359,leonxun,CONTESTANT,TESTS,45,140,16179200
902,A,33414523,Python 3,WRONG_ANSWER,560,1513698271,leoza,CONTESTANT,PRETESTS,4,62,5529600
902,A,33416275,Python 3,OK,822,1513698533,leoza,CONTESTANT,TESTS,55,62,5529600
902,B,33422446,Python 3,RUNTIME_ERROR,2101,1513699811,leoza,CONTESTANT,TESTS,17,139,9216000
902,C,33429881,Python 3,OK,4634,1513702345,leoza,CONTESTANT,TESTS,45,545,13926400
902,A,33413787,GNU C++11,OK,442,1513698153,lerka,CONTESTANT,TESTS,55,15,2048000
902,B,33417554,GNU C++11,OK,1030,1513698741,lerka,CONTESTANT,TESTS,50,46,2560000
902,C,33425639,GNU C++11,WRONG_ANSWER,3024,1513700734,lerka,CONTESTANT,PRETESTS,3,0,2457600
902,C,33426947,GNU C++11,OK,3476,1513701187,lerka,CONTESTANT,TESTS,45,312,2457600
902,A,33427711,GNU C++11,WRONG_ANSWER,3773,1513701473,less_or_equal,CONTESTANT,PRETESTS,2,0,2048000
902,A,33428260,GNU C++11,WRONG_ANSWER,3978,1513701678,less_or_equal,CONTESTANT,PRETESTS,2,15,2048000
902,A,33428517,GNU C++11,WRONG_ANSWER,4082,1513701782,less_or_equal,CONTESTANT,PRETESTS,2,15,2048000
902,A,33428938,GNU C++11,WRONG_ANSWER,4253,1513701953,less_or_equal,CONTESTANT,PRETESTS,2,15,2048000
902,A,33430896,GNU C++11,CHALLENGED,5072,1513702772,less_or_equal,CONTESTANT,CHALLENGES,8,0,2048000
902,A,33412866,GNU C++,WRONG_ANSWER,273,1513697973,lesswrong,CONTESTANT,PRETESTS,4,15,3686400
902,A,33414273,GNU C++,WRONG_ANSWER,529,1513698229,lesswrong,CONTESTANT,PRETESTS,4,15,5324800
902,B,33417736,GNU C++,OK,1073,1513698773,lesswrong,CONTESTANT,TESTS,50,31,7987200
902,C,33425682,GNU C++,WRONG_ANSWER,3050,1513700750,lesswrong,CONTESTANT,PRETESTS,1,0,6860800
902,C,33427240,GNU C++,OK,3599,1513701299,lesswrong,CONTESTANT,TESTS,45,280,6860800
902,A,33427731,GNU C++,OK,3782,1513701482,lesswrong,CONTESTANT,TESTS,55,15,3686400
902,A,33414456,C++14 (GCC 6-32),WRONG_ANSWER,560,1513698260,letmeC,CONTESTANT,TESTS,11,15,1945600
902,B,33420376,C++14 (GCC 6-32),WRONG_ANSWER,1595,1513699295,letmeC,CONTESTANT,PRETESTS,9,15,2355200
902,B,33421079,C++14 (GCC 6-32),WRONG_ANSWER,1764,1513699464,letmeC,CONTESTANT,PRETESTS,0,15,1945600
902,B,33421882,C++14 (GCC 6-32),WRONG_ANSWER,1960,1513699660,letmeC,CONTESTANT,PRETESTS,9,15,2560000
902,B,33423878,C++14 (GCC 6-32),WRONG_ANSWER,2510,1513700210,letmeC,CONTESTANT,PRETESTS,0,0,1843200
902,B,33424039,C++14 (GCC 6-32),OK,2555,1513700255,letmeC,CONTESTANT,TESTS,50,30,2560000
902,C,33430457,C++14 (GCC 6-32),WRONG_ANSWER,4885,1513702585,letmeC,CONTESTANT,PRETESTS,1,15,1843200
902,C,33431505,C++14 (GCC 6-32),WRONG_ANSWER,5365,1513703065,letmeC,CONTESTANT,PRETESTS,1,15,1843200
902,C,33432157,C++14 (GCC 6-32),WRONG_ANSWER,5692,1513703392,letmeC,CONTESTANT,PRETESTS,3,0,1843200
902,C,33432228,C++14 (GCC 6-32),WRONG_ANSWER,5726,1513703426,letmeC,CONTESTANT,PRETESTS,3,0,1843200
902,C,33432283,C++14 (GCC 6-32),WRONG_ANSWER,5757,1513703457,letmeC,CONTESTANT,PRETESTS,3,0,1945600
902,D,33430170,GNU C++11,WRONG_ANSWER,4771,1513702471,lets.see,CONTESTANT,PRETESTS,0,0,2048000
902,D,33430253,GNU C++11,WRONG_ANSWER,4800,1513702500,lets.see,CONTESTANT,PRETESTS,2,15,2048000
902,A,33413250,GNU C++11,OK,348,1513698059,levi_ackerman,CONTESTANT,TESTS,55,15,2150400
902,B,33420993,GNU C++11,SKIPPED,1731,1513699442,levi_ackerman,CONTESTANT,PRETESTS,10,31,4710400
902,B,33420999,GNU C++11,SKIPPED,1733,1513699444,levi_ackerman,CONTESTANT,PRETESTS,10,31,4710400
902,B,33421012,GNU C++11,OK,1737,1513699448,levi_ackerman,CONTESTANT,TESTS,50,46,4812800
902,C,33428421,GNU C++11,WRONG_ANSWER,4032,1513701743,levi_ackerman,CONTESTANT,PRETESTS,0,0,4812800
902,C,33428855,GNU C++11,WRONG_ANSWER,4211,1513701922,levi_ackerman,CONTESTANT,PRETESTS,3,15,4915200
902,A,33414125,GNU C,COMPILATION_ERROR,507,1513698207,lewistran,CONTESTANT,PRETESTS,0,0,0
902,A,33414984,GNU C,COMPILATION_ERROR,644,1513698344,lewistran,CONTESTANT,PRETESTS,0,0,0
902,A,33417264,C++14 (GCC 6-32),WRONG_ANSWER,992,1513698692,lewistran,CONTESTANT,PRETESTS,4,15,1945600
902,A,33418742,C++14 (GCC 6-32),WRONG_ANSWER,1251,1513698951,lewistran,CONTESTANT,PRETESTS,3,15,1945600
902,A,33419209,C++14 (GCC 6-32),CHALLENGED,1351,1513699051,lewistran,CONTESTANT,CHALLENGES,8,15,1945600
902,B,33423569,C++14 (GCC 6-32),OK,2424,1513700124,lewistran,CONTESTANT,TESTS,50,31,2457600
902,A,33426304,C++14 (GCC 6-32),WRONG_ANSWER,3255,1513700955,lewistran,CONTESTANT,CHALLENGES,0,15,1945600
902,A,33426963,C++14 (GCC 6-32),OK,3491,1513701191,lewistran,CONTESTANT,TESTS,55,15,1945600
902,C,33429537,C++14 (GCC 6-32),OK,4503,1513702203,lewistran,CONTESTANT,TESTS,45,93,7270400
902,A,33419899,GNU C++,WRONG_ANSWER,1490,1513699190,lhagva_1023,CONTESTANT,PRETESTS,2,0,2048000
902,A,33423255,GNU C++,WRONG_ANSWER,2342,1513700042,lhagva_1023,CONTESTANT,PRETESTS,2,15,2150400
902,B,33431707,GNU C++,WRONG_ANSWER,5465,1513703165,lhagva_1023,CONTESTANT,PRETESTS,3,15,2048000
902,A,33435006,GNU C++,COMPILATION_ERROR,7005,1513704705,lhagva_1023,CONTESTANT,PRETESTS,0,0,0
902,A,33418542,C++14 (GCC 6-32),WRONG_ANSWER,1212,1513698912,licong0558,CONTESTANT,PRETESTS,2,15,1843200
902,A,33419292,C++14 (GCC 6-32),WRONG_ANSWER,1366,1513699066,licong0558,CONTESTANT,PRETESTS,2,15,1945600
902,A,33420414,C++14 (GCC 6-32),OK,1605,1513699305,licong0558,CONTESTANT,TESTS,55,15,1945600
902,B,33424262,C++14 (GCC 6-32),OK,2613,1513700313,licong0558,CONTESTANT,TESTS,50,30,2457600
902,C,33431829,C++14 (GCC 6-32),OK,5533,1513703233,licong0558,CONTESTANT,TESTS,45,93,6656000
902,A,33413972,Java 8,OK,484,1513698184,lifeiteng,CONTESTANT,TESTS,55,155,21094400
902,B,33422242,Java 8,TIME_LIMIT_EXCEEDED,2048,1513699748,lifeiteng,CONTESTANT,TESTS,17,1000,21094400
902,A,33423146,GNU C++,WRONG_ANSWER,2307,1513700007,light76,CONTESTANT,PRETESTS,4,15,2048000
902,A,33423679,GNU C++,WRONG_ANSWER,2457,1513700157,light76,CONTESTANT,PRETESTS,4,15,2048000
902,A,33415193,GNU C++,WRONG_ANSWER,675,1513698375,light_dk,CONTESTANT,PRETESTS,2,15,2048000
902,A,33417626,GNU C++,WRONG_ANSWER,1055,1513698755,light_dk,CONTESTANT,PRETESTS,3,15,2048000
902,A,33421601,GNU C++,OK,1891,1513699591,light_dk,CONTESTANT,TESTS,55,15,2048000
902,A,33418056,C++14 (GCC 6-32),OK,1125,1513698825,lightyears1998,CONTESTANT,TESTS,55,15,1945600
902,B,33431841,C++14 (GCC 6-32),OK,5540,1513703240,lightyears1998,CONTESTANT,TESTS,50,15,2355200
902,A,33425190,GNU C++,WRONG_ANSWER,2888,1513700588,likhitha_kosuri,CONTESTANT,PRETESTS,2,15,1843200
902,A,33413706,C++14 (GCC 6-32),WRONG_ANSWER,440,1513698140,lililalala,CONTESTANT,PRETESTS,3,15,1843200
902,A,33414246,C++14 (GCC 6-32),OK,525,1513698225,lililalala,CONTESTANT,TESTS,55,15,1945600
902,B,33422490,GNU C++11,OK,2113,1513699824,lililalala,CONTESTANT,TESTS,50,15,2662400
902,C,33426610,GNU C++11,WRONG_ANSWER,3356,1513701066,lililalala,CONTESTANT,PRETESTS,4,15,3686400
902,C,33430285,GNU C++11,WRONG_ANSWER,4801,1513702512,lililalala,CONTESTANT,PRETESTS,4,15,3686400
902,C,33432974,GNU C++11,OK,6086,1513703797,lililalala,CONTESTANT,TESTS,45,109,3686400
902,A,33414894,C++14 (GCC 6-32),WRONG_ANSWER,629,1513698329,limboguard,CONTESTANT,TESTS,11,15,1945600
902,B,33421871,C++14 (GCC 6-32),RUNTIME_ERROR,1958,1513699658,limboguard,CONTESTANT,PRETESTS,5,15,2252800
902,B,33422103,C++14 (GCC 6-32),OK,2014,1513699714,limboguard,CONTESTANT,TESTS,50,202,2457600
902,C,33428924,C++14 (GCC 6-32),OK,4247,1513701947,limboguard,CONTESTANT,TESTS,45,93,2252800
902,A,33419551,GNU C++,OK,1412,1513699122,limo_756,CONTESTANT,TESTS,55,15,2048000
902,B,33426861,GNU C++,OK,3446,1513701157,limo_756,CONTESTANT,TESTS,50,31,2355200
902,A,33414471,C++14 (GCC 6-32),OK,551,1513698261,linhnd99,CONTESTANT,TESTS,55,15,1945600
902,B,33421442,GNU C++,RUNTIME_ERROR,1852,1513699552,linhnd99,CONTESTANT,PRETESTS,0,15,2355200
902,B,33421565,GNU C++,OK,1885,1513699585,linhnd99,CONTESTANT,TESTS,50,31,2150400
902,C,33432155,C++14 (GCC 6-32),WRONG_ANSWER,5692,1513703392,linhnd99,CONTESTANT,PRETESTS,3,15,5529600
902,A,33413185,C++14 (GCC 6-32),WRONG_ANSWER,345,1513698045,linmiaomiao,CONTESTANT,PRETESTS,1,0,1945600
902,A,33413848,C++14 (GCC 6-32),OK,462,1513698162,linmiaomiao,CONTESTANT,TESTS,55,15,1945600
902,B,33418322,C++14 (GCC 6-32),OK,1171,1513698871,linmiaomiao,CONTESTANT,TESTS,50,15,4812800
902,C,33425211,C++14 (GCC 6-32),OK,2897,1513700597,linmiaomiao,CONTESTANT,TESTS,45,93,4300800
902,D,33429184,C++14 (GCC 6-32),WRONG_ANSWER,4351,1513702051,linmiaomiao,CONTESTANT,PRETESTS,2,0,1843200
902,D,33429404,C++14 (GCC 6-32),WRONG_ANSWER,4440,1513702140,linmiaomiao,CONTESTANT,PRETESTS,2,15,1843200
902,D,33429457,C++14 (GCC 6-32),WRONG_ANSWER,4466,1513702166,linmiaomiao,CONTESTANT,PRETESTS,2,15,1945600
902,D,33431143,C++14 (GCC 6-32),WRONG_ANSWER,5185,1513702885,linmiaomiao,CONTESTANT,PRETESTS,2,15,1945600
902,D,33433371,C++14 (GCC 6-32),WRONG_ANSWER,6280,1513703980,linmiaomiao,CONTESTANT,PRETESTS,2,0,1945600
902,A,33413660,GNU C++11,OK,432,1513698132,lionadis,CONTESTANT,TESTS,55,30,2048000
902,B,33419201,GNU C++11,OK,1350,1513699050,lionadis,CONTESTANT,TESTS,50,31,2457600
902,C,33425043,GNU C++11,OK,2843,1513700543,lionadis,CONTESTANT,TESTS,45,264,2867200
902,A,33413555,GNU C++11,WRONG_ANSWER,414,1513698114,little_misfortune,CONTESTANT,PRETESTS,6,15,2048000
902,A,33414987,GNU C++11,WRONG_ANSWER,644,1513698344,little_misfortune,CONTESTANT,PRETESTS,1,15,2048000
902,A,33416549,GNU C++11,CHALLENGED,876,1513698576,little_misfortune,CONTESTANT,CHALLENGES,8,15,2048000
902,B,33421834,GNU C++11,OK,1949,1513699649,little_misfortune,CONTESTANT,TESTS,50,46,2457600
902,C,33426267,GNU C++11,WRONG_ANSWER,3244,1513700944,little_misfortune,CONTESTANT,PRETESTS,3,15,2867200
902,A,33428206,GNU C++11,OK,3959,1513701659,little_misfortune,CONTESTANT,TESTS,55,31,2150400
902,C,33429491,GNU C++11,WRONG_ANSWER,4482,1513702182,little_misfortune,CONTESTANT,PRETESTS,7,15,2867200
902,C,33429957,GNU C++11,OK,4677,1513702377,little_misfortune,CONTESTANT,TESTS,45,327,2867200
902,A,33415400,C++14 (GCC 6-32),OK,706,1513698406,littlefairy,CONTESTANT,TESTS,55,15,1945600
902,B,33421530,C++14 (GCC 6-32),OK,1875,1513699575,littlefairy,CONTESTANT,TESTS,50,15,1945600
902,A,33417986,C++14 (GCC 6-32),WRONG_ANSWER,1115,1513698815,littlefoot,CONTESTANT,PRETESTS,4,15,1945600
902,A,33420408,C++14 (GCC 6-32),WRONG_ANSWER,1603,1513699303,littlefoot,CONTESTANT,PRETESTS,4,30,1843200
902,A,33427390,C++14 (GCC 6-32),OK,3653,1513701353,littlefoot,CONTESTANT,TESTS,55,15,1945600
902,A,33422973,GNU C,WRONG_ANSWER,2241,1513699952,littlehui,CONTESTANT,PRETESTS,2,15,1843200
902,A,33423522,GNU C,WRONG_ANSWER,2400,1513700110,littlehui,CONTESTANT,PRETESTS,2,15,1843200
902,A,33424953,GNU C,WRONG_ANSWER,2815,1513700515,littlehui,CONTESTANT,PRETESTS,2,15,1843200
902,A,33426002,GNU C,WRONG_ANSWER,3151,1513700851,littlehui,CONTESTANT,PRETESTS,2,0,1843200
902,A,33428198,GNU C,WRONG_ANSWER,3956,1513701656,littlehui,CONTESTANT,PRETESTS,2,0,1843200
902,A,33428483,GNU C,WRONG_ANSWER,4069,1513701769,littlehui,CONTESTANT,PRETESTS,2,15,1843200
902,A,33428611,GNU C,WRONG_ANSWER,4121,1513701821,littlehui,CONTESTANT,PRETESTS,2,15,1843200
902,A,33429832,GNU C,WRONG_ANSWER,4627,1513702327,littlehui,CONTESTANT,PRETESTS,2,15,1843200
902,A,33430535,GNU C,WRONG_ANSWER,4918,1513702618,littlehui,CONTESTANT,PRETESTS,2,0,1843200
902,A,33431467,GNU C,WRONG_ANSWER,5345,1513703045,littlehui,CONTESTANT,PRETESTS,2,15,1843200
902,A,33432810,GNU C,WRONG_ANSWER,6018,1513703718,littlehui,CONTESTANT,PRETESTS,2,15,1843200
902,A,33416757,GNU C++11,WRONG_ANSWER,909,1513698609,liudongbohehe,CONTESTANT,PRETESTS,4,15,2048000
902,A,33418846,GNU C++11,OK,1271,1513698971,liudongbohehe,CONTESTANT,TESTS,55,30,2048000
902,B,33424623,GNU C++11,OK,2722,1513700422,liudongbohehe,CONTESTANT,TESTS,50,15,2560000
902,C,33433895,GNU C++11,WRONG_ANSWER,6520,1513704220,liudongbohehe,CONTESTANT,PRETESTS,4,15,4096000
902,C,33435551,GNU C++11,WRONG_ANSWER,7174,1513704874,liudongbohehe,CONTESTANT,PRETESTS,4,0,4096000
902,A,33413658,GNU C++11,WRONG_ANSWER,421,1513698131,liuye,CONTESTANT,PRETESTS,3,15,2150400
902,A,33414619,GNU C++11,OK,585,1513698285,liuye,CONTESTANT,TESTS,55,15,2150400
902,B,33419930,GNU C++11,OK,1496,1513699196,liuye,CONTESTANT,TESTS,50,31,2560000
902,C,33425422,GNU C++11,OK,2958,1513700668,liuye,CONTESTANT,TESTS,45,249,2457600
902,A,33416794,C++14 (GCC 6-32),OK,904,1513698614,lk992969044,CONTESTANT,TESTS,55,15,1945600
902,B,33429034,C++14 (GCC 6-32),OK,4283,1513701993,lk992969044,CONTESTANT,TESTS,50,46,2457600
902,A,33414846,C++14 (GCC 6-32),OK,622,1513698322,lkj18,CONTESTANT,TESTS,55,31,1945600
902,B,33417970,C++14 (GCC 6-32),OK,1111,1513698811,lkj18,CONTESTANT,TESTS,50,46,2355200
902,C,33424883,C++14 (GCC 6-32),OK,2794,1513700494,lkj18,CONTESTANT,TESTS,45,155,2355200
902,D,33431997,C++14 (GCC 6-32),COMPILATION_ERROR,5616,1513703316,lkj18,CONTESTANT,PRETESTS,0,0,0
902,D,33432069,C++14 (GCC 6-32),WRONG_ANSWER,5644,1513703344,lkj18,CONTESTANT,PRETESTS,3,15,1843200
902,A,33413262,GNU C++11,OK,362,1513698062,loan,CONTESTANT,TESTS,55,30,2048000
902,B,33417248,GNU C++11,WRONG_ANSWER,990,1513698690,loan,CONTESTANT,PRETESTS,4,0,2355200
902,B,33420271,GNU C++11,OK,1573,1513699273,loan,CONTESTANT,TESTS,50,30,2560000
902,C,33423064,GNU C++11,WRONG_ANSWER,2280,1513699980,loan,CONTESTANT,PRETESTS,1,15,2867200
902,C,33423134,GNU C++11,WRONG_ANSWER,2304,1513700004,loan,CONTESTANT,PRETESTS,4,15,2867200
902,C,33423283,GNU C++11,WRONG_ANSWER,2348,1513700048,loan,CONTESTANT,PRETESTS,4,15,2867200
902,C,33424173,GNU C++11,OK,2590,1513700290,loan,CONTESTANT,TESTS,45,109,2867200
902,A,33412670,GNU C++,WRONG_ANSWER,178,1513697878,login,CONTESTANT,PRETESTS,2,0,2048000
902,A,33415637,GNU C++,OK,739,1513698439,login,CONTESTANT,TESTS,55,15,2048000
902,B,33418741,GNU C++,OK,1251,1513698951,login,CONTESTANT,TESTS,50,31,2867200
902,C,33423495,GNU C++,OK,2405,1513700105,login,CONTESTANT,TESTS,45,264,4096000
902,A,33414935,GNU C++11,OK,635,1513698335,lohit_97,CONTESTANT,TESTS,55,15,3686400
902,B,33418446,GNU C++11,OK,1193,1513698893,lohit_97,CONTESTANT,TESTS,50,46,4608000
902,C,33424539,GNU C++11,OK,2699,1513700399,lohit_97,CONTESTANT,TESTS,45,343,8089600
902,A,33413099,C++14 (GCC 6-32),OK,330,1513698030,lok666,CONTESTANT,TESTS,55,15,1945600
902,B,33418969,C++14 (GCC 6-32),OK,1300,1513699000,lok666,CONTESTANT,TESTS,50,15,2457600
902,C,33426274,C++14 (GCC 6-32),WRONG_ANSWER,3247,1513700947,lok666,CONTESTANT,PRETESTS,4,15,2662400
902,C,33427799,C++14 (GCC 6-32),RUNTIME_ERROR,3804,1513701504,lok666,CONTESTANT,TESTS,13,108,2662400
902,A,33416453,GNU C++11,OK,859,1513698559,lolzano,CONTESTANT,TESTS,55,15,2048000
902,B,33423269,GNU C++11,OK,2344,1513700044,lolzano,CONTESTANT,TESTS,50,46,3379200
902,A,33417870,GNU C++,WRONG_ANSWER,1097,1513698797,lone-_-wolf,CONTESTANT,PRETESTS,2,15,3686400
902,A,33419758,GNU C++,WRONG_ANSWER,1458,1513699158,lone-_-wolf,CONTESTANT,PRETESTS,2,0,3686400
902,A,33423075,GNU C++,WRONG_ANSWER,2282,1513699982,lone-_-wolf,CONTESTANT,PRETESTS,2,15,3686400
902,A,33418506,GNU C++,WRONG_ANSWER,1194,1513698905,longjie,CONTESTANT,PRETESTS,2,0,2048000
902,A,33420477,GNU C++,WRONG_ANSWER,1610,1513699320,longjie,CONTESTANT,PRETESTS,2,15,2048000
902,A,33424201,GNU C++,CHALLENGED,2585,1513700296,longjie,CONTESTANT,CHALLENGES,8,15,2048000
902,A,33418157,GNU C++11,WRONG_ANSWER,1142,1513698842,longvox98,CONTESTANT,PRETESTS,2,15,2150400
902,A,33418744,GNU C++11,WRONG_ANSWER,1251,1513698951,longvox98,CONTESTANT,PRETESTS,1,15,2150400
902,A,33418922,GNU C++11,WRONG_ANSWER,1289,1513698989,longvox98,CONTESTANT,PRETESTS,3,15,2150400
902,A,33420721,GNU C++11,WRONG_ANSWER,1677,1513699377,longvox98,CONTESTANT,PRETESTS,3,15,2150400
902,A,33421583,GNU C++11,WRONG_ANSWER,1888,1513699588,longvox98,CONTESTANT,PRETESTS,3,0,2150400
902,A,33423834,GNU C++11,COMPILATION_ERROR,2499,1513700199,longvox98,CONTESTANT,PRETESTS,0,0,0
902,A,33424035,GNU C++11,CHALLENGED,2554,1513700254,longvox98,CONTESTANT,CHALLENGES,8,15,2150400
902,A,33429178,GNU C++11,OK,4348,1513702048,longvox98,CONTESTANT,TESTS,55,15,2150400
902,A,33420000,GNU C++,OK,1512,1513699212,lory,CONTESTANT,TESTS,55,15,2048000
902,B,33427225,GNU C++,OK,3593,1513701293,love_you_ma,CONTESTANT,TESTS,50,31,10137600
902,A,33427273,GNU C++,WRONG_ANSWER,3613,1513701313,love_you_ma,CONTESTANT,PRETESTS,5,15,2048000
902,A,33429620,GNU C++,OK,4542,1513702242,love_you_ma,CONTESTANT,TESTS,55,15,3072000
902,A,33426847,GNU C,COMPILATION_ERROR,3455,1513701155,lovegoyal1996,CONTESTANT,PRETESTS,0,0,0
902,A,33427034,GNU C++17 Diagnostics,SKIPPED,3517,1513701217,lovegoyal1996,CONTESTANT,PRETESTS,8,795,100044800
902,A,33429070,GNU C++17 Diagnostics,SKIPPED,4306,1513702006,lovegoyal1996,CONTESTANT,PRETESTS,8,764,100044800
902,A,33429373,C++14 (GCC 6-32),SKIPPED,4429,1513702129,lovegoyal1996,CONTESTANT,PRETESTS,8,15,1945600
902,A,33429623,C++14 (GCC 6-32),OK,4543,1513702243,lovegoyal1996,CONTESTANT,TESTS,55,15,1945600
902,A,33415378,C++14 (GCC 6-32),OK,704,1513698404,low_,CONTESTANT,TESTS,55,15,1945600
902,B,33420668,C++14 (GCC 6-32),OK,1665,1513699365,low_,CONTESTANT,TESTS,50,30,2662400
902,C,33431652,C++14 (GCC 6-32),OK,5438,1513703138,low_,CONTESTANT,TESTS,45,109,5939200
902,A,33421691,C++14 (GCC 6-32),OK,1902,1513699612,lowtohigh,CONTESTANT,TESTS,55,15,1945600
902,B,33424375,C++14 (GCC 6-32),OK,2635,1513700346,lowtohigh,CONTESTANT,TESTS,50,31,2867200
902,C,33432642,C++14 (GCC 6-32),WRONG_ANSWER,5930,1513703641,lowtohigh,CONTESTANT,PRETESTS,1,15,6656000
902,C,33433074,C++14 (GCC 6-32),WRONG_ANSWER,6135,1513703846,lowtohigh,CONTESTANT,PRETESTS,3,15,6656000
902,A,33413424,C++14 (GCC 6-32),OK,390,1513698090,loyolman,CONTESTANT,TESTS,55,15,1945600
902,B,33420151,C++14 (GCC 6-32),OK,1545,1513699245,loyolman,CONTESTANT,TESTS,50,31,2560000
902,C,33424716,C++14 (GCC 6-32),WRONG_ANSWER,2747,1513700447,loyolman,CONTESTANT,PRETESTS,0,15,2252800
902,C,33424851,C++14 (GCC 6-32),OK,2785,1513700485,loyolman,CONTESTANT,TESTS,45,140,2252800
902,A,33415501,GNU C++,CHALLENGED,722,1513698422,lpardosixtos,CONTESTANT,CHALLENGES,8,15,2048000
902,B,33425165,GNU C++,OK,2881,1513700581,lpardosixtos,CONTESTANT,TESTS,50,46,2355200
902,A,33425722,GNU C++,OK,3064,1513700764,lpardosixtos,CONTESTANT,TESTS,55,15,2048000
902,C,33430217,GNU C++,OK,4788,1513702488,lpardosixtos,CONTESTANT,TESTS,45,312,2867200
902,A,33413714,GNU C++11,OK,441,1513698141,lrvideckis,CONTESTANT,TESTS,55,30,2252800
902,B,33416343,GNU C++11,OK,843,1513698543,lrvideckis,CONTESTANT,TESTS,50,31,2662400
902,C,33423754,GNU C++11,WRONG_ANSWER,2479,1513700179,lrvideckis,CONTESTANT,PRETESTS,1,0,2048000
902,C,33424721,GNU C++11,WRONG_ANSWER,2748,1513700448,lrvideckis,CONTESTANT,PRETESTS,3,15,2048000
902,C,33425390,GNU C++11,SKIPPED,2957,1513700657,lrvideckis,CONTESTANT,PRETESTS,13,62,2867200
902,C,33429007,GNU C++11,OK,4282,1513701982,lrvideckis,CONTESTANT,TESTS,45,249,6041600
902,D,33433153,GNU C++11,WRONG_ANSWER,6185,1513703885,lrvideckis,CONTESTANT,PRETESTS,2,0,2048000
902,A,33414262,C++14 (GCC 6-32),WRONG_ANSWER,528,1513698228,lsiddiqsunny,CONTESTANT,PRETESTS,3,15,1843200
902,A,33416414,C++14 (GCC 6-32),WRONG_ANSWER,852,1513698552,lsiddiqsunny,CONTESTANT,PRETESTS,4,15,1945600
902,A,33419301,C++14 (GCC 6-32),WRONG_ANSWER,1357,1513699068,lsiddiqsunny,CONTESTANT,TESTS,14,15,1945600
902,B,33422213,C++14 (GCC 6-32),OK,2039,1513699739,lsiddiqsunny,CONTESTANT,TESTS,50,31,2560000
902,C,33432607,C++14 (GCC 6-32),WRONG_ANSWER,5921,1513703621,lsiddiqsunny,CONTESTANT,PRETESTS,1,0,1843200
902,C,33432831,C++14 (GCC 6-32),WRONG_ANSWER,6029,1513703729,lsiddiqsunny,CONTESTANT,PRETESTS,1,0,1843200
902,C,33433118,C++14 (GCC 6-32),WRONG_ANSWER,6166,1513703866,lsiddiqsunny,CONTESTANT,PRETESTS,3,15,1843200
902,C,33435355,C++14 (GCC 6-32),WRONG_ANSWER,7121,1513704821,lsiddiqsunny,CONTESTANT,PRETESTS,3,15,1843200
902,A,33412737,GNU C++11,WRONG_ANSWER,211,1513697922,ltf0501,CONTESTANT,PRETESTS,3,15,2048000
902,A,33412783,GNU C++11,OK,232,1513697943,ltf0501,CONTESTANT,TESTS,55,15,2048000
902,B,33414783,GNU C++11,OK,600,1513698310,ltf0501,CONTESTANT,TESTS,50,15,2457600
902,C,33424288,GNU C++11,WRONG_ANSWER,2611,1513700321,ltf0501,CONTESTANT,PRETESTS,1,15,4505600
902,C,33424515,GNU C++11,OK,2681,1513700391,ltf0501,CONTESTANT,TESTS,45,124,4505600
902,D,33432024,GNU C++11,WRONG_ANSWER,5617,1513703327,ltf0501,CONTESTANT,PRETESTS,2,0,2048000
902,D,33432977,GNU C++11,OK,6088,1513703798,ltf0501,CONTESTANT,TESTS,150,15,2048000
902,A,33416502,GNU C++11,WRONG_ANSWER,869,1513698569,ltt,CONTESTANT,PRETESTS,4,15,2048000
902,A,33418279,GNU C++11,OK,1164,1513698864,ltt,CONTESTANT,TESTS,55,15,2048000
902,B,33428696,GNU C++11,OK,4159,1513701859,ltt,CONTESTANT,TESTS,50,46,2560000
902,A,33413737,Java 8,OK,444,1513698144,ltybc138,CONTESTANT,TESTS,55,124,20684800
902,A,33412724,GNU C++11,OK,216,1513697917,lucasturci,CONTESTANT,TESTS,55,31,2048000
902,B,33415489,GNU C++11,OK,720,1513698420,lucasturci,CONTESTANT,TESTS,50,31,18432000
902,C,33420900,GNU C++11,WRONG_ANSWER,1718,1513699418,lucasturci,CONTESTANT,PRETESTS,1,15,6041600
902,C,33421044,GNU C++11,OK,1756,1513699456,lucasturci,CONTESTANT,TESTS,45,265,6041600
902,A,33414116,C++14 (GCC 6-32),WRONG_ANSWER,506,1513698206,lucifer777,CONTESTANT,PRETESTS,2,15,1843200
902,A,33416850,C++14 (GCC 6-32),WRONG_ANSWER,923,1513698623,lucifer777,CONTESTANT,PRETESTS,1,0,1843200
902,A,33417873,C++14 (GCC 6-32),WRONG_ANSWER,1097,1513698797,lucifer777,CONTESTANT,PRETESTS,4,15,1945600
902,A,33419798,C++14 (GCC 6-32),WRONG_ANSWER,1468,1513699168,lucifer777,CONTESTANT,PRETESTS,3,15,1945600
902,A,33419822,GNU C++,WRONG_ANSWER,1473,1513699173,luffy05,CONTESTANT,PRETESTS,1,15,2048000
902,A,33422117,GNU C++,WRONG_ANSWER,2017,1513699717,luffy05,CONTESTANT,PRETESTS,1,15,2048000
902,A,33423582,GNU C++,WRONG_ANSWER,2428,1513700128,luffy05,CONTESTANT,PRETESTS,1,15,2048000
902,A,33424562,GNU C++,WRONG_ANSWER,2705,1513700405,luffy05,CONTESTANT,PRETESTS,2,15,2048000
902,A,33426265,GNU C++,WRONG_ANSWER,3244,1513700944,luffy05,CONTESTANT,PRETESTS,4,15,2048000
902,A,33428456,GNU C++,WRONG_ANSWER,4055,1513701755,luffy05,CONTESTANT,PRETESTS,3,15,2048000
902,A,33428588,GNU C++,WRONG_ANSWER,4110,1513701810,luffy05,CONTESTANT,PRETESTS,4,15,2048000
902,A,33430104,GNU C++,WRONG_ANSWER,4745,1513702445,luffy05,CONTESTANT,PRETESTS,4,15,2048000
902,A,33431623,GNU C++,OK,5421,1513703121,luffy05,CONTESTANT,TESTS,55,15,2048000
902,A,33416031,GNU C++11,WRONG_ANSWER,796,1513698496,luis_4to,CONTESTANT,PRETESTS,4,15,2048000
902,A,33416800,GNU C++11,OK,915,1513698615,luis_4to,CONTESTANT,TESTS,55,15,2048000
902,B,33424601,GNU C++11,OK,2715,1513700415,luis_4to,CONTESTANT,TESTS,50,15,2560000
902,A,33413404,C++14 (GCC 6-32),WRONG_ANSWER,386,1513698086,luisphelipe,CONTESTANT,PRETESTS,2,0,1843200
902,A,33416514,C++14 (GCC 6-32),WRONG_ANSWER,870,1513698570,luisphelipe,CONTESTANT,PRETESTS,2,0,1843200
902,A,33416846,C++14 (GCC 6-32),OK,922,1513698622,luisphelipe,CONTESTANT,TESTS,55,15,1945600
902,B,33424367,C++14 (GCC 6-32),OK,2642,1513700342,luisphelipe,CONTESTANT,TESTS,50,30,1945600
902,C,33432318,C++14 (GCC 6-32),WRONG_ANSWER,5772,1513703472,luisphelipe,CONTESTANT,PRETESTS,4,0,1945600
902,C,33433408,C++14 (GCC 6-32),WRONG_ANSWER,6299,1513703999,luisphelipe,CONTESTANT,PRETESTS,4,15,1945600
902,C,33434312,C++14 (GCC 6-32),WRONG_ANSWER,6720,1513704420,luisphelipe,CONTESTANT,PRETESTS,4,15,1945600
902,A,33414293,GNU C++,OK,533,1513698233,luka.dumancic49,CONTESTANT,TESTS,55,31,2048000
902,B,33417913,GNU C++,OK,1102,1513698802,luka.dumancic49,CONTESTANT,TESTS,50,46,2560000
902,C,33423909,GNU C++,WRONG_ANSWER,2521,1513700221,luka.dumancic49,CONTESTANT,PRETESTS,1,15,2867200
902,C,33425349,GNU C++,WRONG_ANSWER,2944,1513700644,luka.dumancic49,CONTESTANT,PRETESTS,1,15,2867200
902,A,33413402,GNU C++11,OK,385,1513698085,luonaerduo,CONTESTANT,TESTS,55,15,1843200
902,B,33417220,GNU C++11,OK,986,1513698686,luonaerduo,CONTESTANT,TESTS,50,15,3379200
902,C,33424819,GNU C++11,RUNTIME_ERROR,2777,1513700477,luonaerduo,CONTESTANT,PRETESTS,12,31,1945600
902,C,33425014,GNU C++11,OK,2833,1513700533,luonaerduo,CONTESTANT,TESTS,45,93,3481600
902,A,33414205,C++14 (GCC 6-32),OK,520,1513698220,luongduydat,CONTESTANT,TESTS,55,15,1945600
902,B,33421987,C++14 (GCC 6-32),WRONG_ANSWER,1990,1513699690,luongduydat,CONTESTANT,PRETESTS,9,15,4710400
902,B,33423401,C++14 (GCC 6-32),OK,2380,1513700080,luongduydat,CONTESTANT,TESTS,50,15,4812800
902,C,33427616,C++14 (GCC 6-32),WRONG_ANSWER,3736,1513701436,luongduydat,CONTESTANT,PRETESTS,3,15,2252800
902,C,33428468,C++14 (GCC 6-32),OK,4058,1513701758,luongduydat,CONTESTANT,TESTS,45,77,2252800
902,A,33415502,GNU C,COMPILATION_ERROR,722,1513698422,lvt_rsh,CONTESTANT,PRETESTS,0,0,0
902,A,33415755,C++14 (GCC 6-32),WRONG_ANSWER,757,1513698457,lvt_rsh,CONTESTANT,PRETESTS,4,15,1843200
902,A,33417317,C++14 (GCC 6-32),WRONG_ANSWER,1000,1513698700,lvt_rsh,CONTESTANT,PRETESTS,4,15,1843200
902,A,33418008,C++14 (GCC 6-32),WRONG_ANSWER,1119,1513698819,lvt_rsh,CONTESTANT,PRETESTS,4,15,1945600
902,A,33418354,C++14 (GCC 6-32),WRONG_ANSWER,1176,1513698876,lvt_rsh,CONTESTANT,PRETESTS,3,15,1945600
902,A,33419008,C++14 (GCC 6-32),WRONG_ANSWER,1309,1513699009,lvt_rsh,CONTESTANT,PRETESTS,4,15,1843200
902,A,33419712,C++14 (GCC 6-32),WRONG_ANSWER,1450,1513699150,lvt_rsh,CONTESTANT,PRETESTS,4,15,1945600
902,A,33420135,C++14 (GCC 6-32),WRONG_ANSWER,1542,1513699242,lvt_rsh,CONTESTANT,PRETESTS,4,15,1945600
902,A,33422546,C++14 (GCC 6-32),WRONG_ANSWER,2139,1513699839,lvt_rsh,CONTESTANT,PRETESTS,4,15,1945600
902,A,33423089,C++14 (GCC 6-32),WRONG_ANSWER,2285,1513699985,lvt_rsh,CONTESTANT,PRETESTS,0,0,5939200
902,A,33424398,C++14 (GCC 6-32),WRONG_ANSWER,2653,1513700353,lvt_rsh,CONTESTANT,PRETESTS,0,0,9932800
902,A,33424530,C++14 (GCC 6-32),WRONG_ANSWER,2696,1513700396,lvt_rsh,CONTESTANT,PRETESTS,5,15,9932800
902,A,33426207,C++14 (GCC 6-32),WRONG_ANSWER,3223,1513700923,lvt_rsh,CONTESTANT,PRETESTS,0,15,9932800
902,A,33426359,C++14 (GCC 6-32),WRONG_ANSWER,3272,1513700972,lvt_rsh,CONTESTANT,PRETESTS,1,0,9932800
902,A,33426483,C++14 (GCC 6-32),WRONG_ANSWER,3316,1513701016,lvt_rsh,CONTESTANT,TESTS,23,15,9932800
902,A,33416861,C++14 (GCC 6-32),OK,923,1513698623,lwbknd838,CONTESTANT,TESTS,55,15,1945600
902,B,33421076,C++14 (GCC 6-32),OK,1763,1513699463,lwbknd838,CONTESTANT,TESTS,50,31,2457600
902,C,33424701,C++14 (GCC 6-32),OK,2743,1513700443,lwbknd838,CONTESTANT,TESTS,45,171,3891200
902,A,33414677,GNU C++11,WRONG_ANSWER,592,1513698292,ly0va,CONTESTANT,PRETESTS,2,15,2048000
902,A,33420911,GNU C++11,WRONG_ANSWER,1721,1513699421,ly0va,CONTESTANT,PRETESTS,2,15,2048000
902,B,33424217,GNU C++11,OK,2599,1513700299,ly0va,CONTESTANT,TESTS,50,31,2457600
902,C,33429119,GNU C++11,OK,4324,1513702024,ly0va,CONTESTANT,TESTS,45,249,2457600
902,A,33430147,GNU C++11,OK,4763,1513702463,ly0va,CONTESTANT,TESTS,55,15,2048000
902,A,33412930,GNU C++11,WRONG_ANSWER,293,1513697993,lyzpm,CONTESTANT,PRETESTS,2,15,2048000
902,A,33413341,GNU C++11,WRONG_ANSWER,375,1513698075,lyzpm,CONTESTANT,PRETESTS,2,15,2048000
902,A,33415059,GNU C++11,WRONG_ANSWER,655,1513698355,lyzpm,CONTESTANT,PRETESTS,2,0,2048000
902,B,33421839,GNU C++11,WRONG_ANSWER,1950,1513699650,lyzpm,CONTESTANT,PRETESTS,4,15,2252800
902,B,33422185,GNU C++11,OK,2034,1513699734,lyzpm,CONTESTANT,TESTS,50,15,2560000
902,A,33424141,GNU C++11,OK,2583,1513700283,lyzpm,CONTESTANT,TESTS,55,15,3891200
902,C,33432681,GNU C++11,WRONG_ANSWER,5955,1513703655,lyzpm,CONTESTANT,PRETESTS,1,0,5632000
902,C,33433307,GNU C++11,WRONG_ANSWER,6251,1513703951,lyzpm,CONTESTANT,PRETESTS,3,15,4096000
902,C,33434777,GNU C++11,WRONG_ANSWER,6921,1513704621,lyzpm,CONTESTANT,PRETESTS,3,15,4505600
902,A,33420736,C++14 (GCC 6-32),COMPILATION_ERROR,1681,1513699381,lzralbu,CONTESTANT,PRETESTS,0,0,0
902,A,33420802,GNU C++17 Diagnostics,RUNTIME_ERROR,1699,1513699399,lzralbu,CONTESTANT,PRETESTS,2,857,101171200
902,A,33421074,C++14 (GCC 6-32),WRONG_ANSWER,1763,1513699463,lzralbu,CONTESTANT,PRETESTS,4,15,1945600
902,A,33421338,C++14 (GCC 6-32),MEMORY_LIMIT_EXCEEDED,1828,1513699528,lzralbu,CONTESTANT,PRETESTS,2,109,268390400
902,A,33421637,C++14 (GCC 6-32),WRONG_ANSWER,1899,1513699599,lzralbu,CONTESTANT,TESTS,9,15,1843200
902,A,33418712,C++14 (GCC 6-32),WRONG_ANSWER,1244,1513698944,lzscc123,CONTESTANT,PRETESTS,4,15,4300800
902,A,33419704,C++14 (GCC 6-32),WRONG_ANSWER,1449,1513699149,lzscc123,CONTESTANT,PRETESTS,4,15,4300800
902,A,33413957,GNU C++11,WRONG_ANSWER,470,1513698181,m.saadat,CONTESTANT,PRETESTS,3,0,2048000
902,A,33414813,GNU C++11,OK,605,1513698315,m.saadat,CONTESTANT,TESTS,55,15,2048000
902,B,33417230,GNU C++11,OK,976,1513698687,m.saadat,CONTESTANT,TESTS,50,31,2150400
902,C,33423274,GNU C++11,WRONG_ANSWER,2335,1513700046,m.saadat,CONTESTANT,PRETESTS,1,0,2457600
902,C,33423553,GNU C++11,SKIPPED,2410,1513700121,m.saadat,CONTESTANT,PRETESTS,13,46,2457600
902,C,33423725,GNU C++11,OK,2459,1513700169,m.saadat,CONTESTANT,TESTS,45,233,5120000
902,D,33433458,GNU C++11,WRONG_ANSWER,6306,1513704016,m.saadat,CONTESTANT,PRETESTS,6,15,2048000
902,D,33434131,GNU C++11,WRONG_ANSWER,6629,1513704340,m.saadat,CONTESTANT,PRETESTS,6,15,2048000
902,D,33434334,GNU C++11,WRONG_ANSWER,6718,1513704429,m.saadat,CONTESTANT,PRETESTS,3,15,2048000
902,D,33434491,GNU C++11,WRONG_ANSWER,6790,1513704501,m.saadat,CONTESTANT,PRETESTS,6,15,2048000
902,D,33434833,GNU C++11,WRONG_ANSWER,6933,1513704644,m.saadat,CONTESTANT,PRETESTS,6,15,2048000
902,D,33435058,GNU C++11,WRONG_ANSWER,7011,1513704722,m.saadat,CONTESTANT,PRETESTS,8,15,2048000
902,D,33435304,GNU C++11,WRONG_ANSWER,7095,1513704805,m.saadat,CONTESTANT,TESTS,10,15,2048000
902,A,33420804,GNU C,WRONG_ANSWER,1699,1513699399,m15b01a05B1,CONTESTANT,PRETESTS,2,15,1843200
902,A,33422520,GNU C,WRONG_ANSWER,2131,1513699831,m15b01a05B1,CONTESTANT,PRETESTS,2,0,1843200
902,A,33417012,GNU C++11,OK,946,1513698646,m_v,CONTESTANT,TESTS,55,15,2048000
902,A,33415300,C++14 (GCC 6-32),WRONG_ANSWER,681,1513698391,machadianurag1996,CONTESTANT,TESTS,47,15,1843200
902,D,33425829,C++14 (GCC 6-32),WRONG_ANSWER,3087,1513700798,machadianurag1996,CONTESTANT,PRETESTS,2,15,1843200
902,D,33426566,C++14 (GCC 6-32),WRONG_ANSWER,3337,1513701048,machadianurag1996,CONTESTANT,PRETESTS,1,0,1843200
902,D,33427846,C++14 (GCC 6-32),WRONG_ANSWER,3808,1513701519,machadianurag1996,CONTESTANT,PRETESTS,2,0,1843200
902,A,33419315,GNU C++,WRONG_ANSWER,1370,1513699070,madaraUCHIHA,CONTESTANT,PRETESTS,2,0,2048000
902,A,33421843,GNU C++,WRONG_ANSWER,1951,1513699651,madaraUCHIHA,CONTESTANT,PRETESTS,2,15,2048000
902,A,33423936,GNU C++,WRONG_ANSWER,2530,1513700230,madaraUCHIHA,CONTESTANT,TESTS,48,15,2048000
902,A,33420817,Python 2,OK,1690,1513699401,madbit01,CONTESTANT,TESTS,55,62,4710400
902,B,33429628,Python 2,RUNTIME_ERROR,4533,1513702244,madbit01,CONTESTANT,TESTS,17,186,6553600
902,A,33413170,C++14 (GCC 6-32),WRONG_ANSWER,342,1513698042,madhav_1999,CONTESTANT,PRETESTS,2,15,1945600
902,A,33413948,C++14 (GCC 6-32),WRONG_ANSWER,479,1513698179,madhav_1999,CONTESTANT,PRETESTS,0,15,1843200
902,A,33415396,C++14 (GCC 6-32),WRONG_ANSWER,706,1513698406,madhav_1999,CONTESTANT,PRETESTS,3,15,1945600
902,A,33416269,C++14 (GCC 6-32),WRONG_ANSWER,831,1513698531,madhav_1999,CONTESTANT,TESTS,41,31,1945600
902,B,33422224,C++14 (GCC 6-32),OK,2042,1513699742,madhav_1999,CONTESTANT,TESTS,50,218,2457600
902,C,33427794,C++14 (GCC 6-32),OK,3803,1513701503,madhav_1999,CONTESTANT,TESTS,45,109,7270400
902,A,33423097,C++14 (GCC 6-32),WRONG_ANSWER,2289,1513699989,madhavi982,CONTESTANT,PRETESTS,2,15,1843200
902,A,33425328,C++14 (GCC 6-32),WRONG_ANSWER,2935,1513700635,madhavi982,CONTESTANT,PRETESTS,2,0,1843200
902,A,33414558,GNU C++,OK,577,1513698277,madhavmalik_16,CONTESTANT,TESTS,55,31,2048000
902,A,33415116,C++14 (GCC 6-32),COMPILATION_ERROR,652,1513698363,madhur4127,CONTESTANT,PRETESTS,0,0,0
902,A,33415719,C++14 (GCC 6-32),COMPILATION_ERROR,751,1513698451,madhur4127,CONTESTANT,PRETESTS,0,0,0
902,A,33416439,C++14 (GCC 6-32),OK,846,1513698557,madhur4127,CONTESTANT,TESTS,55,15,2048000
902,B,33423980,C++14 (GCC 6-32),OK,2530,1513700241,madhur4127,CONTESTANT,TESTS,50,30,2150400
902,C,33431546,C++14 (GCC 6-32),OK,5372,1513703082,madhur4127,CONTESTANT,TESTS,45,124,2355200
902,D,33434318,C++14 (GCC 6-32),WRONG_ANSWER,6711,1513704421,madhur4127,CONTESTANT,PRETESTS,0,0,1843200
902,D,33434910,C++14 (GCC 6-32),WRONG_ANSWER,6963,1513704674,madhur4127,CONTESTANT,PRETESTS,0,0,1843200
902,A,33417776,GNU C++11,OK,1069,1513698780,madmaxhasan,CONTESTANT,TESTS,55,15,2048000
902,A,33413522,C++14 (GCC 6-32),WRONG_ANSWER,397,1513698108,madwingis,CONTESTANT,PRETESTS,4,15,1843200
902,A,33416121,C++14 (GCC 6-32),OK,798,1513698509,madwingis,CONTESTANT,TESTS,55,15,1945600
902,B,33420196,C++14 (GCC 6-32),OK,1547,1513699257,madwingis,CONTESTANT,TESTS,50,31,2560000
902,C,33426652,C++14 (GCC 6-32),OK,3372,1513701083,madwingis,CONTESTANT,TESTS,45,93,2252800
902,A,33419016,GNU C++11,WRONG_ANSWER,1312,1513699012,maenstru56,CONTESTANT,PRETESTS,2,15,2048000
902,A,33419745,GNU C++11,WRONG_ANSWER,1455,1513699155,maenstru56,CONTESTANT,PRETESTS,2,15,2048000
902,A,33422937,GNU C++11,WRONG_ANSWER,2245,1513699945,maenstru56,CONTESTANT,PRETESTS,5,31,2048000
902,A,33414189,C++14 (GCC 6-32),OK,517,1513698217,magicmonster17,CONTESTANT,TESTS,55,30,2048000
902,B,33419087,C++14 (GCC 6-32),OK,1328,1513699028,magicmonster17,CONTESTANT,TESTS,50,30,2560000
902,C,33428600,C++14 (GCC 6-32),WRONG_ANSWER,4115,1513701815,magicmonster17,CONTESTANT,PRETESTS,3,15,5120000
902,C,33430330,C++14 (GCC 6-32),WRONG_ANSWER,4833,1513702533,magicmonster17,CONTESTANT,TESTS,37,93,7270400
902,A,33427373,C++14 (GCC 6-32),WRONG_ANSWER,3648,1513701348,mahabub_123,CONTESTANT,PRETESTS,5,15,1945600
902,A,33430148,C++14 (GCC 6-32),WRONG_ANSWER,4763,1513702463,mahabub_123,CONTESTANT,PRETESTS,5,15,1843200
902,A,33416270,C++14 (GCC 6-32),WRONG_ANSWER,831,1513698531,mahade31,CONTESTANT,PRETESTS,2,15,1945600
902,A,33420523,C++14 (GCC 6-32),OK,1632,1513699332,mahade31,CONTESTANT,TESTS,55,15,1945600
902,B,33426967,C++14 (GCC 6-32),OK,3493,1513701193,mahade31,CONTESTANT,TESTS,50,15,2457600
902,A,33413133,GNU C++11,OK,338,1513698038,mahdavifar,CONTESTANT,TESTS,55,31,2048000
902,B,33423083,GNU C++11,OK,2284,1513699984,mahdavifar,CONTESTANT,TESTS,50,46,2150400
902,A,33414751,GNU C++,WRONG_ANSWER,604,1513698304,mahdiyar1414,CONTESTANT,PRETESTS,2,15,2048000
902,A,33416935,GNU C++,WRONG_ANSWER,935,1513698635,mahdiyar1414,CONTESTANT,PRETESTS,2,0,2048000
902,A,33417661,C++14 (GCC 6-32),WRONG_ANSWER,1061,1513698761,mahimahi.lionkun,CONTESTANT,PRETESTS,2,15,1843200
902,A,33420582,C++14 (GCC 6-32),CHALLENGED,1644,1513699344,mahimahi.lionkun,CONTESTANT,CHALLENGES,8,15,1843200
902,A,33414239,Python 2,COMPILATION_ERROR,514,1513698225,mahipjain,CONTESTANT,PRETESTS,0,0,0
902,A,33414542,C++14 (GCC 6-32),OK,564,1513698274,mahipjain,CONTESTANT,TESTS,55,15,1945600
902,B,33419139,C++14 (GCC 6-32),OK,1339,1513699039,mahipjain,CONTESTANT,TESTS,50,15,3891200
902,C,33428912,GNU C++11,WRONG_ANSWER,4230,1513701940,mahipjain,CONTESTANT,PRETESTS,3,15,4505600
902,C,33430717,GNU C++11,OK,4991,1513702702,mahipjain,CONTESTANT,TESTS,45,233,4505600
902,D,33434328,GNU C++11,WRONG_ANSWER,6714,1513704425,mahipjain,CONTESTANT,PRETESTS,1,15,2048000
902,A,33417950,GNU C++,COMPILATION_ERROR,1108,1513698808,mahmoudferaas,CONTESTANT,PRETESTS,0,0,0
902,A,33418115,GNU C++,WRONG_ANSWER,1136,1513698836,mahmoudferaas,CONTESTANT,PRETESTS,1,0,4812800
902,A,33429405,MS C++,WRONG_ANSWER,4441,1513702141,mahmoudshahen,CONTESTANT,PRETESTS,3,15,2048000
902,A,33429769,MS C++,WRONG_ANSWER,4600,1513702300,mahmoudshahen,CONTESTANT,PRETESTS,4,15,2048000
902,A,33431156,MS C++,WRONG_ANSWER,5193,1513702893,mahmoudshahen,CONTESTANT,PRETESTS,4,15,2048000
902,A,33432511,MS C++,WRONG_ANSWER,5871,1513703571,mahmoudshahen,CONTESTANT,PRETESTS,1,15,2048000
902,A,33432921,MS C++,OK,6075,1513703775,mahmoudshahen,CONTESTANT,TESTS,55,15,2048000
902,A,33415136,C++14 (GCC 6-32),WRONG_ANSWER,665,1513698365,maigar,CONTESTANT,PRETESTS,4,15,1843200
902,A,33416168,C++14 (GCC 6-32),WRONG_ANSWER,818,1513698518,maigar,CONTESTANT,PRETESTS,4,15,1945600
902,A,33419966,C++14 (GCC 6-32),WRONG_ANSWER,1506,1513699206,maigar,CONTESTANT,PRETESTS,0,0,1843200
902,A,33420212,C++14 (GCC 6-32),OK,1561,1513699261,maigar,CONTESTANT,TESTS,55,15,1945600
902,A,33414326,Java 8,OK,538,1513698238,makarfi,CONTESTANT,TESTS,55,156,21094400
902,B,33421535,Java 8,COMPILATION_ERROR,1877,1513699577,makarfi,CONTESTANT,PRETESTS,0,0,0
902,B,33421699,Java 8,OK,1915,1513699615,makarfi,CONTESTANT,TESTS,50,202,21196800
902,C,33430969,Java 8,WRONG_ANSWER,5104,1513702804,makarfi,CONTESTANT,PRETESTS,3,140,20992000
902,C,33432031,Java 8,WRONG_ANSWER,5631,1513703331,makarfi,CONTESTANT,PRETESTS,3,124,20992000
902,A,33426651,GNU C++,OK,3372,1513701082,makemehappy,CONTESTANT,TESTS,55,15,2150400
902,B,33433447,GNU C++,OK,6303,1513704013,makemehappy,CONTESTANT,TESTS,50,46,2560000
902,A,33415025,GNU C++11,WRONG_ANSWER,640,1513698351,makerdark98,CONTESTANT,PRETESTS,0,0,2048000
902,A,33417784,GNU C++11,COMPILATION_ERROR,1071,1513698781,makerdark98,CONTESTANT,PRETESTS,0,0,0
902,A,33418018,GNU C++11,WRONG_ANSWER,1109,1513698819,makerdark98,CONTESTANT,PRETESTS,0,0,2048000
902,A,33418952,GNU C++11,WRONG_ANSWER,1286,1513698996,makerdark98,CONTESTANT,PRETESTS,0,15,2048000
902,A,33423179,GNU C++11,WRONG_ANSWER,2305,1513700016,makerdark98,CONTESTANT,PRETESTS,0,0,2048000
902,A,33417785,GNU C++11,WRONG_ANSWER,1082,1513698782,maknunlakme,CONTESTANT,PRETESTS,3,15,2048000
902,A,33419310,GNU C++11,WRONG_ANSWER,1369,1513699069,maknunlakme,CONTESTANT,PRETESTS,3,15,2048000
902,A,33421777,GNU C++11,WRONG_ANSWER,1935,1513699635,maknunlakme,CONTESTANT,PRETESTS,3,15,2048000
902,B,33427442,GNU C++11,OK,3671,1513701371,maknunlakme,CONTESTANT,TESTS,50,46,4710400
902,A,33429514,GNU C++11,WRONG_ANSWER,4492,1513702192,maknunlakme,CONTESTANT,PRETESTS,0,15,2048000
902,A,33429642,GNU C++11,WRONG_ANSWER,4549,1513702249,maknunlakme,CONTESTANT,PRETESTS,3,0,2048000
902,C,33434741,GNU C++11,WRONG_ANSWER,6905,1513704605,maknunlakme,CONTESTANT,PRETESTS,1,0,3379200
902,A,33425228,GNU C++11,WRONG_ANSWER,2902,1513700602,malani,CONTESTANT,PRETESTS,3,15,2048000
902,A,33416531,C++14 (GCC 6-32),WRONG_ANSWER,862,1513698573,malikabhishek273,CONTESTANT,PRETESTS,4,15,1843200
902,A,33420028,C++14 (GCC 6-32),WRONG_ANSWER,1508,1513699219,malikabhishek273,CONTESTANT,PRETESTS,4,0,1945600
902,A,33423935,C++14 (GCC 6-32),WRONG_ANSWER,2519,1513700230,malikabhishek273,CONTESTANT,PRETESTS,4,15,1843200
902,A,33424822,C++14 (GCC 6-32),WRONG_ANSWER,2767,1513700477,malikabhishek273,CONTESTANT,PRETESTS,0,0,1843200
902,A,33425025,C++14 (GCC 6-32),OK,2828,1513700538,malikabhishek273,CONTESTANT,TESTS,55,15,1843200
902,B,33429818,C++14 (GCC 6-32),WRONG_ANSWER,4612,1513702323,malikabhishek273,CONTESTANT,PRETESTS,9,15,2662400
902,B,33430166,C++14 (GCC 6-32),WRONG_ANSWER,4759,1513702469,malikabhishek273,CONTESTANT,PRETESTS,9,15,2969600
902,B,33430706,C++14 (GCC 6-32),OK,4988,1513702698,malikabhishek273,CONTESTANT,TESTS,50,31,2969600
902,A,33426837,C++14 (GCC 6-32),WRONG_ANSWER,3450,1513701150,malikpk02,CONTESTANT,PRETESTS,2,15,1945600
902,A,33415285,GNU C++11,WRONG_ANSWER,690,1513698390,mamunul,CONTESTANT,PRETESTS,2,15,2048000
902,A,33418147,GNU C++11,WRONG_ANSWER,1141,1513698841,mamunul,CONTESTANT,PRETESTS,2,15,2048000
902,A,33420545,GNU C++11,WRONG_ANSWER,1636,1513699336,mamunul,CONTESTANT,PRETESTS,2,15,2048000
902,A,33415175,C++14 (GCC 6-32),WRONG_ANSWER,672,1513698372,manaranjanfav,CONTESTANT,PRETESTS,5,15,1843200
902,A,33416919,C++14 (GCC 6-32),WRONG_ANSWER,933,1513698633,manaranjanfav,CONTESTANT,PRETESTS,5,15,1945600
902,A,33417428,C++14 (GCC 6-32),WRONG_ANSWER,1018,1513698718,manaranjanfav,CONTESTANT,PRETESTS,5,15,1843200
902,A,33423254,C++14 (GCC 6-32),WRONG_ANSWER,2342,1513700042,manaranjanfav,CONTESTANT,PRETESTS,5,15,1843200
902,A,33426303,C++14 (GCC 6-32),WRONG_ANSWER,3254,1513700954,manaranjanfav,CONTESTANT,PRETESTS,5,15,1945600
902,A,33426691,C++14 (GCC 6-32),WRONG_ANSWER,3398,1513701098,manaranjanfav,CONTESTANT,PRETESTS,5,15,1843200
902,A,33427527,C++14 (GCC 6-32),WRONG_ANSWER,3707,1513701407,manaranjanfav,CONTESTANT,PRETESTS,5,15,1945600
902,A,33429513,C++14 (GCC 6-32),OK,4491,1513702191,manaranjanfav,CONTESTANT,TESTS,55,15,1945600
902,B,33435196,C++14 (GCC 6-32),WRONG_ANSWER,7069,1513704769,manaranjanfav,CONTESTANT,PRETESTS,2,15,4300800
902,A,33414049,GNU C++11,OK,497,1513698197,manav2609,CONTESTANT,TESTS,55,15,2048000
902,C,33425315,GNU C++11,WRONG_ANSWER,2931,1513700631,manav2609,CONTESTANT,PRETESTS,0,0,2048000
902,C,33429884,GNU C++11,OK,4646,1513702346,manav2609,CONTESTANT,TESTS,45,249,4096000
902,B,33432262,C++14 (GCC 6-32),WRONG_ANSWER,5744,1513703444,manav2609,CONTESTANT,PRETESTS,9,15,3379200
902,B,33432736,C++14 (GCC 6-32),OK,5979,1513703679,manav2609,CONTESTANT,TESTS,50,30,3379200
902,A,33419669,GNU C++17 Diagnostics,WRONG_ANSWER,1443,1513699143,manideepika_maley,CONTESTANT,PRETESTS,2,810,98201600
902,A,33421754,GNU C++17 Diagnostics,WRONG_ANSWER,1927,1513699627,manideepika_maley,CONTESTANT,PRETESTS,4,779,98201600
902,A,33422879,GNU C++17 Diagnostics,WRONG_ANSWER,2229,1513699929,manideepika_maley,CONTESTANT,PRETESTS,4,795,98201600
902,A,33425794,GNU C++17 Diagnostics,WRONG_ANSWER,3088,1513700788,manideepika_maley,CONTESTANT,PRETESTS,1,795,99020800
902,A,33427156,GNU C++17 Diagnostics,WRONG_ANSWER,3566,1513701266,manideepika_maley,CONTESTANT,PRETESTS,1,779,98201600
902,A,33430062,GNU C++17 Diagnostics,WRONG_ANSWER,4725,1513702425,manideepika_maley,CONTESTANT,PRETESTS,1,732,98201600
902,A,33433745,GNU C++17 Diagnostics,WRONG_ANSWER,6445,1513704145,manideepika_maley,CONTESTANT,PRETESTS,2,764,100044800
902,A,33434465,GNU C++17 Diagnostics,WRONG_ANSWER,6786,1513704486,manideepika_maley,CONTESTANT,PRETESTS,2,764,98201600
902,A,33416351,C++14 (GCC 6-32),WRONG_ANSWER,833,1513698543,manishkc,CONTESTANT,PRETESTS,4,15,1945600
902,A,33417043,C++14 (GCC 6-32),SKIPPED,941,1513698651,manishkc,CONTESTANT,PRETESTS,8,15,1945600
902,B,33421931,C++14 (GCC 6-32),OK,1964,1513699675,manishkc,CONTESTANT,TESTS,50,31,2560000
902,A,33422984,C++14 (GCC 6-32),OK,2244,1513699955,manishkc,CONTESTANT,TESTS,55,31,1945600
902,A,33414860,C++14 (GCC 6-32),CHALLENGED,625,1513698325,manmohan_trivedi,CONTESTANT,CHALLENGES,8,15,1945600
902,C,33427741,C++14 (GCC 6-32),OK,3785,1513701485,manmohan_trivedi,CONTESTANT,TESTS,45,139,2252800
902,A,33429695,C++14 (GCC 6-32),WRONG_ANSWER,4567,1513702267,manmohan_trivedi,CONTESTANT,PRETESTS,0,607,1843200
902,A,33429894,C++14 (GCC 6-32),WRONG_ANSWER,4647,1513702347,manmohan_trivedi,CONTESTANT,CHALLENGES,0,15,1843200
902,A,33430392,C++14 (GCC 6-32),OK,4855,1513702555,manmohan_trivedi,CONTESTANT,TESTS,55,15,1945600
902,B,33432892,C++14 (GCC 6-32),SKIPPED,6063,1513703763,manmohan_trivedi,CONTESTANT,PRETESTS,10,30,2355200
902,B,33433106,C++14 (GCC 6-32),OK,6158,1513703858,manmohan_trivedi,CONTESTANT,TESTS,50,233,2457600
902,A,33420250,Java 8,WRONG_ANSWER,1569,1513699269,mannshah27,CONTESTANT,PRETESTS,2,139,20992000
902,A,33423166,Java 8,WRONG_ANSWER,2312,1513700012,mannshah27,CONTESTANT,PRETESTS,4,155,20992000
902,A,33426880,Java 8,WRONG_ANSWER,3464,1513701164,mannshah27,CONTESTANT,PRETESTS,0,124,20992000
902,A,33427819,Java 8,CHALLENGED,3810,1513701510,mannshah27,CONTESTANT,CHALLENGES,8,140,20992000
902,A,33434150,Java 8,WRONG_ANSWER,6647,1513704347,mannshah27,CONTESTANT,CHALLENGES,0,140,20992000
902,A,33433327,C++14 (GCC 6-32),WRONG_ANSWER,6259,1513703959,manoera262,CONTESTANT,PRETESTS,3,0,1945600
902,A,33435168,C++14 (GCC 6-32),WRONG_ANSWER,7060,1513704760,manoera262,CONTESTANT,PRETESTS,4,15,1945600
902,B,33422870,C++14 (GCC 6-32),OK,2216,1513699927,manoj2527,CONTESTANT,TESTS,50,46,2764800
902,A,33423521,C++14 (GCC 6-32),WRONG_ANSWER,2400,1513700110,manoj2527,CONTESTANT,PRETESTS,2,15,1843200
902,A,33424247,C++14 (GCC 6-32),WRONG_ANSWER,2598,1513700308,manoj2527,CONTESTANT,PRETESTS,2,15,1945600
902,A,33426228,C++14 (GCC 6-32),WRONG_ANSWER,3220,1513700931,manoj2527,CONTESTANT,PRETESTS,2,15,1843200
902,A,33415297,C++14 (GCC 6-32),WRONG_ANSWER,691,1513698391,manoj_269,CONTESTANT,PRETESTS,2,15,1843200
902,A,33419438,C++14 (GCC 6-32),WRONG_ANSWER,1395,1513699095,manoj_269,CONTESTANT,PRETESTS,2,0,1843200
902,A,33427440,GNU C++17 Diagnostics,TIME_LIMIT_EXCEEDED,3671,1513701371,manojkumarb368,CONTESTANT,PRETESTS,2,1000,98406400
902,A,33428071,GNU C++17 Diagnostics,WRONG_ANSWER,3902,1513701602,manojkumarb368,CONTESTANT,PRETESTS,0,795,98099200
902,A,33428574,GNU C++17 Diagnostics,TIME_LIMIT_EXCEEDED,4104,1513701804,manojkumarb368,CONTESTANT,PRETESTS,2,1000,98406400
902,A,33428967,GNU C++17 Diagnostics,WRONG_ANSWER,4264,1513701964,manojkumarb368,CONTESTANT,PRETESTS,2,842,98406400
902,A,33430448,GNU C++17 Diagnostics,RUNTIME_ERROR,4881,1513702581,manojkumarb368,CONTESTANT,PRETESTS,3,779,98406400
902,A,33430890,GNU C++17 Diagnostics,OK,5068,1513702768,manojkumarb368,CONTESTANT,TESTS,55,826,100249600
902,A,33419498,GNU C++,OK,1407,1513699107,marcin12345678,CONTESTANT,TESTS,55,15,2048000
902,B,33429268,GNU C++,WRONG_ANSWER,4383,1513702083,marcin12345678,CONTESTANT,PRETESTS,0,0,2048000
902,A,33413182,GNU C++11,WRONG_ANSWER,345,1513698045,marcio.diaz,CONTESTANT,PRETESTS,2,15,2048000
902,A,33414600,GNU C++11,WRONG_ANSWER,583,1513698283,marcio.diaz,CONTESTANT,PRETESTS,2,0,2048000
902,A,33416252,GNU C++11,WRONG_ANSWER,828,1513698528,marcio.diaz,CONTESTANT,PRETESTS,2,15,2048000
902,A,33416977,GNU C++11,WRONG_ANSWER,940,1513698640,marcio.diaz,CONTESTANT,PRETESTS,4,0,2048000
902,A,33417962,GNU C++11,OK,1110,1513698810,marcio.diaz,CONTESTANT,TESTS,55,15,2048000
902,B,33426383,GNU C++11,OK,3286,1513700986,marcio.diaz,CONTESTANT,TESTS,50,46,2560000
902,C,33433812,GNU C++11,WRONG_ANSWER,6474,1513704174,marcio.diaz,CONTESTANT,PRETESTS,1,0,2048000
902,C,33434626,GNU C++11,WRONG_ANSWER,6855,1513704555,marcio.diaz,CONTESTANT,PRETESTS,1,15,2048000
902,C,33434750,GNU C++11,WRONG_ANSWER,6909,1513704609,marcio.diaz,CONTESTANT,PRETESTS,3,15,2048000
902,C,33435104,GNU C++11,WRONG_ANSWER,7035,1513704735,marcio.diaz,CONTESTANT,PRETESTS,3,15,2048000
902,C,33435406,GNU C++11,WRONG_ANSWER,7136,1513704836,marcio.diaz,CONTESTANT,PRETESTS,1,0,2048000
902,C,33435524,GNU C++11,WRONG_ANSWER,7168,1513704868,marcio.diaz,CONTESTANT,PRETESTS,1,15,2048000
902,A,33417258,C++14 (GCC 6-32),WRONG_ANSWER,981,1513698691,marcosmicJack,CONTESTANT,TESTS,11,15,1945600
902,B,33421390,C++14 (GCC 6-32),OK,1828,1513699539,marcosmicJack,CONTESTANT,TESTS,50,31,1945600
902,C,33431120,C++14 (GCC 6-32),RUNTIME_ERROR,5161,1513702872,marcosmicJack,CONTESTANT,TESTS,13,78,3072000
902,A,33417653,Haskell,OK,1060,1513698760,marek094,CONTESTANT,TESTS,55,31,44851200
902,B,33424630,Haskell,WRONG_ANSWER,2724,1513700424,marek094,CONTESTANT,PRETESTS,2,0,44748800
902,B,33425570,Haskell,OK,3015,1513700715,marek094,CONTESTANT,TESTS,50,124,55500800
902,A,33419119,C++14 (GCC 6-32),WRONG_ANSWER,1337,1513699037,mariammaher550,CONTESTANT,PRETESTS,2,0,1843200
902,A,33423735,C++14 (GCC 6-32),WRONG_ANSWER,2471,1513700171,mariammaher550,CONTESTANT,PRETESTS,2,0,1843200
902,A,33424986,C++14 (GCC 6-32),WRONG_ANSWER,2825,1513700525,mariammaher550,CONTESTANT,PRETESTS,2,0,1843200
902,A,33423933,C++14 (GCC 6-32),OK,2529,1513700229,mariemmimouni800,CONTESTANT,TESTS,55,15,1945600
902,A,33416138,C++14 (GCC 6-32),OK,813,1513698513,mark_42,CONTESTANT,TESTS,55,15,1945600
902,A,33416654,GNU C++11,OK,891,1513698591,marquell0v,CONTESTANT,TESTS,55,15,2048000
902,B,33420117,GNU C++11,OK,1539,1513699239,marquell0v,CONTESTANT,TESTS,50,62,2457600
902,C,33428074,GNU C++11,OK,3903,1513701603,marquell0v,CONTESTANT,TESTS,45,327,2457600
902,A,33413183,GNU C++,OK,345,1513698045,marwankhaled,CONTESTANT,TESTS,55,30,2048000
902,B,33419487,GNU C++,OK,1405,1513699105,marwankhaled,CONTESTANT,TESTS,50,46,2150400
902,A,33414704,GNU C++11,OK,596,1513698296,masamasa,CONTESTANT,TESTS,55,15,2048000
902,B,33418926,GNU C++11,OK,1290,1513698990,masamasa,CONTESTANT,TESTS,50,31,18432000
902,C,33424786,GNU C++11,OK,2768,1513700468,masamasa,CONTESTANT,TESTS,45,109,14131200
902,D,33434927,GNU C++11,WRONG_ANSWER,6979,1513704679,masamasa,CONTESTANT,PRETESTS,2,0,2048000
902,A,33414718,C++14 (GCC 6-32),WRONG_ANSWER,599,1513698299,mash2,CONTESTANT,PRETESTS,2,15,1945600
902,A,33425760,C++14 (GCC 6-32),OK,3077,1513700777,mash2,CONTESTANT,TESTS,55,31,1945600
902,A,33422090,GNU C++11,COMPILATION_ERROR,2010,1513699710,mashkook,CONTESTANT,PRETESTS,0,0,0
902,A,33422150,GNU C++11,WRONG_ANSWER,2027,1513699727,mashkook,CONTESTANT,PRETESTS,2,0,2048000
902,A,33424445,GNU C++11,TIME_LIMIT_EXCEEDED,2671,1513700371,mashkook,CONTESTANT,PRETESTS,1,1000,2048000
902,A,33424681,GNU C++11,WRONG_ANSWER,2739,1513700439,mashkook,CONTESTANT,PRETESTS,0,0,2048000
902,A,33428627,GNU C++11,CHALLENGED,4129,1513701829,mashkook,CONTESTANT,CHALLENGES,8,15,2048000
902,A,33417702,Python 3,WRONG_ANSWER,1067,1513698767,mashot228,CONTESTANT,PRETESTS,2,46,5529600
902,A,33419779,Python 3,OK,1462,1513699162,mashot228,CONTESTANT,TESTS,55,62,5529600
902,B,33425778,GNU C++11,OK,3082,1513700782,mashot228,CONTESTANT,TESTS,50,234,2457600
902,A,33414144,Python 3,CHALLENGED,511,1513698211,masmoudi,CONTESTANT,CHALLENGES,8,62,5529600
902,B,33422575,Python 3,OK,2147,1513699847,masmoudi,CONTESTANT,TESTS,50,77,6553600
902,C,33428996,Python 3,WRONG_ANSWER,4278,1513701978,masmoudi,CONTESTANT,PRETESTS,3,61,5529600
902,A,33429511,Python 3,RUNTIME_ERROR,4490,1513702190,masmoudi,CONTESTANT,PRETESTS,0,30,5529600
902,A,33429607,Python 3,OK,4536,1513702236,masmoudi,CONTESTANT,TESTS,55,62,5529600
902,C,33430015,Python 3,WRONG_ANSWER,4702,1513702402,masmoudi,CONTESTANT,PRETESTS,3,46,5529600
902,C,33431263,Python 3,WRONG_ANSWER,5245,1513702945,masmoudi,CONTESTANT,PRETESTS,3,46,5529600
902,C,33431665,Python 3,WRONG_ANSWER,5442,1513703142,masmoudi,CONTESTANT,PRETESTS,3,46,5529600
902,C,33434710,Python 3,WRONG_ANSWER,6889,1513704589,masmoudi,CONTESTANT,PRETESTS,1,61,5529600
902,C,33434801,Python 3,WRONG_ANSWER,6932,1513704632,masmoudi,CONTESTANT,TESTS,37,982,10342400
902,A,33418763,Java 8,WRONG_ANSWER,1245,1513698955,masterMint,CONTESTANT,PRETESTS,3,139,20992000
902,A,33419572,Java 8,WRONG_ANSWER,1416,1513699126,masterMint,CONTESTANT,TESTS,20,155,20992000
902,A,33412718,C++14 (GCC 6-32),OK,214,1513697914,mat_v,CONTESTANT,TESTS,55,15,1945600
902,B,33415348,C++14 (GCC 6-32),WRONG_ANSWER,698,1513698398,mat_v,CONTESTANT,PRETESTS,9,15,2355200
902,B,33418144,C++14 (GCC 6-32),SKIPPED,1139,1513698839,mat_v,CONTESTANT,PRETESTS,10,15,2355200
902,C,33424901,C++14 (GCC 6-32),WRONG_ANSWER,2799,1513700499,mat_v,CONTESTANT,PRETESTS,1,0,2662400
902,C,33425036,C++14 (GCC 6-32),WRONG_ANSWER,2842,1513700542,mat_v,CONTESTANT,PRETESTS,1,0,2662400
902,C,33427856,C++14 (GCC 6-32),OK,3822,1513701522,mat_v,CONTESTANT,TESTS,45,155,5632000
902,B,33428922,C++14 (GCC 6-32),OK,4246,1513701946,mat_v,CONTESTANT,TESTS,50,31,2457600
902,A,33427525,GNU C,WRONG_ANSWER,3707,1513701407,matchaZ,CONTESTANT,PRETESTS,3,15,1843200
902,A,33428175,GNU C,WRONG_ANSWER,3948,1513701648,matchaZ,CONTESTANT,PRETESTS,3,15,1843200
902,A,33429202,GNU C,WRONG_ANSWER,4358,1513702058,matchaZ,CONTESTANT,PRETESTS,0,15,1843200
902,A,33429625,GNU C,WRONG_ANSWER,4543,1513702243,matchaZ,CONTESTANT,PRETESTS,0,0,1843200
902,A,33429795,GNU C,WRONG_ANSWER,4612,1513702312,matchaZ,CONTESTANT,PRETESTS,0,15,1843200
902,A,33430859,GNU C,WRONG_ANSWER,5055,1513702755,matchaZ,CONTESTANT,PRETESTS,3,15,1843200
902,A,33431162,GNU C,WRONG_ANSWER,5196,1513702896,matchaZ,CONTESTANT,PRETESTS,3,15,1843200
902,A,33432156,GNU C,OK,5692,1513703392,matchaZ,CONTESTANT,TESTS,55,30,1843200
902,A,33419420,C++14 (GCC 6-32),WRONG_ANSWER,1391,1513699091,mateusbessoni100,CONTESTANT,PRETESTS,2,15,1843200
902,A,33425019,C++14 (GCC 6-32),TIME_LIMIT_EXCEEDED,2835,1513700535,mateusbessoni100,CONTESTANT,PRETESTS,2,1000,1945600
902,A,33425187,C++14 (GCC 6-32),WRONG_ANSWER,2888,1513700588,mateusbessoni100,CONTESTANT,PRETESTS,2,15,1945600
902,A,33426509,C++14 (GCC 6-32),WRONG_ANSWER,3326,1513701026,mateusbessoni100,CONTESTANT,PRETESTS,2,0,1945600
902,A,33430233,C++14 (GCC 6-32),WRONG_ANSWER,4794,1513702494,mateusbessoni100,CONTESTANT,PRETESTS,2,0,5939200
902,A,33420568,C++14 (GCC 6-32),CHALLENGED,1641,1513699341,math2do,CONTESTANT,CHALLENGES,8,15,1843200
902,B,33430419,C++14 (GCC 6-32),OK,4868,1513702568,math2do,CONTESTANT,TESTS,50,265,2457600
902,A,33418482,C++14 (GCC 6-32),OK,1200,1513698900,maulik_trapasiya,CONTESTANT,TESTS,55,15,1945600
902,B,33426095,C++14 (GCC 6-32),OK,3187,1513700887,maulik_trapasiya,CONTESTANT,TESTS,50,46,2560000
902,C,33435329,C++14 (GCC 6-32),WRONG_ANSWER,7113,1513704813,maulik_trapasiya,CONTESTANT,PRETESTS,4,15,2252800
902,A,33419271,GNU C++11,WRONG_ANSWER,1363,1513699063,maximzubkov,CONTESTANT,PRETESTS,5,15,2048000
902,A,33423252,GNU C++11,WRONG_ANSWER,2331,1513700041,maximzubkov,CONTESTANT,PRETESTS,2,15,2048000
902,A,33426297,GNU C++11,COMPILATION_ERROR,3243,1513700953,maximzubkov,CONTESTANT,PRETESTS,0,0,0
902,A,33426490,GNU C++11,OK,3308,1513701019,maximzubkov,CONTESTANT,TESTS,55,15,2150400
902,B,33432927,GNU C++11,WRONG_ANSWER,6067,1513703777,maximzubkov,CONTESTANT,PRETESTS,0,15,6041600
902,B,33433372,GNU C++11,WRONG_ANSWER,6270,1513703980,maximzubkov,CONTESTANT,PRETESTS,0,0,2048000
902,B,33433527,C++14 (GCC 6-32),WRONG_ANSWER,6335,1513704045,maximzubkov,CONTESTANT,PRETESTS,0,15,1843200
902,B,33433637,C++14 (GCC 6-32),WRONG_ANSWER,6389,1513704099,maximzubkov,CONTESTANT,PRETESTS,0,0,1945600
902,B,33434396,C++14 (GCC 6-32),TIME_LIMIT_EXCEEDED,6745,1513704455,maximzubkov,CONTESTANT,PRETESTS,5,1000,12288000
902,B,33434595,C++14 (GCC 6-32),TIME_LIMIT_EXCEEDED,6832,1513704543,maximzubkov,CONTESTANT,PRETESTS,5,1000,12288000
902,B,33435138,C++14 (GCC 6-32),OK,7037,1513704747,maximzubkov,CONTESTANT,TESTS,50,46,2560000
902,B,33423003,C++14 (GCC 6-32),OK,2260,1513699960,mayank_kool,CONTESTANT,TESTS,50,15,2662400
902,A,33427363,GNU C++11,OK,3646,1513701346,mazyar,CONTESTANT,TESTS,55,15,2048000
902,A,33417687,C++14 (GCC 6-32),WRONG_ANSWER,1054,1513698764,mb97,CONTESTANT,PRETESTS,2,15,1945600
902,A,33418308,C++14 (GCC 6-32),WRONG_ANSWER,1159,1513698869,mb97,CONTESTANT,PRETESTS,2,15,1843200
902,A,33423145,C++14 (GCC 6-32),OK,2296,1513700007,mb97,CONTESTANT,TESTS,55,15,1945600
902,A,33428353,C++14 (GCC 6-32),WRONG_ANSWER,4010,1513701710,mballen1,CONTESTANT,PRETESTS,2,15,1945600
902,A,33428718,C++14 (GCC 6-32),WRONG_ANSWER,4167,1513701867,mballen1,CONTESTANT,PRETESTS,4,15,1945600
902,A,33429436,C++14 (GCC 6-32),CHALLENGED,4457,1513702157,mballen1,CONTESTANT,CHALLENGES,8,15,1945600
902,A,33432108,C++14 (GCC 6-32),WRONG_ANSWER,5670,1513703370,mballen1,CONTESTANT,PRETESTS,0,0,1945600
902,A,33435191,C++14 (GCC 6-32),WRONG_ANSWER,7068,1513704768,mballen1,CONTESTANT,PRETESTS,3,15,1945600
902,A,33435588,C++14 (GCC 6-32),WRONG_ANSWER,7181,1513704881,mballen1,CONTESTANT,PRETESTS,3,15,1945600
902,A,33416304,C++14 (GCC 6-32),WRONG_ANSWER,838,1513698538,mbstu_angkur,CONTESTANT,PRETESTS,4,15,1843200
902,A,33423113,C++14 (GCC 6-32),WRONG_ANSWER,2295,1513699995,mbstu_angkur,CONTESTANT,PRETESTS,5,15,1843200
902,B,33425049,C++14 (GCC 6-32),OK,2845,1513700545,mbstu_angkur,CONTESTANT,TESTS,50,202,7577600
902,A,33427656,C++14 (GCC 6-32),WRONG_ANSWER,3749,1513701449,mbstu_angkur,CONTESTANT,PRETESTS,5,15,1843200
902,A,33429086,C++14 (GCC 6-32),OK,4312,1513702012,mbstu_angkur,CONTESTANT,TESTS,55,15,2150400
902,A,33417198,C++14 (GCC 6-32),OK,971,1513698682,mbstu_nitai,CONTESTANT,TESTS,55,15,1945600
902,B,33421029,C++14 (GCC 6-32),OK,1742,1513699453,mbstu_nitai,CONTESTANT,TESTS,50,31,2457600
902,C,33432285,C++14 (GCC 6-32),WRONG_ANSWER,5747,1513703457,mbstu_nitai,CONTESTANT,PRETESTS,3,15,3481600
902,C,33432483,C++14 (GCC 6-32),WRONG_ANSWER,5845,1513703555,mbstu_nitai,CONTESTANT,PRETESTS,3,15,3481600
902,C,33432901,C++14 (GCC 6-32),WRONG_ANSWER,6057,1513703767,mbstu_nitai,CONTESTANT,PRETESTS,3,15,3481600
902,C,33433314,C++14 (GCC 6-32),WRONG_ANSWER,6243,1513703954,mbstu_nitai,CONTESTANT,PRETESTS,3,15,3481600
902,C,33433414,C++14 (GCC 6-32),WRONG_ANSWER,6290,1513704000,mbstu_nitai,CONTESTANT,PRETESTS,3,15,3481600
902,C,33433882,C++14 (GCC 6-32),WRONG_ANSWER,6502,1513704212,mbstu_nitai,CONTESTANT,PRETESTS,3,15,3481600
902,C,33434486,C++14 (GCC 6-32),WRONG_ANSWER,6788,1513704499,mbstu_nitai,CONTESTANT,PRETESTS,1,15,3481600
902,C,33434661,C++14 (GCC 6-32),WRONG_ANSWER,6858,1513704569,mbstu_nitai,CONTESTANT,PRETESTS,3,15,3481600
902,A,33418043,C++14 (GCC 6-32),OK,1114,1513698824,mcc,CONTESTANT,TESTS,55,15,1945600
902,A,33413252,C++14 (GCC 6-32),OK,359,1513698059,mccastro,CONTESTANT,TESTS,55,15,2048000
902,B,33416627,C++14 (GCC 6-32),OK,887,1513698587,mccastro,CONTESTANT,TESTS,50,30,4403200
902,C,33422328,C++14 (GCC 6-32),OK,2073,1513699773,mccastro,CONTESTANT,TESTS,45,93,2662400
902,D,33429601,C++14 (GCC 6-32),OK,4532,1513702232,mccastro,CONTESTANT,TESTS,150,15,2150400
902,A,33413203,GNU C++11,WRONG_ANSWER,350,1513698050,md_mahbub,CONTESTANT,PRETESTS,2,15,2048000
902,A,33413883,GNU C++11,WRONG_ANSWER,468,1513698168,md_mahbub,CONTESTANT,PRETESTS,2,15,2048000
902,A,33414700,GNU C++11,WRONG_ANSWER,595,1513698295,md_mahbub,CONTESTANT,PRETESTS,4,15,2048000
902,A,33418728,GNU C++11,WRONG_ANSWER,1248,1513698948,md_mahbub,CONTESTANT,PRETESTS,4,15,2048000
902,A,33420209,GNU C++11,OK,1560,1513699260,md_mahbub,CONTESTANT,TESTS,55,15,2150400
902,A,33425358,GNU C++11,WRONG_ANSWER,2947,1513700647,mdatikshahriar,CONTESTANT,PRETESTS,4,15,2048000
902,A,33427532,GNU C++11,WRONG_ANSWER,3709,1513701409,mdatikshahriar,CONTESTANT,PRETESTS,4,15,2048000
902,A,33417068,GNU C++11,CHALLENGED,956,1513698656,mdmushfiq2,CONTESTANT,CHALLENGES,8,15,2048000
902,A,33417856,C++14 (GCC 6-32),OK,1095,1513698795,mdshs.shanto,CONTESTANT,TESTS,55,15,1843200
902,B,33422878,C++14 (GCC 6-32),OK,2229,1513699929,mdshs.shanto,CONTESTANT,TESTS,50,15,2560000
902,A,33421567,GNU C++11,OK,1885,1513699585,me.ydv.5,CONTESTANT,TESTS,55,15,2048000
902,A,33416664,C++14 (GCC 6-32),WRONG_ANSWER,892,1513698592,medamine,CONTESTANT,PRETESTS,4,15,1843200
902,A,33420036,C++14 (GCC 6-32),WRONG_ANSWER,1520,1513699220,medamine,CONTESTANT,PRETESTS,4,15,1945600
902,A,33421735,C++14 (GCC 6-32),WRONG_ANSWER,1923,1513699623,medamine,CONTESTANT,PRETESTS,1,15,1843200
902,A,33422169,C++14 (GCC 6-32),OK,2031,1513699731,medamine,CONTESTANT,TESTS,55,15,1945600
902,B,33426050,C++14 (GCC 6-32),OK,3169,1513700869,medamine,CONTESTANT,TESTS,50,46,2560000
902,D,33434397,C++14 (GCC 6-32),WRONG_ANSWER,6756,1513704456,medamine,CONTESTANT,PRETESTS,3,15,1843200
902,D,33435120,C++14 (GCC 6-32),WRONG_ANSWER,7039,1513704739,medamine,CONTESTANT,PRETESTS,1,15,1843200
902,A,33413305,C++14 (GCC 6-32),WRONG_ANSWER,368,1513698068,mediteran13,CONTESTANT,PRETESTS,2,0,2355200
902,B,33419347,C++14 (GCC 6-32),OK,1363,1513699074,mediteran13,CONTESTANT,TESTS,50,31,2560000
902,A,33420857,C++14 (GCC 6-32),OK,1711,1513699411,mediteran13,CONTESTANT,TESTS,55,15,1945600
902,D,33427311,C++14 (GCC 6-32),WRONG_ANSWER,3631,1513701331,mediteran13,CONTESTANT,PRETESTS,2,15,1945600
902,D,33430482,C++14 (GCC 6-32),WRONG_ANSWER,4893,1513702593,mediteran13,CONTESTANT,PRETESTS,2,15,1945600
902,A,33416067,C++14 (GCC 6-32),OK,801,1513698501,meet97_patel,CONTESTANT,TESTS,55,31,1945600
902,B,33431066,C++14 (GCC 6-32),WRONG_ANSWER,5149,1513702849,meet97_patel,CONTESTANT,PRETESTS,5,15,2048000
902,B,33432637,C++14 (GCC 6-32),OK,5939,1513703639,meet97_patel,CONTESTANT,TESTS,50,31,1945600
902,A,33419171,C++14 (GCC 6-32),COMPILATION_ERROR,1345,1513699045,meet_m,CONTESTANT,PRETESTS,0,0,0
902,A,33419699,C++14 (GCC 6-32),OK,1449,1513699149,meet_m,CONTESTANT,TESTS,55,15,2048000
902,B,33431734,C++14 (GCC 6-32),TIME_LIMIT_EXCEEDED,5480,1513703180,meet_m,CONTESTANT,PRETESTS,5,1000,4198400
902,B,33431851,C++14 (GCC 6-32),TIME_LIMIT_EXCEEDED,5544,1513703244,meet_m,CONTESTANT,PRETESTS,5,1000,4300800
902,B,33433170,C++14 (GCC 6-32),OK,6192,1513703892,meet_m,CONTESTANT,TESTS,50,31,2662400
902,A,33414897,C++14 (GCC 6-32),OK,630,1513698330,meetjoshi,CONTESTANT,TESTS,55,15,1945600
902,B,33420072,C++14 (GCC 6-32),OK,1529,1513699229,meetjoshi,CONTESTANT,TESTS,50,15,1945600
902,C,33427555,C++14 (GCC 6-32),OK,3714,1513701414,meetjoshi,CONTESTANT,TESTS,45,93,2252800
902,D,33433474,C++14 (GCC 6-32),WRONG_ANSWER,6323,1513704023,meetjoshi,CONTESTANT,PRETESTS,3,15,2355200
902,D,33434281,C++14 (GCC 6-32),WRONG_ANSWER,6707,1513704407,meetjoshi,CONTESTANT,PRETESTS,6,0,2355200
902,D,33434553,C++14 (GCC 6-32),WRONG_ANSWER,6824,1513704524,meetjoshi,CONTESTANT,PRETESTS,2,0,2355200
902,D,33435239,C++14 (GCC 6-32),WRONG_ANSWER,7084,1513704784,meetjoshi,CONTESTANT,PRETESTS,2,15,2355200
902,A,33414590,GNU C++11,OK,581,1513698281,meetsid20,CONTESTANT,TESTS,55,15,2048000
902,B,33420213,GNU C++11,OK,1561,1513699261,meetsid20,CONTESTANT,TESTS,50,31,2764800
902,C,33425614,GNU C++11,OK,3027,1513700727,meetsid20,CONTESTANT,TESTS,45,295,8396800
902,D,33431542,GNU C++11,WRONG_ANSWER,5381,1513703081,meetsid20,CONTESTANT,PRETESTS,2,15,2048000
902,D,33434339,GNU C++11,WRONG_ANSWER,6732,1513704433,meetsid20,CONTESTANT,PRETESTS,2,15,2048000
902,D,33435045,GNU C++11,OK,7019,1513704719,meetsid20,CONTESTANT,TESTS,150,15,2252800
902,A,33414251,GNU C++11,COMPILATION_ERROR,527,1513698227,mefrah,CONTESTANT,PRETESTS,0,0,0
902,A,33414494,GNU C++11,OK,565,1513698265,mefrah,CONTESTANT,TESTS,55,15,2048000
902,B,33420798,GNU C++11,OK,1698,1513699398,mefrah,CONTESTANT,TESTS,50,46,2560000
902,C,33434861,GNU C++11,OK,6955,1513704655,mefrah,CONTESTANT,TESTS,45,327,2457600
902,A,33417053,GNU C++11,WRONG_ANSWER,954,1513698654,mehedi,CONTESTANT,PRETESTS,2,15,2048000
902,A,33418036,GNU C++11,COMPILATION_ERROR,1123,1513698823,mehedi,CONTESTANT,PRETESTS,0,0,0
902,A,33418217,GNU C++11,WRONG_ANSWER,1153,1513698853,mehedi,CONTESTANT,PRETESTS,2,15,2048000
902,A,33423087,GNU C++11,WRONG_ANSWER,2285,1513699985,mehedi,CONTESTANT,PRETESTS,2,15,2048000
902,A,33424314,GNU C++11,WRONG_ANSWER,2628,1513700328,mehedi,CONTESTANT,PRETESTS,6,15,2048000
902,A,33430411,GNU C++11,WRONG_ANSWER,4865,1513702565,mehedi,CONTESTANT,TESTS,47,15,2048000
902,A,33423604,Java 8,RUNTIME_ERROR,2432,1513700132,mehtayash23,CONTESTANT,PRETESTS,3,124,20992000
902,B,33427530,Java 8,OK,3709,1513701409,mehtayash23,CONTESTANT,TESTS,50,202,21196800
902,A,33429228,Java 8,WRONG_ANSWER,4366,1513702066,mehtayash23,CONTESTANT,PRETESTS,2,140,20992000
902,A,33431318,Java 8,WRONG_ANSWER,5269,1513702969,mehtayash23,CONTESTANT,PRETESTS,2,124,20992000
902,A,33432559,Java 8,WRONG_ANSWER,5900,1513703600,mehtayash23,CONTESTANT,PRETESTS,4,139,20992000
902,A,33434483,Java 8,WRONG_ANSWER,6797,1513704497,mehtayash23,CONTESTANT,PRETESTS,4,140,20992000
902,A,33415942,GNU C++,OK,773,1513698483,melika.hnd,CONTESTANT,TESTS,55,30,2048000
902,B,33423026,GNU C++,WRONG_ANSWER,2257,1513699968,melika.hnd,CONTESTANT,PRETESTS,9,31,2457600
902,B,33425203,GNU C++,OK,2883,1513700594,melika.hnd,CONTESTANT,TESTS,50,46,2560000
902,C,33428581,GNU C++,WRONG_ANSWER,4097,1513701807,melika.hnd,CONTESTANT,PRETESTS,1,0,2867200
902,C,33429189,GNU C++,WRONG_ANSWER,4342,1513702052,melika.hnd,CONTESTANT,PRETESTS,3,15,2867200
902,C,33430050,GNU C++,WRONG_ANSWER,4707,1513702417,melika.hnd,CONTESTANT,PRETESTS,3,15,2867200
902,C,33430347,GNU C++,OK,4829,1513702540,melika.hnd,CONTESTANT,TESTS,45,311,2867200
902,A,33415189,GNU C++,OK,674,1513698374,mellicard,CONTESTANT,TESTS,55,15,2048000
902,B,33419072,GNU C++,OK,1326,1513699026,mellicard,CONTESTANT,TESTS,50,62,2560000
902,C,33425224,GNU C++,WRONG_ANSWER,2901,1513700601,mellicard,CONTESTANT,PRETESTS,1,0,4505600
902,C,33426347,GNU C++,OK,3269,1513700969,mellicard,CONTESTANT,TESTS,45,327,4505600
902,A,33413123,C++14 (GCC 6-32),WRONG_ANSWER,335,1513698035,meopass_0v0,CONTESTANT,PRETESTS,2,0,1945600
902,A,33413283,C++14 (GCC 6-32),COMPILATION_ERROR,365,1513698065,meopass_0v0,CONTESTANT,PRETESTS,0,0,0
902,A,33413389,C++14 (GCC 6-32),WRONG_ANSWER,382,1513698083,meopass_0v0,CONTESTANT,PRETESTS,2,15,1945600
902,B,33417352,C++14 (GCC 6-32),OK,1007,1513698707,meopass_0v0,CONTESTANT,TESTS,50,15,2355200
902,A,33418541,C++14 (GCC 6-32),WRONG_ANSWER,1212,1513698912,meopass_0v0,CONTESTANT,PRETESTS,3,15,1945600
902,A,33418659,C++14 (GCC 6-32),OK,1234,1513698934,meopass_0v0,CONTESTANT,TESTS,55,15,1945600
902,C,33425350,C++14 (GCC 6-32),WRONG_ANSWER,2945,1513700645,meopass_0v0,CONTESTANT,PRETESTS,1,15,2355200
902,C,33425770,C++14 (GCC 6-32),WRONG_ANSWER,3079,1513700779,meopass_0v0,CONTESTANT,PRETESTS,3,15,2457600
902,C,33427955,C++14 (GCC 6-32),WRONG_ANSWER,3857,1513701557,meopass_0v0,CONTESTANT,PRETESTS,3,15,2355200
902,D,33431032,C++14 (GCC 6-32),WRONG_ANSWER,5133,1513702833,meopass_0v0,CONTESTANT,PRETESTS,2,0,2150400
902,D,33434039,C++14 (GCC 6-32),WRONG_ANSWER,6601,1513704301,meopass_0v0,CONTESTANT,PRETESTS,3,15,2150400
902,D,33435186,C++14 (GCC 6-32),WRONG_ANSWER,7066,1513704766,meopass_0v0,CONTESTANT,PRETESTS,3,15,2150400
902,D,33435343,C++14 (GCC 6-32),WRONG_ANSWER,7117,1513704817,meopass_0v0,CONTESTANT,PRETESTS,4,15,2150400
902,D,33435644,C++14 (GCC 6-32),OK,7191,1513704891,meopass_0v0,CONTESTANT,TESTS,150,15,2150400
902,A,33422455,GNU C,WRONG_ANSWER,2113,1513699813,merajmasuk,CONTESTANT,PRETESTS,2,15,1843200
902,A,33423861,GNU C,WRONG_ANSWER,2505,1513700205,merajmasuk,CONTESTANT,PRETESTS,2,0,1843200
902,A,33425898,GNU C,WRONG_ANSWER,3119,1513700819,merajmasuk,CONTESTANT,PRETESTS,2,15,1843200
902,A,33412928,GNU C++11,OK,293,1513697993,metamorphosis00,CONTESTANT,TESTS,55,15,2048000
902,B,33421384,GNU C++11,OK,1837,1513699537,metamorphosis00,CONTESTANT,TESTS,50,15,8294400
902,C,33428667,GNU C++11,WRONG_ANSWER,4147,1513701847,metamorphosis00,CONTESTANT,PRETESTS,1,15,10444800
902,C,33429680,GNU C++11,WRONG_ANSWER,4562,1513702262,metamorphosis00,CONTESTANT,PRETESTS,4,15,10444800
902,C,33429900,GNU C++11,WRONG_ANSWER,4648,1513702348,metamorphosis00,CONTESTANT,PRETESTS,4,31,10444800
902,C,33431723,GNU C++11,WRONG_ANSWER,5475,1513703175,metamorphosis00,CONTESTANT,PRETESTS,4,15,10444800
902,C,33432778,GNU C++11,WRONG_ANSWER,6001,1513703701,metamorphosis00,CONTESTANT,PRETESTS,4,31,10444800
902,C,33432904,GNU C++11,WRONG_ANSWER,6068,1513703768,metamorphosis00,CONTESTANT,PRETESTS,4,15,10444800
902,C,33432988,GNU C++11,WRONG_ANSWER,6103,1513703803,metamorphosis00,CONTESTANT,PRETESTS,4,15,10444800
902,C,33433487,GNU C++11,WRONG_ANSWER,6328,1513704028,metamorphosis00,CONTESTANT,PRETESTS,4,15,10444800
902,C,33433707,GNU C++11,WRONG_ANSWER,6427,1513704127,metamorphosis00,CONTESTANT,PRETESTS,4,0,10444800
902,C,33433863,GNU C++11,RUNTIME_ERROR,6504,1513704204,metamorphosis00,CONTESTANT,PRETESTS,2,15,10444800
902,C,33434070,GNU C++11,RUNTIME_ERROR,6611,1513704311,metamorphosis00,CONTESTANT,PRETESTS,0,0,10444800
902,C,33434105,GNU C++11,WRONG_ANSWER,6628,1513704328,metamorphosis00,CONTESTANT,PRETESTS,4,15,10444800
902,C,33434550,GNU C++11,WRONG_ANSWER,6823,1513704523,metamorphosis00,CONTESTANT,PRETESTS,4,15,10444800
902,A,33413277,C++14 (GCC 6-32),WRONG_ANSWER,354,1513698064,metiulekm,CONTESTANT,PRETESTS,3,15,1843200
902,A,33413805,C++14 (GCC 6-32),OK,445,1513698156,metiulekm,CONTESTANT,TESTS,55,15,1945600
902,B,33421679,C++14 (GCC 6-32),OK,1899,1513699610,metiulekm,CONTESTANT,TESTS,50,139,14643200
902,C,33426817,C++14 (GCC 6-32),OK,3430,1513701140,metiulekm,CONTESTANT,TESTS,45,155,5324800
902,D,33432956,C++14 (GCC 6-32),WRONG_ANSWER,6080,1513703790,metiulekm,CONTESTANT,PRETESTS,2,15,1843200
902,D,33433962,C++14 (GCC 6-32),RUNTIME_ERROR,6547,1513704257,metiulekm,CONTESTANT,PRETESTS,3,15,1843200
902,D,33434560,C++14 (GCC 6-32),WRONG_ANSWER,6816,1513704527,metiulekm,CONTESTANT,PRETESTS,5,15,1945600
902,D,33434939,C++14 (GCC 6-32),OK,6972,1513704682,metiulekm,CONTESTANT,TESTS,150,15,1945600
902,A,33416983,Java 8,WRONG_ANSWER,942,1513698642,mgefimov,CONTESTANT,PRETESTS,4,140,20992000
902,A,33419231,Java 8,WRONG_ANSWER,1357,1513699057,mgefimov,CONTESTANT,PRETESTS,4,140,20992000
902,A,33420645,Java 8,WRONG_ANSWER,1659,1513699359,mgefimov,CONTESTANT,PRETESTS,4,140,20992000
902,B,33427514,JavaScript,COMPILATION_ERROR,3704,1513701404,mgefimov,CONTESTANT,PRETESTS,0,0,0
902,B,33427589,Java 8,OK,3728,1513701428,mgefimov,CONTESTANT,TESTS,50,717,21299200
902,A,33429688,Java 8,WRONG_ANSWER,4565,1513702265,mgefimov,CONTESTANT,PRETESTS,4,140,20992000
902,C,33433560,Java 8,WRONG_ANSWER,6361,1513704061,mgefimov,CONTESTANT,PRETESTS,1,139,20992000
902,C,33433915,Java 8,WRONG_ANSWER,6529,1513704229,mgefimov,CONTESTANT,PRETESTS,3,124,20992000
902,C,33434529,Java 8,WRONG_ANSWER,6815,1513704515,mgefimov,CONTESTANT,PRETESTS,1,124,20992000
902,C,33434783,Java 8,WRONG_ANSWER,6923,1513704623,mgefimov,CONTESTANT,PRETESTS,3,139,20992000
902,C,33435028,Java 8,WRONG_ANSWER,7015,1513704715,mgefimov,CONTESTANT,PRETESTS,3,139,20992000
902,A,33425548,Python 2,WRONG_ANSWER,2996,1513700707,mgserjio,CONTESTANT,PRETESTS,3,61,4608000
902,A,33427101,Python 2,WRONG_ANSWER,3533,1513701244,mgserjio,CONTESTANT,PRETESTS,2,46,4608000
902,A,33427512,Python 2,WRONG_ANSWER,3691,1513701401,mgserjio,CONTESTANT,PRETESTS,2,46,4505600
902,A,33429129,Python 2,WRONG_ANSWER,4317,1513702028,mgserjio,CONTESTANT,PRETESTS,4,61,4608000
902,A,33429751,Python 2,WRONG_ANSWER,4582,1513702293,mgserjio,CONTESTANT,PRETESTS,4,62,4505600
902,A,33430640,Python 2,OK,4957,1513702667,mgserjio,CONTESTANT,TESTS,55,62,4608000
902,A,33421383,GNU C++11,OK,1827,1513699537,mharsh1903,CONTESTANT,TESTS,55,15,2150400
902,B,33430426,GNU C++11,OK,4859,1513702569,mharsh1903,CONTESTANT,TESTS,50,61,4403200
902,A,33413325,GNU C++11,WRONG_ANSWER,360,1513698071,mi_nd,CONTESTANT,PRETESTS,1,0,3276800
902,A,33415008,GNU C++11,OK,637,1513698348,mi_nd,CONTESTANT,TESTS,55,15,3276800
902,B,33421324,GNU C++11,OK,1814,1513699524,mi_nd,CONTESTANT,TESTS,50,249,4300800
902,C,33430149,GNU C++11,WRONG_ANSWER,4753,1513702464,mi_nd,CONTESTANT,PRETESTS,4,15,4505600
902,C,33432130,GNU C++11,OK,5670,1513703381,mi_nd,CONTESTANT,TESTS,45,312,4505600
902,A,33421182,GNU C++,OK,1789,1513699489,mia-vy,CONTESTANT,TESTS,55,15,2048000
902,A,33415761,C++14 (GCC 6-32),WRONG_ANSWER,759,1513698459,michael_ayad,CONTESTANT,PRETESTS,2,0,1945600
902,A,33417967,C++14 (GCC 6-32),WRONG_ANSWER,1111,1513698811,michael_ayad,CONTESTANT,PRETESTS,2,0,1843200
902,A,33422456,C++14 (GCC 6-32),WRONG_ANSWER,2113,1513699813,michael_ayad,CONTESTANT,PRETESTS,2,0,1945600
902,A,33424720,C++14 (GCC 6-32),WRONG_ANSWER,2748,1513700448,michael_ayad,CONTESTANT,PRETESTS,2,0,1945600
902,A,33425131,C++14 (GCC 6-32),WRONG_ANSWER,2870,1513700570,michael_ayad,CONTESTANT,PRETESTS,2,15,1843200
902,A,33426608,C++14 (GCC 6-32),WRONG_ANSWER,3366,1513701066,michael_ayad,CONTESTANT,PRETESTS,2,15,1945600
902,A,33421202,GNU C++11,WRONG_ANSWER,1795,1513699495,mickey_1609,CONTESTANT,PRETESTS,4,15,2048000
902,A,33424590,GNU C++11,WRONG_ANSWER,2712,1513700412,mickey_1609,CONTESTANT,PRETESTS,2,15,2048000
902,B,33431610,GNU C++11,OK,5412,1513703112,mickey_1609,CONTESTANT,TESTS,50,46,4300800
902,A,33413415,C++14 (GCC 6-32),WRONG_ANSWER,389,1513698089,miguell,CONTESTANT,PRETESTS,2,0,1945600
902,A,33414510,C++14 (GCC 6-32),WRONG_ANSWER,568,1513698268,miguell,CONTESTANT,PRETESTS,2,15,1945600
902,A,33421277,C++14 (GCC 6-32),WRONG_ANSWER,1814,1513699514,miguell,CONTESTANT,PRETESTS,2,0,1945600
902,A,33415366,C++14 (GCC 6-32),OK,701,1513698401,mika_kzm,CONTESTANT,TESTS,55,15,1945600
902,B,33420906,C++14 (GCC 6-32),WRONG_ANSWER,1720,1513699420,mika_kzm,CONTESTANT,PRETESTS,4,15,2150400
902,B,33422054,C++14 (GCC 6-32),OK,2004,1513699704,mika_kzm,CONTESTANT,TESTS,50,31,2560000
902,C,33428408,C++14 (GCC 6-32),WRONG_ANSWER,4038,1513701738,mika_kzm,CONTESTANT,PRETESTS,1,0,2662400
902,C,33428668,C++14 (GCC 6-32),WRONG_ANSWER,4147,1513701847,mika_kzm,CONTESTANT,PRETESTS,1,15,2662400
902,C,33428891,C++14 (GCC 6-32),WRONG_ANSWER,4235,1513701935,mika_kzm,CONTESTANT,PRETESTS,3,15,2662400
902,C,33429629,C++14 (GCC 6-32),RUNTIME_ERROR,4544,1513702244,mika_kzm,CONTESTANT,TESTS,13,109,2662400
902,A,33430047,C++14 (GCC 6-32),WRONG_ANSWER,4717,1513702417,mikamatsumi,CONTESTANT,PRETESTS,2,0,4300800
902,A,33431406,C++14 (GCC 6-32),COMPILATION_ERROR,5313,1513703013,mikamatsumi,CONTESTANT,PRETESTS,0,0,0
902,A,33431484,C++14 (GCC 6-32),WRONG_ANSWER,5353,1513703053,mikamatsumi,CONTESTANT,PRETESTS,3,15,4300800
902,A,33432083,C++14 (GCC 6-32),WRONG_ANSWER,5652,1513703352,mikamatsumi,CONTESTANT,PRETESTS,3,15,4300800
902,A,33432315,C++14 (GCC 6-32),WRONG_ANSWER,5771,1513703471,mikamatsumi,CONTESTANT,PRETESTS,0,0,4300800
902,A,33416822,GNU C++11,TIME_LIMIT_EXCEEDED,918,1513698618,miketm,CONTESTANT,PRETESTS,7,1000,2048000
902,A,33422519,GNU C++11,WRONG_ANSWER,2131,1513699831,miketm,CONTESTANT,PRETESTS,5,0,2048000
902,A,33426379,GNU C++11,OK,3282,1513700982,miketm,CONTESTANT,TESTS,55,15,2048000
902,B,33431543,GNU C++11,OK,5381,1513703081,miketm,CONTESTANT,TESTS,50,30,2560000
902,A,33422798,C++14 (GCC 6-32),OK,2199,1513699909,mila_kokoko,CONTESTANT,TESTS,55,15,1945600
902,A,33412800,C++14 (GCC 6-32),WRONG_ANSWER,253,1513697953,milenkoviclazar,CONTESTANT,PRETESTS,2,15,1843200
902,A,33412956,C++14 (GCC 6-32),WRONG_ANSWER,300,1513698000,milenkoviclazar,CONTESTANT,PRETESTS,4,15,1945600
902,A,33414227,C++14 (GCC 6-32),WRONG_ANSWER,523,1513698223,milenkoviclazar,CONTESTANT,PRETESTS,4,15,1945600
902,A,33414834,C++14 (GCC 6-32),WRONG_ANSWER,619,1513698319,milenkoviclazar,CONTESTANT,PRETESTS,2,0,1945600
902,A,33416501,C++14 (GCC 6-32),OK,869,1513698569,milenkoviclazar,CONTESTANT,TESTS,55,31,1945600
902,B,33419037,C++14 (GCC 6-32),OK,1316,1513699016,milenkoviclazar,CONTESTANT,TESTS,50,15,2457600
902,C,33426783,C++14 (GCC 6-32),WRONG_ANSWER,3428,1513701128,milenkoviclazar,CONTESTANT,PRETESTS,2,0,2252800
902,C,33429852,C++14 (GCC 6-32),WRONG_ANSWER,4633,1513702333,milenkoviclazar,CONTESTANT,PRETESTS,3,15,2252800
902,C,33430254,C++14 (GCC 6-32),WRONG_ANSWER,4800,1513702500,milenkoviclazar,CONTESTANT,PRETESTS,2,15,2252800
902,C,33431627,C++14 (GCC 6-32),WRONG_ANSWER,5424,1513703124,milenkoviclazar,CONTESTANT,PRETESTS,2,15,2252800
902,C,33431893,C++14 (GCC 6-32),OK,5567,1513703267,milenkoviclazar,CONTESTANT,TESTS,45,78,4915200
902,A,33413646,C++14 (GCC 6-32),OK,428,1513698128,miloske,CONTESTANT,TESTS,55,15,1843200
902,B,33417331,C++14 (GCC 6-32),OK,1003,1513698703,miloske,CONTESTANT,TESTS,50,15,1945600
902,C,33429170,C++14 (GCC 6-32),OK,4345,1513702045,miloske,CONTESTANT,TESTS,45,93,2662400
902,A,33418788,MS C++,COMPILATION_ERROR,1259,1513698959,minhkhoi1026,CONTESTANT,PRETESTS,0,0,0
902,A,33418885,C++14 (GCC 6-32),WRONG_ANSWER,1282,1513698982,minhkhoi1026,CONTESTANT,TESTS,16,15,1945600
902,B,33423941,C++14 (GCC 6-32),OK,2531,1513700231,minhkhoi1026,CONTESTANT,TESTS,50,46,2560000
902,A,33415879,GNU C++,OK,774,1513698474,minhphuoc1998,CONTESTANT,TESTS,55,15,2048000
902,B,33423811,GNU C++,OK,2493,1513700193,minhphuoc1998,CONTESTANT,TESTS,50,46,2764800
902,C,33427811,GNU C++,OK,3808,1513701508,minhphuoc1998,CONTESTANT,TESTS,45,327,2457600
902,A,33414287,GNU C++,WRONG_ANSWER,531,1513698231,mir003,CONTESTANT,PRETESTS,2,15,2048000
902,A,33415338,GNU C++,OK,696,1513698396,mir003,CONTESTANT,TESTS,55,15,2048000
902,B,33422056,GNU C++,OK,2004,1513699704,mir003,CONTESTANT,TESTS,50,30,2662400
902,C,33428916,GNU C++,WRONG_ANSWER,4242,1513701942,mir003,CONTESTANT,PRETESTS,1,15,2048000
902,C,33430471,GNU C++,WRONG_ANSWER,4889,1513702589,mir003,CONTESTANT,PRETESTS,3,15,2048000
902,C,33430809,GNU C++,WRONG_ANSWER,5040,1513702740,mir003,CONTESTANT,PRETESTS,3,15,2048000
902,C,33422815,MS C#,WRONG_ANSWER,2213,1513699913,mircea85,CONTESTANT,PRETESTS,4,31,9318400
902,C,33423630,MS C#,OK,2440,1513700140,mircea85,CONTESTANT,TESTS,45,124,21094400
902,B,33432782,MS C#,OK,6004,1513703704,mircea85,CONTESTANT,TESTS,50,46,12185600
902,A,33434058,MS C#,OK,6608,1513704308,mircea85,CONTESTANT,TESTS,55,46,9318400
902,A,33416879,GNU C++11,WRONG_ANSWER,926,1513698626,misael6645,CONTESTANT,PRETESTS,2,15,2048000
902,A,33421095,GNU C++11,WRONG_ANSWER,1767,1513699467,misael6645,CONTESTANT,PRETESTS,1,0,2048000
902,A,33424353,GNU C++11,WRONG_ANSWER,2638,1513700338,misael6645,CONTESTANT,PRETESTS,4,15,2048000
902,A,33429044,GNU C++11,WRONG_ANSWER,4296,1513701996,misael6645,CONTESTANT,PRETESTS,4,15,3072000
902,A,33429924,GNU C++11,WRONG_ANSWER,4661,1513702361,misael6645,CONTESTANT,PRETESTS,4,15,3072000
902,A,33431301,GNU C++11,WRONG_ANSWER,5262,1513702962,misael6645,CONTESTANT,PRETESTS,2,15,4096000
902,A,33432727,GNU C++11,OK,5976,1513703676,misael6645,CONTESTANT,TESTS,55,15,4096000
902,B,33434333,GNU C++11,OK,6728,1513704428,misael6645,CONTESTANT,TESTS,50,46,10035200
902,A,33413033,C++14 (GCC 6-32),OK,315,1513698015,mishraiiit,CONTESTANT,TESTS,55,15,1945600
902,B,33415465,C++14 (GCC 6-32),OK,716,1513698416,mishraiiit,CONTESTANT,TESTS,50,15,2457600
902,C,33421145,C++14 (GCC 6-32),OK,1781,1513699481,mishraiiit,CONTESTANT,TESTS,45,77,12697600
902,D,33434746,C++14 (GCC 6-32),WRONG_ANSWER,6908,1513704608,mishraiiit,CONTESTANT,PRETESTS,2,15,1945600
902,D,33435177,C++14 (GCC 6-32),WRONG_ANSWER,7065,1513704765,mishraiiit,CONTESTANT,PRETESTS,4,0,1945600
902,A,33430061,GNU C++11,WRONG_ANSWER,4725,1513702425,misir,CONTESTANT,PRETESTS,3,15,2048000
902,A,33430642,GNU C++11,WRONG_ANSWER,4969,1513702669,misir,CONTESTANT,PRETESTS,3,15,2048000
902,A,33431383,GNU C++11,WRONG_ANSWER,5304,1513703004,misir,CONTESTANT,PRETESTS,3,15,2048000
902,A,33431460,GNU C++11,WRONG_ANSWER,5342,1513703042,misir,CONTESTANT,PRETESTS,3,0,2048000
902,A,33432097,GNU C++11,WRONG_ANSWER,5661,1513703361,misir,CONTESTANT,PRETESTS,3,15,2048000
902,A,33413590,C++14 (GCC 6-32),OK,420,1513698120,miska924,CONTESTANT,TESTS,55,15,1945600
902,B,33417542,C++14 (GCC 6-32),OK,1040,1513698740,miska924,CONTESTANT,TESTS,50,46,2560000
902,C,33422842,C++14 (GCC 6-32),WRONG_ANSWER,2221,1513699921,miska924,CONTESTANT,PRETESTS,1,0,1843200
902,C,33423176,C++14 (GCC 6-32),WRONG_ANSWER,2315,1513700015,miska924,CONTESTANT,PRETESTS,1,15,1843200
902,C,33424442,C++14 (GCC 6-32),OK,2669,1513700369,miska924,CONTESTANT,TESTS,45,155,2252800
902,D,33429686,C++14 (GCC 6-32),WRONG_ANSWER,4565,1513702265,miska924,CONTESTANT,PRETESTS,0,0,1843200
902,A,33421905,C++14 (GCC 6-32),OK,1968,1513699668,mistborn,CONTESTANT,TESTS,55,30,1945600
902,B,33425940,C++14 (GCC 6-32),OK,3131,1513700831,mistborn,CONTESTANT,TESTS,50,31,2355200
902,D,33431125,C++14 (GCC 6-32),WRONG_ANSWER,5174,1513702874,mistborn,CONTESTANT,PRETESTS,3,15,1945600
902,C,33434395,C++14 (GCC 6-32),WRONG_ANSWER,6755,1513704455,mistborn,CONTESTANT,PRETESTS,4,15,1843200
902,A,33413788,C++14 (GCC 6-32),OK,442,1513698153,mithileshkarnati,CONTESTANT,TESTS,55,15,1945600
902,B,33418673,C++14 (GCC 6-32),OK,1225,1513698936,mithileshkarnati,CONTESTANT,TESTS,50,31,2560000
902,C,33425538,C++14 (GCC 6-32),WRONG_ANSWER,2993,1513700704,mithileshkarnati,CONTESTANT,PRETESTS,3,0,2048000
902,C,33426889,C++14 (GCC 6-32),WRONG_ANSWER,3456,1513701166,mithileshkarnati,CONTESTANT,PRETESTS,7,15,2048000
902,C,33429409,C++14 (GCC 6-32),OK,4431,1513702142,mithileshkarnati,CONTESTANT,TESTS,45,78,4198400
902,A,33416448,C++14 (GCC 6-32),WRONG_ANSWER,858,1513698558,mitsuki,CONTESTANT,PRETESTS,2,15,1945600
902,A,33417644,C++14 (GCC 6-32),WRONG_ANSWER,1058,1513698758,mitsuki,CONTESTANT,PRETESTS,2,0,1843200
902,A,33418661,C++14 (GCC 6-32),OK,1234,1513698934,mitsuki,CONTESTANT,TESTS,55,15,1945600
902,B,33421970,C++14 (GCC 6-32),WRONG_ANSWER,1985,1513699685,mitsuki,CONTESTANT,PRETESTS,6,15,3891200
902,B,33423241,C++14 (GCC 6-32),OK,2340,1513700040,mitsuki,CONTESTANT,TESTS,50,31,3993600
902,C,33428082,C++14 (GCC 6-32),WRONG_ANSWER,3908,1513701608,mitsuki,CONTESTANT,PRETESTS,1,0,1945600
902,C,33428577,C++14 (GCC 6-32),WRONG_ANSWER,4106,1513701806,mitsuki,CONTESTANT,PRETESTS,3,15,1945600
902,C,33429258,C++14 (GCC 6-32),WRONG_ANSWER,4382,1513702082,mitsuki,CONTESTANT,TESTS,37,139,4096000
902,A,33420669,GNU C++,OK,1654,1513699365,mivael,CONTESTANT,TESTS,55,15,2048000
902,B,33426638,GNU C++,COMPILATION_ERROR,3369,1513701080,mivael,CONTESTANT,PRETESTS,0,0,0
902,B,33427134,GNU C++11,WRONG_ANSWER,3545,1513701255,mivael,CONTESTANT,PRETESTS,9,15,2355200
902,B,33429935,GNU C++11,OK,4655,1513702366,mivael,CONTESTANT,TESTS,50,31,2457600
902,A,33413401,C++14 (GCC 6-32),WRONG_ANSWER,385,1513698085,mk_codeit,CONTESTANT,PRETESTS,4,15,1945600
902,A,33414586,C++14 (GCC 6-32),WRONG_ANSWER,581,1513698281,mk_codeit,CONTESTANT,PRETESTS,4,15,1843200
902,B,33425132,C++14 (GCC 6-32),WRONG_ANSWER,2870,1513700570,mk_codeit,CONTESTANT,PRETESTS,4,15,4300800
902,B,33426541,C++14 (GCC 6-32),OK,3337,1513701037,mk_codeit,CONTESTANT,TESTS,50,15,4710400
902,C,33431308,C++14 (GCC 6-32),WRONG_ANSWER,5265,1513702965,mk_codeit,CONTESTANT,PRETESTS,1,0,3481600
902,C,33433420,C++14 (GCC 6-32),OK,6303,1513704003,mk_codeit,CONTESTANT,TESTS,45,109,3481600
902,A,33434735,C++14 (GCC 6-32),OK,6891,1513704602,mk_codeit,CONTESTANT,TESTS,55,30,2662400
902,A,33421032,C++14 (GCC 6-32),WRONG_ANSWER,1753,1513699453,mmiraz,CONTESTANT,TESTS,11,15,1945600
902,B,33426204,C++14 (GCC 6-32),OK,3222,1513700922,mmiraz,CONTESTANT,TESTS,50,46,2457600
902,A,33412994,GNU C++,OK,307,1513698008,mmnafar,CONTESTANT,TESTS,55,15,2048000
902,B,33417866,GNU C++,OK,1096,1513698796,mmnafar,CONTESTANT,TESTS,50,46,2560000
902,C,33422420,GNU C++,OK,2105,1513699805,mmnafar,CONTESTANT,TESTS,45,296,2457600
902,D,33427176,GNU C++,WRONG_ANSWER,3577,1513701277,mmnafar,CONTESTANT,PRETESTS,2,0,2048000
902,D,33428168,GNU C++,OK,3944,1513701644,mmnafar,CONTESTANT,TESTS,150,15,2048000
902,A,33413146,C++14 (GCC 6-32),OK,328,1513698039,mochii,CONTESTANT,TESTS,55,31,1945600
902,B,33420891,GNU C++11,WRONG_ANSWER,1707,1513699417,mochii,CONTESTANT,PRETESTS,5,15,38502400
902,B,33421515,GNU C++11,OK,1861,1513699571,mochii,CONTESTANT,TESTS,50,30,38707200
902,C,33425154,GNU C++11,WRONG_ANSWER,2867,1513700577,mochii,CONTESTANT,PRETESTS,1,15,2048000
902,C,33425232,GNU C++11,OK,2893,1513700603,mochii,CONTESTANT,TESTS,45,358,2867200
902,A,33420282,GNU C++,WRONG_ANSWER,1565,1513699275,mofij,CONTESTANT,PRETESTS,2,15,2048000
902,A,33425504,GNU C++,RUNTIME_ERROR,2981,1513700692,mofij,CONTESTANT,PRETESTS,3,15,2048000
902,A,33413950,C++14 (GCC 6-32),WRONG_ANSWER,480,1513698180,mohammadrobot,CONTESTANT,PRETESTS,2,0,1843200
902,A,33415488,C++14 (GCC 6-32),WRONG_ANSWER,719,1513698419,mohammadrobot,CONTESTANT,PRETESTS,2,15,1945600
902,A,33416835,C++14 (GCC 6-32),WRONG_ANSWER,921,1513698621,mohammadrobot,CONTESTANT,PRETESTS,0,15,1843200
902,A,33417699,C++14 (GCC 6-32),WRONG_ANSWER,1066,1513698766,mohammadrobot,CONTESTANT,PRETESTS,4,15,1945600
902,A,33418886,C++14 (GCC 6-32),OK,1282,1513698982,mohammadrobot,CONTESTANT,TESTS,55,15,1945600
902,B,33423642,C++14 (GCC 6-32),OK,2443,1513700143,mohammadrobot,CONTESTANT,TESTS,50,31,2560000
902,C,33431215,C++14 (GCC 6-32),OK,5223,1513702923,mohammadrobot,CONTESTANT,TESTS,45,78,2252800
902,A,33428005,C++14 (GCC 6-32),WRONG_ANSWER,3878,1513701578,mohammed_hamed_sheref,CONTESTANT,PRETESTS,2,0,1945600
902,A,33429783,C++14 (GCC 6-32),WRONG_ANSWER,4606,1513702306,mohammed_hamed_sheref,CONTESTANT,TESTS,48,15,1945600
902,A,33416675,C++14 (GCC 6-32),WRONG_ANSWER,894,1513698594,mohit_m,CONTESTANT,PRETESTS,4,0,1945600
902,A,33419341,C++14 (GCC 6-32),OK,1373,1513699073,mohit_m,CONTESTANT,TESTS,55,31,1945600
902,B,33422925,C++14 (GCC 6-32),OK,2243,1513699943,mohit_m,CONTESTANT,TESTS,50,30,5222400
902,C,33428047,C++14 (GCC 6-32),OK,3890,1513701590,mohit_m,CONTESTANT,TESTS,45,155,2252800
902,A,33431423,C++14 (GCC 6-32),CHALLENGED,5321,1513703021,mohit_m1,CONTESTANT,CHALLENGES,8,15,1843200
902,A,33419130,GNU C11,WRONG_ANSWER,1327,1513699038,moidda,CONTESTANT,PRETESTS,2,15,1843200
902,A,33416323,GNU C++11,WRONG_ANSWER,840,1513698540,moin132,CONTESTANT,PRETESTS,2,15,2048000
902,A,33418602,GNU C++11,WRONG_ANSWER,1223,1513698923,moin132,CONTESTANT,PRETESTS,2,0,2048000
902,A,33419366,GNU C++11,WRONG_ANSWER,1366,1513699076,moin132,CONTESTANT,PRETESTS,2,0,2048000
902,A,33423629,GNU C++11,WRONG_ANSWER,2440,1513700140,moin132,CONTESTANT,PRETESTS,2,15,2048000
902,A,33425775,GNU C++11,WRONG_ANSWER,3081,1513700781,moin132,CONTESTANT,PRETESTS,2,15,2048000
902,A,33425890,C++14 (GCC 6-32),WRONG_ANSWER,3116,1513700816,monastic,CONTESTANT,PRETESTS,3,15,1945600
902,A,33427278,C++14 (GCC 6-32),OK,3615,1513701315,monastic,CONTESTANT,TESTS,55,15,1945600
902,B,33433179,C++14 (GCC 6-32),OK,6197,1513703897,monastic,CONTESTANT,TESTS,50,46,4096000
902,A,33429765,GNU C,COMPILATION_ERROR,4599,1513702299,moniba,CONTESTANT,PRETESTS,0,0,0
902,A,33429917,C++14 (GCC 6-32),WRONG_ANSWER,4657,1513702357,moniba,CONTESTANT,PRETESTS,2,15,1843200
902,A,33430377,C++14 (GCC 6-32),WRONG_ANSWER,4849,1513702549,moniba,CONTESTANT,PRETESTS,2,15,1945600
902,A,33415994,C++14 (GCC 6-32),OK,791,1513698491,mootez21,CONTESTANT,TESTS,55,15,2867200
902,B,33430106,C++14 (GCC 6-32),RUNTIME_ERROR,4745,1513702445,mootez21,CONTESTANT,PRETESTS,1,15,1945600
902,B,33432641,C++14 (GCC 6-32),RUNTIME_ERROR,5940,1513703640,mootez21,CONTESTANT,PRETESTS,1,0,1945600
902,B,33433011,C++14 (GCC 6-32),OK,6115,1513703815,mootez21,CONTESTANT,TESTS,50,295,2457600
902,A,33424408,Java 8,OK,2659,1513700359,morshedulislam174,CONTESTANT,TESTS,55,171,20889600
902,A,33414211,C++14 (GCC 6-32),WRONG_ANSWER,521,1513698221,mosifa,CONTESTANT,PRETESTS,2,0,1843200
902,A,33417116,C++14 (GCC 6-32),WRONG_ANSWER,966,1513698666,mosifa,CONTESTANT,PRETESTS,2,0,1945600
902,A,33419811,C++14 (GCC 6-32),WRONG_ANSWER,1471,1513699171,mosifa,CONTESTANT,PRETESTS,2,15,1843200
902,A,33424342,C++14 (GCC 6-32),WRONG_ANSWER,2635,1513700335,mosifa,CONTESTANT,PRETESTS,2,15,1843200
902,A,33425424,C++14 (GCC 6-32),WRONG_ANSWER,2969,1513700669,mosifa,CONTESTANT,PRETESTS,2,15,1843200
902,B,33427421,C++14 (GCC 6-32),WRONG_ANSWER,3665,1513701365,mosifa,CONTESTANT,PRETESTS,0,0,2355200
902,A,33428171,C++14 (GCC 6-32),OK,3944,1513701644,mosifa,CONTESTANT,TESTS,55,15,1945600
902,B,33430776,C++14 (GCC 6-32),OK,5026,1513702726,mosifa,CONTESTANT,TESTS,50,15,2457600
902,C,33432882,C++14 (GCC 6-32),OK,6057,1513703757,mosifa,CONTESTANT,TESTS,45,77,2662400
902,A,33417435,GNU C++11,OK,1020,1513698720,mostafa_mohamed22,CONTESTANT,TESTS,55,15,2150400
902,B,33421062,GNU C++11,OK,1760,1513699460,mostafa_mohamed22,CONTESTANT,TESTS,50,46,2867200
902,C,33426473,GNU C++11,WRONG_ANSWER,3313,1513701013,mostafa_mohamed22,CONTESTANT,PRETESTS,3,15,10035200
902,C,33428911,GNU C++11,WRONG_ANSWER,4240,1513701940,mostafa_mohamed22,CONTESTANT,PRETESTS,3,15,10035200
902,C,33429428,GNU C++11,WRONG_ANSWER,4454,1513702154,mostafa_mohamed22,CONTESTANT,PRETESTS,3,15,10035200
902,C,33430576,GNU C++11,WRONG_ANSWER,4936,1513702636,mostafa_mohamed22,CONTESTANT,PRETESTS,3,15,10035200
902,A,33414216,C++14 (GCC 6-32),WRONG_ANSWER,511,1513698221,motabhai_,CONTESTANT,PRETESTS,2,15,1945600
902,A,33419585,C++14 (GCC 6-32),WRONG_ANSWER,1418,1513699129,motabhai_,CONTESTANT,PRETESTS,2,0,1843200
902,A,33420767,Python 3,COMPILATION_ERROR,1680,1513699391,motabhai_,CONTESTANT,PRETESTS,0,0,0
902,A,33421388,Python 2,WRONG_ANSWER,1828,1513699539,motabhai_,CONTESTANT,PRETESTS,4,46,4505600
902,B,33419696,C++14 (GCC 6-32),OK,1448,1513699148,moulded_by_darkness,CONTESTANT,TESTS,50,249,2560000
902,A,33421635,C++14 (GCC 6-32),WRONG_ANSWER,1899,1513699599,moulded_by_darkness,CONTESTANT,PRETESTS,0,0,1843200
902,A,33422010,C++14 (GCC 6-32),WRONG_ANSWER,1995,1513699695,moulded_by_darkness,CONTESTANT,PRETESTS,4,0,1945600
902,A,33422858,C++14 (GCC 6-32),WRONG_ANSWER,2224,1513699924,moulded_by_darkness,CONTESTANT,PRETESTS,4,0,1945600
902,A,33423020,C++14 (GCC 6-32),WRONG_ANSWER,2266,1513699966,moulded_by_darkness,CONTESTANT,PRETESTS,4,15,3584000
902,A,33425191,C++14 (GCC 6-32),WRONG_ANSWER,2889,1513700589,moulded_by_darkness,CONTESTANT,PRETESTS,4,15,3584000
902,A,33426985,C++14 (GCC 6-32),WRONG_ANSWER,3498,1513701198,moulded_by_darkness,CONTESTANT,PRETESTS,4,15,1945600
902,A,33429714,C++14 (GCC 6-32),WRONG_ANSWER,4577,1513702277,moulded_by_darkness,CONTESTANT,PRETESTS,3,0,1945600
902,A,33430035,C++14 (GCC 6-32),OK,4712,1513702412,moulded_by_darkness,CONTESTANT,TESTS,55,15,1945600
902,A,33416799,C++14 (GCC 6-32),OK,904,1513698615,mousatat,CONTESTANT,TESTS,55,15,2048000
902,B,33420318,C++14 (GCC 6-32),OK,1570,1513699280,mousatat,CONTESTANT,TESTS,50,31,3993600
902,C,33425276,C++14 (GCC 6-32),WRONG_ANSWER,2907,1513700617,mousatat,CONTESTANT,PRETESTS,1,15,6656000
902,C,33429259,C++14 (GCC 6-32),WRONG_ANSWER,4371,1513702082,mousatat,CONTESTANT,PRETESTS,3,15,6656000
902,C,33429589,C++14 (GCC 6-32),OK,4516,1513702227,mousatat,CONTESTANT,TESTS,45,156,6758400
902,A,33422114,GNU C++11,WRONG_ANSWER,2016,1513699716,moustafa.mk,CONTESTANT,PRETESTS,4,15,2048000
902,A,33426781,GNU C++11,WRONG_ANSWER,3427,1513701127,moustafa.mk,CONTESTANT,PRETESTS,4,15,2048000
902,A,33427842,GNU C++11,WRONG_ANSWER,3816,1513701516,moustafa.mk,CONTESTANT,PRETESTS,2,15,2048000
902,A,33431808,GNU C++11,OK,5521,1513703221,moustafa.mk,CONTESTANT,TESTS,55,15,2048000
902,A,33413177,C++14 (GCC 6-32),OK,343,1513698043,moyashi,CONTESTANT,TESTS,55,15,1945600
902,B,33416095,C++14 (GCC 6-32),OK,805,1513698505,moyashi,CONTESTANT,TESTS,50,31,1945600
902,C,33423430,C++14 (GCC 6-32),OK,2386,1513700086,moyashi,CONTESTANT,TESTS,45,109,10854400
902,E,33435558,C++14 (GCC 6-32),RUNTIME_ERROR,7176,1513704876,moyashi,CONTESTANT,PRETESTS,0,15,1843200
902,A,33416155,C++14 (GCC 6-32),OK,816,1513698516,mpanyavin,CONTESTANT,TESTS,55,15,1945600
902,B,33420056,C++14 (GCC 6-32),OK,1525,1513699225,mpanyavin,CONTESTANT,TESTS,50,31,2457600
902,C,33429999,C++14 (GCC 6-32),OK,4694,1513702394,mpanyavin,CONTESTANT,TESTS,45,343,3891200
902,A,33423143,Python 3,WRONG_ANSWER,2296,1513700006,mr.ali,CONTESTANT,PRETESTS,1,46,5529600
902,A,33423997,Python 3,OK,2534,1513700245,mr.ali,CONTESTANT,TESTS,55,62,5529600
902,B,33431354,Python 3,TIME_LIMIT_EXCEEDED,5278,1513702989,mr.ali,CONTESTANT,PRETESTS,5,1000,7475200
902,B,33432646,GNU C++11,WRONG_ANSWER,5932,1513703643,mr.ali,CONTESTANT,PRETESTS,0,0,2048000
902,B,33433194,GNU C++11,RUNTIME_ERROR,6194,1513703905,mr.ali,CONTESTANT,PRETESTS,5,15,2048000
902,B,33433568,GNU C++11,TIME_LIMIT_EXCEEDED,6355,1513704065,mr.ali,CONTESTANT,PRETESTS,5,1000,2560000
902,A,33413682,C++14 (GCC 6-32),WRONG_ANSWER,436,1513698136,mr.logix,CONTESTANT,PRETESTS,2,15,1945600
902,A,33416922,C++14 (GCC 6-32),OK,933,1513698633,mr.logix,CONTESTANT,TESTS,55,15,1945600
902,B,33427485,C++14 (GCC 6-32),OK,3688,1513701388,mr.logix,CONTESTANT,TESTS,50,31,1945600
902,C,33434540,C++14 (GCC 6-32),OK,6818,1513704518,mr.logix,CONTESTANT,TESTS,45,109,16486400
902,A,33414662,C++14 (GCC 6-32),WRONG_ANSWER,580,1513698291,mr.omti,CONTESTANT,PRETESTS,2,0,1945600
902,A,33423116,C++14 (GCC 6-32),WRONG_ANSWER,2287,1513699997,mr.omti,CONTESTANT,PRETESTS,2,0,1843200
902,A,33424710,C++14 (GCC 6-32),WRONG_ANSWER,2736,1513700447,mr.omti,CONTESTANT,PRETESTS,2,15,1945600
902,A,33426681,C++14 (GCC 6-32),WRONG_ANSWER,3383,1513701093,mr.omti,CONTESTANT,PRETESTS,2,15,1843200
902,A,33427613,C++14 (GCC 6-32),WRONG_ANSWER,3724,1513701435,mr.omti,CONTESTANT,PRETESTS,4,15,1945600
902,A,33428027,C++14 (GCC 6-32),WRONG_ANSWER,3874,1513701585,mr.omti,CONTESTANT,PRETESTS,3,15,1843200
902,B,33435442,C++14 (GCC 6-32),OK,7139,1513704849,mr.omti,CONTESTANT,TESTS,50,234,3584000
902,A,33414260,C++14 (GCC 6-32),OK,528,1513698228,mr_justadog,CONTESTANT,TESTS,55,30,3481600
902,B,33417110,C++14 (GCC 6-32),OK,965,1513698665,mr_justadog,CONTESTANT,TESTS,50,15,6348800
902,C,33422066,C++14 (GCC 6-32),OK,2006,1513699706,mr_justadog,CONTESTANT,TESTS,45,77,9113600
902,A,33416471,C++14 (GCC 6-32),OK,852,1513698563,mr_knownothing,CONTESTANT,TESTS,55,15,1945600
902,B,33421096,C++14 (GCC 6-32),OK,1756,1513699467,mr_knownothing,CONTESTANT,TESTS,50,46,2560000
902,C,33427699,C++14 (GCC 6-32),SKIPPED,3756,1513701466,mr_knownothing,CONTESTANT,PRETESTS,13,93,3993600
902,C,33427820,C++14 (GCC 6-32),OK,3799,1513701510,mr_knownothing,CONTESTANT,TESTS,45,156,6144000
902,A,33412833,C++14 (GCC 6-32),WRONG_ANSWER,263,1513697963,mrdombass,CONTESTANT,PRETESTS,2,46,64102400
902,A,33413780,C++14 (GCC 6-32),WRONG_ANSWER,452,1513698152,mrdombass,CONTESTANT,PRETESTS,2,46,64102400
902,A,33414895,C++14 (GCC 6-32),WRONG_ANSWER,629,1513698329,mrdombass,CONTESTANT,PRETESTS,0,46,64102400
902,A,33415143,C++14 (GCC 6-32),WRONG_ANSWER,666,1513698366,mrdombass,CONTESTANT,PRETESTS,2,46,64102400
902,B,33425270,C++14 (GCC 6-32),OK,2915,1513700615,mrdombass,CONTESTANT,TESTS,50,77,24473600
902,A,33426376,C++14 (GCC 6-32),OK,3279,1513700979,mrdombass,CONTESTANT,TESTS,55,62,64102400
902,A,33412651,C++14 (GCC 6-32),OK,149,1513697860,mredigonda,CONTESTANT,TESTS,55,15,1945600
902,B,33416847,C++14 (GCC 6-32),OK,911,1513698622,mredigonda,CONTESTANT,TESTS,50,30,2662400
902,C,33424956,C++14 (GCC 6-32),OK,2805,1513700516,mredigonda,CONTESTANT,TESTS,45,109,4300800
902,A,33416843,GNU C++11,WRONG_ANSWER,921,1513698621,mredul_070,CONTESTANT,PRETESTS,2,15,2048000
902,A,33418181,GNU C++11,WRONG_ANSWER,1147,1513698847,mredul_070,CONTESTANT,PRETESTS,2,15,2048000
902,A,33421496,GNU C++11,WRONG_ANSWER,1868,1513699568,mredul_070,CONTESTANT,PRETESTS,2,0,2048000
902,A,33422177,GNU C++11,WRONG_ANSWER,2032,1513699732,mredul_070,CONTESTANT,PRETESTS,2,15,2048000
902,A,33425447,GNU C++11,WRONG_ANSWER,2974,1513700674,mredul_070,CONTESTANT,PRETESTS,2,0,2048000
902,A,33427335,GNU C++11,OK,3638,1513701338,mredul_070,CONTESTANT,TESTS,55,15,2048000
902,A,33415697,C++14 (GCC 6-32),CHALLENGED,747,1513698447,mrkarlo,CONTESTANT,CHALLENGES,8,15,1945600
902,B,33422187,C++14 (GCC 6-32),OK,2035,1513699735,mrkarlo,CONTESTANT,TESTS,50,186,2662400
902,A,33430385,C++14 (GCC 6-32),OK,4853,1513702553,mrkarlo,CONTESTANT,TESTS,55,15,1945600
902,A,33423841,GNU C++11,OK,2490,1513700201,mrnobosy,CONTESTANT,TESTS,55,31,2048000
902,A,33420640,Python 3,WRONG_ANSWER,1647,1513699358,mrrinat,CONTESTANT,PRETESTS,2,61,5529600
902,A,33424280,Python 3,WRONG_ANSWER,2608,1513700319,mrrinat,CONTESTANT,PRETESTS,6,46,5529600
902,A,33425900,Python 3,OK,3109,1513700819,mrrinat,CONTESTANT,TESTS,55,77,5529600
902,A,33415027,C++14 (GCC 6-32),OK,651,1513698351,mrz,CONTESTANT,TESTS,55,15,1945600
902,B,33418651,C++14 (GCC 6-32),OK,1234,1513698934,mrz,CONTESTANT,TESTS,50,30,2764800
902,C,33423342,C++14 (GCC 6-32),OK,2362,1513700062,mrz,CONTESTANT,TESTS,45,108,5222400
902,A,33414286,Java 8,CHALLENGED,531,1513698231,msagimbekov,CONTESTANT,CHALLENGES,8,140,20992000
902,B,33420902,Java 8,OK,1718,1513699418,msagimbekov,CONTESTANT,TESTS,50,233,21094400
902,C,33426729,Java 8,WRONG_ANSWER,3409,1513701109,msagimbekov,CONTESTANT,PRETESTS,3,139,20992000
902,A,33430140,Java 8,WRONG_ANSWER,4758,1513702458,msagimbekov,CONTESTANT,CHALLENGES,0,140,20992000
902,A,33430334,Java 8,WRONG_ANSWER,4835,1513702535,msagimbekov,CONTESTANT,CHALLENGES,0,155,20992000
902,A,33430650,Java 8,WRONG_ANSWER,4974,1513702674,msagimbekov,CONTESTANT,CHALLENGES,0,140,20992000
902,A,33430946,Java 8,OK,5088,1513702788,msagimbekov,CONTESTANT,TESTS,55,155,20992000
902,C,33431096,Java 8,WRONG_ANSWER,5160,1513702860,msagimbekov,CONTESTANT,PRETESTS,3,124,20992000
902,C,33431770,Java 8,WRONG_ANSWER,5499,1513703199,msagimbekov,CONTESTANT,PRETESTS,4,139,20992000
902,C,33432950,Java 8,WRONG_ANSWER,6086,1513703786,msagimbekov,CONTESTANT,PRETESTS,6,140,20992000
902,A,33419867,Python 3,WRONG_ANSWER,1483,1513699183,msayahian,CONTESTANT,PRETESTS,2,46,5529600
902,A,33421408,Python 3,WRONG_ANSWER,1845,1513699545,msayahian,CONTESTANT,PRETESTS,5,46,5529600
902,A,33423772,Python 3,WRONG_ANSWER,2486,1513700186,msayahian,CONTESTANT,PRETESTS,5,46,5529600
902,A,33425003,Python 3,WRONG_ANSWER,2830,1513700530,msayahian,CONTESTANT,PRETESTS,2,62,5529600
902,A,33427712,Python 3,WRONG_ANSWER,3773,1513701473,msayahian,CONTESTANT,PRETESTS,5,61,5529600
902,A,33415034,C++14 (GCC 6-32),WRONG_ANSWER,652,1513698352,msh1992,CONTESTANT,PRETESTS,5,15,1945600
902,A,33418023,C++14 (GCC 6-32),WRONG_ANSWER,1120,1513698820,msh1992,CONTESTANT,PRETESTS,4,15,1945600
902,A,33418887,C++14 (GCC 6-32),WRONG_ANSWER,1282,1513698982,msh1992,CONTESTANT,PRETESTS,5,31,1843200
902,A,33420188,C++14 (GCC 6-32),WRONG_ANSWER,1555,1513699255,msh1992,CONTESTANT,PRETESTS,1,0,1945600
902,A,33420690,C++14 (GCC 6-32),WRONG_ANSWER,1670,1513699370,msh1992,CONTESTANT,PRETESTS,1,15,1945600
902,A,33433599,C++14 (GCC 6-32),WRONG_ANSWER,6382,1513704082,msh1992,CONTESTANT,PRETESTS,1,0,1843200
902,A,33434177,C++14 (GCC 6-32),WRONG_ANSWER,6661,1513704361,msh1992,CONTESTANT,PRETESTS,0,15,1843200
902,A,33434456,C++14 (GCC 6-32),WRONG_ANSWER,6782,1513704482,msh1992,CONTESTANT,PRETESTS,3,15,1843200
902,A,33434680,C++14 (GCC 6-32),WRONG_ANSWER,6877,1513704577,msh1992,CONTESTANT,TESTS,47,15,1945600
902,A,33413880,MS C++,OK,456,1513698167,mshcherba,CONTESTANT,TESTS,55,30,2048000
902,B,33417541,MS C++,OK,1029,1513698740,mshcherba,CONTESTANT,TESTS,50,31,2355200
902,C,33424218,C++14 (GCC 6-32),OK,2589,1513700299,mshcherba,CONTESTANT,TESTS,45,93,3481600
902,D,33432820,MS C++,WRONG_ANSWER,6014,1513703724,mshcherba,CONTESTANT,PRETESTS,3,15,2048000
902,D,33434604,MS C++,WRONG_ANSWER,6836,1513704547,mshcherba,CONTESTANT,PRETESTS,4,15,2048000
902,D,33435026,MS C++,WRONG_ANSWER,7004,1513704715,mshcherba,CONTESTANT,PRETESTS,3,15,2048000
902,A,33415472,C++14 (GCC 6-32),OK,717,1513698417,msi__hashman,CONTESTANT,TESTS,55,15,2252800
902,B,33430855,C++14 (GCC 6-32),OK,5053,1513702753,msi__hashman,CONTESTANT,TESTS,50,15,2764800
902,A,33420119,GNU C++11,WRONG_ANSWER,1539,1513699239,msr,CONTESTANT,PRETESTS,2,0,2048000
902,A,33422368,GNU C++11,WRONG_ANSWER,2087,1513699787,msr,CONTESTANT,PRETESTS,2,15,2048000
902,B,33434594,GNU C++11,WRONG_ANSWER,6842,1513704542,msr,CONTESTANT,PRETESTS,0,15,5324800
902,B,33434959,GNU C++11,WRONG_ANSWER,6989,1513704689,msr,CONTESTANT,PRETESTS,0,0,5324800
902,B,33435495,GNU C++11,WRONG_ANSWER,7163,1513704863,msr,CONTESTANT,PRETESTS,0,0,5324800
902,A,33417745,Python 3,RUNTIME_ERROR,1074,1513698774,mss,CONTESTANT,PRETESTS,0,31,5529600
902,A,33417878,Python 3,WRONG_ANSWER,1097,1513698797,mss,CONTESTANT,TESTS,47,62,5632000
902,B,33431429,Python 3,RUNTIME_ERROR,5322,1513703022,mss,CONTESTANT,TESTS,17,93,7475200
902,A,33422063,Python 3,WRONG_ANSWER,2006,1513699706,mszortul,CONTESTANT,PRETESTS,4,62,5529600
902,A,33423892,Python 3,WRONG_ANSWER,2516,1513700216,mszortul,CONTESTANT,PRETESTS,4,61,5529600
902,A,33424215,Python 3,CHALLENGED,2598,1513700298,mszortul,CONTESTANT,CHALLENGES,8,61,5529600
902,A,33413433,GNU C++11,OK,391,1513698091,mtdrewski,CONTESTANT,TESTS,55,15,2048000
902,B,33418511,GNU C++11,RUNTIME_ERROR,1205,1513698905,mtdrewski,CONTESTANT,PRETESTS,5,0,2048000
902,B,33419255,GNU C++11,OK,1350,1513699061,mtdrewski,CONTESTANT,TESTS,50,30,2457600
902,C,33426054,GNU C++11,OK,3171,1513700871,mtdrewski,CONTESTANT,TESTS,45,93,4505600
902,D,33433526,GNU C++11,WRONG_ANSWER,6345,1513704045,mtdrewski,CONTESTANT,PRETESTS,6,15,2048000
902,A,33412620,C++14 (GCC 6-32),WRONG_ANSWER,90,1513697790,mtw,CONTESTANT,PRETESTS,2,15,1843200
902,A,33412683,C++14 (GCC 6-32),OK,192,1513697892,mtw,CONTESTANT,TESTS,55,15,1945600
902,B,33413564,C++14 (GCC 6-32),OK,415,1513698115,mtw,CONTESTANT,TESTS,50,31,6246400
902,C,33417579,C++14 (GCC 6-32),WRONG_ANSWER,1045,1513698745,mtw,CONTESTANT,PRETESTS,1,15,7475200
902,C,33418092,C++14 (GCC 6-32),OK,1130,1513698830,mtw,CONTESTANT,TESTS,45,155,9113600
902,D,33422286,C++14 (GCC 6-32),OK,2060,1513699760,mtw,CONTESTANT,TESTS,150,15,1945600
902,E,33435148,C++14 (GCC 6-32),TIME_LIMIT_EXCEEDED,7053,1513704753,mtw,CONTESTANT,PRETESTS,2,2000,13312000
902,A,33418979,FPC,RUNTIME_ERROR,1302,1513699002,mua_chieu_25,CONTESTANT,PRETESTS,0,0,1740800
902,A,33419165,FPC,WRONG_ANSWER,1343,1513699043,mua_chieu_25,CONTESTANT,PRETESTS,2,15,1638400
902,A,33421904,FPC,CHALLENGED,1968,1513699668,mua_chieu_25,CONTESTANT,CHALLENGES,8,15,1638400
902,A,33429925,FPC,WRONG_ANSWER,4661,1513702361,mua_chieu_25,CONTESTANT,CHALLENGES,0,15,1638400
902,A,33430251,FPC,WRONG_ANSWER,4800,1513702500,mua_chieu_25,CONTESTANT,CHALLENGES,0,15,1638400
902,A,33422634,GNU C,WRONG_ANSWER,2154,1513699864,mufaddalnaya,CONTESTANT,PRETESTS,0,0,1843200
902,A,33424604,GNU C,WRONG_ANSWER,2706,1513700417,mufaddalnaya,CONTESTANT,PRETESTS,4,15,1843200
902,A,33416160,GNU C++,WRONG_ANSWER,817,1513698517,muhaiminbinmunir,CONTESTANT,PRETESTS,3,15,2048000
902,A,33417246,GNU C++,WRONG_ANSWER,989,1513698689,muhaiminbinmunir,CONTESTANT,PRETESTS,2,15,2048000
902,A,33420685,GNU C++,OK,1668,1513699368,muhaiminbinmunir,CONTESTANT,TESTS,55,15,2048000
902,B,33432496,GNU C++,OK,5863,1513703563,muhaiminbinmunir,CONTESTANT,TESTS,50,46,2457600
902,A,33424535,Python 3,WRONG_ANSWER,2698,1513700398,muhamadnickysalim,CONTESTANT,PRETESTS,1,46,5529600
902,A,33425464,Python 3,WRONG_ANSWER,2980,1513700680,muhamadnickysalim,CONTESTANT,PRETESTS,1,46,5529600
902,A,33427010,Python 3,WRONG_ANSWER,3508,1513701208,muhamadnickysalim,CONTESTANT,PRETESTS,2,46,5529600
902,A,33431226,Python 3,WRONG_ANSWER,5228,1513702928,muhamadnickysalim,CONTESTANT,PRETESTS,2,46,5529600
902,A,33420953,C++14 (GCC 6-32),WRONG_ANSWER,1732,1513699432,mukulanandchas,CONTESTANT,PRETESTS,2,15,1945600
902,A,33422144,C++14 (GCC 6-32),WRONG_ANSWER,2026,1513699726,mukulanandchas,CONTESTANT,PRETESTS,2,15,1843200
902,A,33423872,C++14 (GCC 6-32),WRONG_ANSWER,2510,1513700210,mukulanandchas,CONTESTANT,PRETESTS,0,15,1843200
902,A,33424122,C++14 (GCC 6-32),WRONG_ANSWER,2576,1513700276,mukulanandchas,CONTESTANT,PRETESTS,5,15,1945600
902,A,33425085,C++14 (GCC 6-32),WRONG_ANSWER,2857,1513700557,mukulanandchas,CONTESTANT,PRETESTS,5,0,1945600
902,A,33425795,C++14 (GCC 6-32),WRONG_ANSWER,3088,1513700788,mukulanandchas,CONTESTANT,PRETESTS,5,15,1945600
902,A,33430216,C++14 (GCC 6-32),OK,4787,1513702487,mukulanandchas,CONTESTANT,TESTS,55,15,1945600
902,A,33414588,C++14 (GCC 6-32),OK,581,1513698281,muradwajed,CONTESTANT,TESTS,55,15,1945600
902,B,33422425,C++14 (GCC 6-32),OK,2106,1513699806,muradwajed,CONTESTANT,TESTS,50,46,2969600
902,A,33422805,C++14 (GCC 6-32),OK,2210,1513699910,murch,CONTESTANT,TESTS,55,15,1945600
902,A,33414028,C++14 (GCC 6-32),WRONG_ANSWER,492,1513698192,murcielago,CONTESTANT,PRETESTS,2,0,1843200
902,A,33415441,C++14 (GCC 6-32),WRONG_ANSWER,711,1513698411,murcielago,CONTESTANT,PRETESTS,3,15,1945600
902,A,33417140,C++14 (GCC 6-32),WRONG_ANSWER,971,1513698671,murcielago,CONTESTANT,PRETESTS,1,15,1843200
902,A,33417378,C++14 (GCC 6-32),OK,1012,1513698712,murcielago,CONTESTANT,TESTS,55,15,1843200
902,A,33417915,C++14 (GCC 6-32),WRONG_ANSWER,1103,1513698803,muse98,CONTESTANT,PRETESTS,2,15,1843200
902,A,33422806,C++14 (GCC 6-32),WRONG_ANSWER,2210,1513699911,muse98,CONTESTANT,PRETESTS,2,15,1945600
902,A,33423383,C++14 (GCC 6-32),WRONG_ANSWER,2374,1513700074,muse98,CONTESTANT,PRETESTS,2,15,1843200
902,A,33424554,C++14 (GCC 6-32),WRONG_ANSWER,2702,1513700402,muse98,CONTESTANT,PRETESTS,2,0,1945600
902,A,33425551,C++14 (GCC 6-32),WRONG_ANSWER,3008,1513700708,muse98,CONTESTANT,PRETESTS,2,0,1945600
902,A,33429172,C++14 (GCC 6-32),WRONG_ANSWER,4345,1513702045,muse98,CONTESTANT,PRETESTS,4,15,1945600
902,A,33431420,C++14 (GCC 6-32),OK,5319,1513703019,muse98,CONTESTANT,TESTS,55,15,1945600
902,A,33420085,GNU C++,WRONG_ANSWER,1521,1513699231,mushroomgenie,CONTESTANT,PRETESTS,2,0,2048000
902,A,33421434,GNU C++,WRONG_ANSWER,1840,1513699551,mushroomgenie,CONTESTANT,PRETESTS,2,0,2048000
902,A,33427636,GNU C++,WRONG_ANSWER,3731,1513701442,mushroomgenie,CONTESTANT,PRETESTS,2,15,2048000
902,A,33430374,GNU C++,WRONG_ANSWER,4837,1513702548,mushroomgenie,CONTESTANT,PRETESTS,2,15,2048000
902,A,33431333,GNU C++,WRONG_ANSWER,5269,1513702979,mushroomgenie,CONTESTANT,PRETESTS,2,15,2048000
902,A,33431449,GNU C++,COMPILATION_ERROR,5322,1513703032,mushroomgenie,CONTESTANT,PRETESTS,0,0,0
902,A,33431695,GNU C++,WRONG_ANSWER,5446,1513703156,mushroomgenie,CONTESTANT,PRETESTS,2,0,2048000
902,A,33432179,GNU C++,WRONG_ANSWER,5693,1513703403,mushroomgenie,CONTESTANT,PRETESTS,2,15,2048000
902,A,33432789,GNU C++,WRONG_ANSWER,5997,1513703707,mushroomgenie,CONTESTANT,PRETESTS,2,15,2048000
902,A,33433419,GNU C++,WRONG_ANSWER,6292,1513704003,mushroomgenie,CONTESTANT,PRETESTS,2,15,2048000
902,A,33433604,GNU C++,WRONG_ANSWER,6373,1513704083,mushroomgenie,CONTESTANT,PRETESTS,2,15,2048000
902,A,33415580,MS C++,WRONG_ANSWER,721,1513698431,musiasha1321,CONTESTANT,PRETESTS,2,0,2048000
902,A,33420996,MS C++,WRONG_ANSWER,1732,1513699442,musiasha1321,CONTESTANT,PRETESTS,3,15,2048000
902,A,33423692,MS C++,WRONG_ANSWER,2449,1513700159,musiasha1321,CONTESTANT,PRETESTS,3,0,2048000
902,A,33426067,MS C++,OK,3166,1513700877,musiasha1321,CONTESTANT,TESTS,55,15,2048000
902,A,33423257,MS C++,OK,2343,1513700043,mustanggtr,CONTESTANT,TESTS,55,31,2048000
902,B,33426284,MS C++,OK,3248,1513700948,mustanggtr,CONTESTANT,TESTS,50,31,2764800
902,C,33432028,MS C++,TIME_LIMIT_EXCEEDED,5631,1513703331,mustanggtr,CONTESTANT,TESTS,13,2000,2457600
902,A,33416043,GNU C++11,OK,798,1513698498,muzhian,CONTESTANT,TESTS,55,15,2048000
902,B,33422183,GNU C++11,WRONG_ANSWER,2034,1513699734,muzhian,CONTESTANT,PRETESTS,5,31,2457600
902,B,33426594,GNU C++11,OK,3359,1513701059,muzhian,CONTESTANT,TESTS,50,46,2355200
902,A,33413260,Python 3,OK,361,1513698061,myHan,CONTESTANT,TESTS,55,62,5529600
902,B,33418161,Python 3,OK,1142,1513698842,myHan,CONTESTANT,TESTS,50,93,8601600
902,C,33423824,Python 3,WRONG_ANSWER,2497,1513700197,myHan,CONTESTANT,PRETESTS,1,46,5529600
902,C,33425649,Python 3,WRONG_ANSWER,3037,1513700737,myHan,CONTESTANT,PRETESTS,1,46,5529600
902,D,33431762,Python 3,WRONG_ANSWER,5495,1513703195,myHan,CONTESTANT,PRETESTS,0,46,5529600
902,C,33433374,Python 3,OK,6281,1513703981,myHan,CONTESTANT,TESTS,45,327,23859200
902,D,33435432,Python 3,WRONG_ANSWER,7146,1513704846,myHan,CONTESTANT,PRETESTS,3,61,5529600
902,A,33415714,GNU C++11,OK,750,1513698450,myway,CONTESTANT,TESTS,55,15,6041600
902,B,33419375,GNU C++11,OK,1367,1513699078,myway,CONTESTANT,TESTS,50,46,23347200
902,C,33424749,GNU C++11,WRONG_ANSWER,2747,1513700458,myway,CONTESTANT,PRETESTS,1,0,46182400
902,C,33426551,GNU C++11,WRONG_ANSWER,3332,1513701042,myway,CONTESTANT,PRETESTS,3,15,26112000
902,C,33427318,GNU C++11,WRONG_ANSWER,3622,1513701333,myway,CONTESTANT,PRETESTS,3,15,26112000
902,C,33429898,GNU C++11,TIME_LIMIT_EXCEEDED,4637,1513702348,myway,CONTESTANT,PRETESTS,3,2000,26112000
902,C,33430109,GNU C++11,WRONG_ANSWER,4736,1513702446,myway,CONTESTANT,PRETESTS,3,15,26112000
902,C,33433341,GNU C++11,WRONG_ANSWER,6257,1513703968,myway,CONTESTANT,PRETESTS,1,15,26112000
902,A,33412763,C++14 (GCC 6-32),WRONG_ANSWER,223,1513697934,myworld,CONTESTANT,PRETESTS,2,15,1843200
902,A,33413500,C++14 (GCC 6-32),WRONG_ANSWER,394,1513698104,myworld,CONTESTANT,PRETESTS,4,15,1843200
902,A,33414839,C++14 (GCC 6-32),OK,610,1513698320,myworld,CONTESTANT,TESTS,55,15,1945600
902,B,33420761,C++14 (GCC 6-32),OK,1679,1513699390,myworld,CONTESTANT,TESTS,50,15,2867200
902,C,33426624,C++14 (GCC 6-32),WRONG_ANSWER,3364,1513701075,myworld,CONTESTANT,PRETESTS,1,15,6860800
902,C,33427285,C++14 (GCC 6-32),WRONG_ANSWER,3606,1513701316,myworld,CONTESTANT,PRETESTS,3,15,4403200
902,C,33428164,C++14 (GCC 6-32),SKIPPED,3931,1513701642,myworld,CONTESTANT,PRETESTS,13,15,4403200
902,C,33428599,C++14 (GCC 6-32),OK,4104,1513701815,myworld,CONTESTANT,TESTS,45,108,5120000
902,D,33435175,C++14 (GCC 6-32),WRONG_ANSWER,7053,1513704764,myworld,CONTESTANT,PRETESTS,0,31,2355200
902,D,33435335,C++14 (GCC 6-32),WRONG_ANSWER,7104,1513704815,myworld,CONTESTANT,PRETESTS,0,46,2355200
902,D,33435542,C++14 (GCC 6-32),WRONG_ANSWER,7161,1513704872,myworld,CONTESTANT,PRETESTS,0,0,1843200
902,A,33429048,C++14 (GCC 6-32),WRONG_ANSWER,4287,1513701997,n___,CONTESTANT,PRETESTS,3,15,1843200
902,A,33434261,C++14 (GCC 6-32),WRONG_ANSWER,6688,1513704398,n___,CONTESTANT,PRETESTS,3,0,1843200
902,A,33421256,C++14 (GCC 6-32),WRONG_ANSWER,1806,1513699506,n_gauhar,CONTESTANT,PRETESTS,2,15,1843200
902,A,33430691,C++14 (GCC 6-32),WRONG_ANSWER,4991,1513702691,n_gauhar,CONTESTANT,PRETESTS,2,0,1843200
902,A,33434205,C++14 (GCC 6-32),WRONG_ANSWER,6674,1513704374,n_gauhar,CONTESTANT,PRETESTS,3,0,1945600
902,A,33415353,GNU C++,WRONG_ANSWER,698,1513698398,na9182ks,CONTESTANT,PRETESTS,4,15,10035200
902,A,33418317,GNU C++,WRONG_ANSWER,1171,1513698871,na9182ks,CONTESTANT,PRETESTS,4,15,10035200
902,A,33419974,GNU C++,OK,1507,1513699207,na9182ks,CONTESTANT,TESTS,55,15,10035200
902,B,33426375,GNU C++,COMPILATION_ERROR,3279,1513700979,na9182ks,CONTESTANT,PRETESTS,0,0,0
902,B,33427289,GNU C++,COMPILATION_ERROR,3607,1513701317,na9182ks,CONTESTANT,PRETESTS,0,0,0
902,B,33427661,GNU C++,COMPILATION_ERROR,3740,1513701451,na9182ks,CONTESTANT,PRETESTS,0,0,0
902,B,33428156,GNU C++,OK,3928,1513701638,na9182ks,CONTESTANT,TESTS,50,46,3276800
902,C,33432868,GNU C++,WRONG_ANSWER,6039,1513703749,na9182ks,CONTESTANT,PRETESTS,1,15,2662400
902,C,33433049,GNU C++,WRONG_ANSWER,6124,1513703834,na9182ks,CONTESTANT,PRETESTS,3,0,2457600
902,C,33433628,GNU C++,SKIPPED,6384,1513704094,na9182ks,CONTESTANT,PRETESTS,13,15,2457600
902,C,33435351,GNU C++,OK,7109,1513704819,na9182ks,CONTESTANT,TESTS,45,109,2457600
902,A,33416345,C++14 (GCC 6-32),WRONG_ANSWER,843,1513698543,nabid_anzum,CONTESTANT,PRETESTS,2,15,1843200
902,A,33419827,C++14 (GCC 6-32),WRONG_ANSWER,1474,1513699174,nabid_anzum,CONTESTANT,PRETESTS,2,0,1945600
902,A,33423015,C++14 (GCC 6-32),RUNTIME_ERROR,2264,1513699964,nabid_anzum,CONTESTANT,PRETESTS,2,15,1945600
902,A,33423373,C++14 (GCC 6-32),RUNTIME_ERROR,2372,1513700072,nabid_anzum,CONTESTANT,PRETESTS,2,15,1843200
902,A,33424834,C++14 (GCC 6-32),WRONG_ANSWER,2781,1513700481,nabid_anzum,CONTESTANT,PRETESTS,2,15,1843200
902,A,33425933,C++14 (GCC 6-32),WRONG_ANSWER,3130,1513700830,nabid_anzum,CONTESTANT,PRETESTS,5,15,1945600
902,A,33427041,C++14 (GCC 6-32),WRONG_ANSWER,3520,1513701220,nabid_anzum,CONTESTANT,TESTS,14,15,1945600
902,A,33424843,C++14 (GCC 6-32),OK,2783,1513700483,nader,CONTESTANT,TESTS,55,15,1945600
902,B,33431496,C++14 (GCC 6-32),OK,5361,1513703061,nader,CONTESTANT,TESTS,50,234,2764800
902,A,33415768,GNU C++,OK,760,1513698460,nafiamahjabin,CONTESTANT,TESTS,55,31,2048000
902,A,33414090,GNU C++11,WRONG_ANSWER,492,1513698203,nagasawa,CONTESTANT,PRETESTS,3,15,2048000
902,A,33414486,GNU C++11,OK,554,1513698264,nagasawa,CONTESTANT,TESTS,55,15,2048000
902,B,33419370,GNU C++11,OK,1377,1513699077,nagasawa,CONTESTANT,TESTS,50,46,2457600
902,C,33423204,GNU C++11,WRONG_ANSWER,2312,1513700023,nagasawa,CONTESTANT,PRETESTS,1,15,2048000
902,C,33423773,GNU C++11,WRONG_ANSWER,2476,1513700186,nagasawa,CONTESTANT,PRETESTS,3,15,2048000
902,C,33424257,GNU C++11,OK,2602,1513700312,nagasawa,CONTESTANT,TESTS,45,311,3276800
902,A,33415984,GNU C++11,OK,791,1513698491,nah,CONTESTANT,TESTS,55,15,2048000
902,B,33419455,GNU C++11,OK,1398,1513699098,nah,CONTESTANT,TESTS,50,46,4300800
902,C,33425096,GNU C++11,OK,2861,1513700562,nah,CONTESTANT,TESTS,45,327,2867200
902,A,33414491,C++14 (GCC 6-32),WRONG_ANSWER,554,1513698265,nahid08,CONTESTANT,PRETESTS,4,15,1945600
902,A,33415233,C++14 (GCC 6-32),WRONG_ANSWER,671,1513698381,nahid08,CONTESTANT,PRETESTS,0,0,1945600
902,A,33415632,C++14 (GCC 6-32),WRONG_ANSWER,727,1513698438,nahid08,CONTESTANT,PRETESTS,4,15,1945600
902,A,33424773,C++14 (GCC 6-32),WRONG_ANSWER,2755,1513700465,nahid08,CONTESTANT,PRETESTS,3,15,1843200
902,A,33425068,C++14 (GCC 6-32),WRONG_ANSWER,2841,1513700552,nahid08,CONTESTANT,PRETESTS,3,15,1843200
902,A,33425867,C++14 (GCC 6-32),WRONG_ANSWER,3099,1513700809,nahid08,CONTESTANT,PRETESTS,6,15,1945600
902,A,33426314,C++14 (GCC 6-32),RUNTIME_ERROR,3248,1513700958,nahid08,CONTESTANT,PRETESTS,4,15,1843200
902,A,33426451,C++14 (GCC 6-32),RUNTIME_ERROR,3295,1513701005,nahid08,CONTESTANT,PRETESTS,4,15,1843200
902,A,33426845,C++14 (GCC 6-32),SKIPPED,3445,1513701155,nahid08,CONTESTANT,PRETESTS,8,15,1843200
902,A,33427049,C++14 (GCC 6-32),OK,3515,1513701225,nahid08,CONTESTANT,TESTS,55,15,1945600
902,B,33428699,C++14 (GCC 6-32),OK,4150,1513701860,nahid08,CONTESTANT,TESTS,50,31,2867200
902,A,33425559,C++14 (GCC 6-32),TIME_LIMIT_EXCEEDED,3012,1513700712,naman1608,CONTESTANT,PRETESTS,0,1000,1843200
902,C,33433806,C++14 (GCC 6-32),WRONG_ANSWER,6461,1513704172,nanzy,CONTESTANT,PRETESTS,0,0,2457600
902,C,33433868,C++14 (GCC 6-32),WRONG_ANSWER,6498,1513704208,nanzy,CONTESTANT,PRETESTS,1,0,2252800
902,C,33434090,C++14 (GCC 6-32),WRONG_ANSWER,6611,1513704321,nanzy,CONTESTANT,PRETESTS,4,15,2252800
902,C,33434243,C++14 (GCC 6-32),WRONG_ANSWER,6678,1513704389,nanzy,CONTESTANT,PRETESTS,4,0,2252800
902,C,33434309,C++14 (GCC 6-32),WRONG_ANSWER,6709,1513704419,nanzy,CONTESTANT,PRETESTS,4,15,2252800
902,C,33434399,C++14 (GCC 6-32),WRONG_ANSWER,6746,1513704456,nanzy,CONTESTANT,PRETESTS,0,0,2457600
902,C,33434518,C++14 (GCC 6-32),WRONG_ANSWER,6802,1513704513,nanzy,CONTESTANT,PRETESTS,4,15,2252800
902,C,33435364,C++14 (GCC 6-32),WRONG_ANSWER,7113,1513704823,nanzy,CONTESTANT,PRETESTS,0,0,2457600
902,C,33435455,C++14 (GCC 6-32),WRONG_ANSWER,7142,1513704852,nanzy,CONTESTANT,PRETESTS,1,15,2252800
902,A,33415207,C++14 (GCC 6-32),WRONG_ANSWER,667,1513698378,napster202,CONTESTANT,PRETESTS,2,15,1843200
902,A,33420691,C++14 (GCC 6-32),WRONG_ANSWER,1659,1513699370,napster202,CONTESTANT,PRETESTS,1,0,1843200
902,A,33412903,GNU C++11,OK,285,1513697985,nasgorportugal,CONTESTANT,TESTS,55,15,2048000
902,B,33415367,GNU C++11,OK,701,1513698401,nasgorportugal,CONTESTANT,TESTS,50,15,2457600
902,C,33423259,GNU C++11,OK,2343,1513700043,nasgorportugal,CONTESTANT,TESTS,45,109,3686400
902,D,33434758,GNU C++11,WRONG_ANSWER,6913,1513704613,nasgorportugal,CONTESTANT,PRETESTS,4,15,2048000
902,A,33414801,Python 3,OK,603,1513698314,nathantheinventor,CONTESTANT,TESTS,55,62,5529600
902,B,33419550,Python 3,OK,1411,1513699122,nathantheinventor,CONTESTANT,TESTS,50,109,7680000
902,C,33423168,Python 3,OK,2302,1513700013,nathantheinventor,CONTESTANT,TESTS,45,1106,11878400
902,D,33429905,Python 3,OK,4639,1513702350,nathantheinventor,CONTESTANT,TESTS,150,389,6451200
902,A,33416858,C++14 (GCC 6-32),WRONG_ANSWER,923,1513698623,navjotsinghcheema,CONTESTANT,PRETESTS,0,0,1843200
902,A,33418525,C++14 (GCC 6-32),WRONG_ANSWER,1209,1513698909,navjotsinghcheema,CONTESTANT,PRETESTS,1,0,1843200
902,A,33420461,C++14 (GCC 6-32),WRONG_ANSWER,1616,1513699316,navjotsinghcheema,CONTESTANT,PRETESTS,5,15,1843200
902,A,33423324,C++14 (GCC 6-32),CHALLENGED,2358,1513700058,navjotsinghcheema,CONTESTANT,CHALLENGES,8,15,1945600
902,A,33419651,Python 2,OK,1439,1513699139,nawaz1995,CONTESTANT,TESTS,55,77,4608000
902,A,33418903,GNU C++11,WRONG_ANSWER,1286,1513698986,nayan21garg,CONTESTANT,PRETESTS,3,0,2048000
902,A,33421878,GNU C++11,WRONG_ANSWER,1959,1513699659,nayan21garg,CONTESTANT,PRETESTS,3,15,2048000
902,A,33423311,GNU C++11,WRONG_ANSWER,2354,1513700054,nayan21garg,CONTESTANT,PRETESTS,3,15,2048000
902,A,33423756,GNU C++11,WRONG_ANSWER,2480,1513700180,nayan21garg,CONTESTANT,PRETESTS,3,15,2048000
902,B,33416279,C++14 (GCC 6-32),OK,833,1513698533,nazaninnnnn,CONTESTANT,TESTS,50,30,5324800
902,A,33418253,C++14 (GCC 6-32),OK,1161,1513698861,nazaninnnnn,CONTESTANT,TESTS,55,15,5836800
902,C,33423440,C++14 (GCC 6-32),WRONG_ANSWER,2388,1513700088,nazaninnnnn,CONTESTANT,PRETESTS,1,15,5632000
902,C,33424282,C++14 (GCC 6-32),WRONG_ANSWER,2619,1513700319,nazaninnnnn,CONTESTANT,PRETESTS,3,15,5632000
902,A,33433357,GNU C,OK,6264,1513703975,nazmul87,CONTESTANT,TESTS,55,15,1843200
902,A,33423992,GNU C++,WRONG_ANSWER,2543,1513700243,nazmul_hossain,CONTESTANT,PRETESTS,4,15,2048000
902,A,33429887,GNU C++,WRONG_ANSWER,4646,1513702346,nazmul_hossain,CONTESTANT,PRETESTS,4,15,2048000
902,A,33434571,GNU C++,WRONG_ANSWER,6832,1513704532,nazmul_hossain,CONTESTANT,PRETESTS,2,15,2048000
902,A,33435005,GNU C++,WRONG_ANSWER,7005,1513704705,nazmul_hossain,CONTESTANT,PRETESTS,4,15,2048000
902,A,33415245,C++14 (GCC 6-32),WRONG_ANSWER,683,1513698383,nbl97,CONTESTANT,PRETESTS,4,15,1945600
902,A,33418250,C++14 (GCC 6-32),CHALLENGED,1160,1513698860,nbl97,CONTESTANT,CHALLENGES,8,15,1945600
902,B,33425138,C++14 (GCC 6-32),OK,2872,1513700572,nbl97,CONTESTANT,TESTS,50,31,2457600
902,A,33428192,C++14 (GCC 6-32),WRONG_ANSWER,3954,1513701654,nbl97,CONTESTANT,CHALLENGES,0,15,1945600
902,A,33430733,C++14 (GCC 6-32),OK,5007,1513702707,nbl97,CONTESTANT,TESTS,55,15,1945600
902,A,33413816,GNU C++11,WRONG_ANSWER,447,1513698157,ncutura,CONTESTANT,PRETESTS,2,15,2048000
902,B,33418576,GNU C++11,OK,1207,1513698918,ncutura,CONTESTANT,TESTS,50,46,2457600
902,A,33419029,GNU C++11,WRONG_ANSWER,1303,1513699014,ncutura,CONTESTANT,PRETESTS,2,15,2048000
902,A,33422061,GNU C++11,OK,1995,1513699705,ncutura,CONTESTANT,TESTS,55,15,2150400
902,C,33426564,GNU C++11,WRONG_ANSWER,3337,1513701047,ncutura,CONTESTANT,PRETESTS,3,15,2457600
902,C,33429081,GNU C++11,WRONG_ANSWER,4300,1513702010,ncutura,CONTESTANT,PRETESTS,3,15,2867200
902,C,33429334,GNU C++11,WRONG_ANSWER,4400,1513702111,ncutura,CONTESTANT,PRETESTS,3,15,2867200
902,C,33430534,GNU C++11,WRONG_ANSWER,4907,1513702617,ncutura,CONTESTANT,PRETESTS,3,15,2867200
902,A,33416223,GNU C++11,WRONG_ANSWER,824,1513698524,ndh96coder,CONTESTANT,PRETESTS,4,15,2048000
902,A,33418438,GNU C++11,WRONG_ANSWER,1192,1513698892,ndh96coder,CONTESTANT,PRETESTS,4,15,2048000
902,A,33419740,GNU C++11,WRONG_ANSWER,1454,1513699154,ndh96coder,CONTESTANT,PRETESTS,0,15,2048000
902,A,33420274,GNU C++11,CHALLENGED,1573,1513699273,ndh96coder,CONTESTANT,CHALLENGES,8,15,2048000
902,B,33425266,GNU C++11,WRONG_ANSWER,2914,1513700614,ndh96coder,CONTESTANT,PRETESTS,4,30,3686400
902,B,33425547,GNU C++11,OK,3007,1513700707,ndh96coder,CONTESTANT,TESTS,50,31,3891200
902,A,33419229,C++14 (GCC 6-32),CHALLENGED,1346,1513699057,neEz,CONTESTANT,CHALLENGES,8,15,1945600
902,B,33430632,C++14 (GCC 6-32),RUNTIME_ERROR,4953,1513702663,neEz,CONTESTANT,PRETESTS,5,15,2252800
902,B,33430737,C++14 (GCC 6-32),OK,4998,1513702708,neEz,CONTESTANT,TESTS,50,218,2560000
902,A,33413575,GNU C++11,OK,416,1513698116,neerajbattan,CONTESTANT,TESTS,55,15,2048000
902,B,33415935,GNU C++11,OK,782,1513698482,neerajbattan,CONTESTANT,TESTS,50,46,2560000
902,C,33425327,GNU C++11,WRONG_ANSWER,2935,1513700635,neerajbattan,CONTESTANT,PRETESTS,4,15,3788800
902,C,33427994,GNU C++11,OK,3873,1513701573,neerajbattan,CONTESTANT,TESTS,45,326,3686400
902,A,33414665,C++14 (GCC 6-32),RUNTIME_ERROR,591,1513698291,negi_da,CONTESTANT,TESTS,47,15,2150400
902,B,33422314,C++14 (GCC 6-32),OK,2069,1513699769,negi_da,CONTESTANT,TESTS,50,30,5324800
902,C,33433856,C++14 (GCC 6-32),WRONG_ANSWER,6500,1513704200,negi_da,CONTESTANT,PRETESTS,3,15,4710400
902,C,33434769,C++14 (GCC 6-32),WRONG_ANSWER,6919,1513704619,negi_da,CONTESTANT,PRETESTS,3,15,4710400
902,C,33435346,C++14 (GCC 6-32),WRONG_ANSWER,7118,1513704818,negi_da,CONTESTANT,PRETESTS,3,15,29900800
902,C,33435441,C++14 (GCC 6-32),WRONG_ANSWER,7149,1513704849,negi_da,CONTESTANT,PRETESTS,1,15,29900800
902,A,33416188,C++14 (GCC 6-32),WRONG_ANSWER,820,1513698520,neha10gupta97,CONTESTANT,PRETESTS,3,15,1843200
902,A,33417767,C++14 (GCC 6-32),WRONG_ANSWER,1078,1513698778,neha10gupta97,CONTESTANT,PRETESTS,3,15,1945600
902,A,33421892,C++14 (GCC 6-32),OK,1963,1513699663,neha10gupta97,CONTESTANT,TESTS,55,15,1945600
902,B,33430338,C++14 (GCC 6-32),OK,4835,1513702535,neha10gupta97,CONTESTANT,TESTS,50,202,2457600
902,B,33414855,C++14 (GCC 6-32),OK,613,1513698323,neko_nyaaaaaaaaaaaaaaaaa,CONTESTANT,TESTS,50,46,2560000
902,A,33417374,C++14 (GCC 6-32),WRONG_ANSWER,1000,1513698711,neko_nyaaaaaaaaaaaaaaaaa,CONTESTANT,PRETESTS,4,0,1945600
902,A,33418420,C++14 (GCC 6-32),WRONG_ANSWER,1178,1513698888,neko_nyaaaaaaaaaaaaaaaaa,CONTESTANT,PRETESTS,4,15,1945600
902,A,33419448,C++14 (GCC 6-32),WRONG_ANSWER,1387,1513699097,neko_nyaaaaaaaaaaaaaaaaa,CONTESTANT,PRETESTS,4,0,1945600
902,A,33419753,C++14 (GCC 6-32),OK,1446,1513699157,neko_nyaaaaaaaaaaaaaaaaa,CONTESTANT,TESTS,55,15,1945600
902,C,33426196,C++14 (GCC 6-32),OK,3210,1513700920,neko_nyaaaaaaaaaaaaaaaaa,CONTESTANT,TESTS,45,156,5120000
902,D,33429587,C++14 (GCC 6-32),WRONG_ANSWER,4515,1513702225,neko_nyaaaaaaaaaaaaaaaaa,CONTESTANT,PRETESTS,2,15,1945600
902,D,33429697,C++14 (GCC 6-32),WRONG_ANSWER,4557,1513702267,neko_nyaaaaaaaaaaaaaaaaa,CONTESTANT,PRETESTS,2,15,1843200
902,A,33415776,C++14 (GCC 6-32),OK,761,1513698461,nemchinova_ea,CONTESTANT,TESTS,55,15,1945600
902,B,33423355,C++14 (GCC 6-32),OK,2366,1513700066,nemchinova_ea,CONTESTANT,TESTS,50,31,2560000
902,C,33431031,C++14 (GCC 6-32),WRONG_ANSWER,5133,1513702833,nemchinova_ea,CONTESTANT,PRETESTS,4,15,1945600
902,C,33433780,C++14 (GCC 6-32),WRONG_ANSWER,6461,1513704161,nemchinova_ea,CONTESTANT,PRETESTS,6,15,1945600
902,C,33434694,C++14 (GCC 6-32),WRONG_ANSWER,6884,1513704584,nemchinova_ea,CONTESTANT,PRETESTS,6,15,1945600
902,A,33431024,GNU C++17 Diagnostics,WRONG_ANSWER,5129,1513702829,nenuzy,CONTESTANT,PRETESTS,4,826,98201600
902,A,33431866,GNU C++17 Diagnostics,WRONG_ANSWER,5553,1513703253,nenuzy,CONTESTANT,PRETESTS,0,748,98201600
902,A,33432125,GNU C++17 Diagnostics,WRONG_ANSWER,5676,1513703376,nenuzy,CONTESTANT,PRETESTS,4,779,98201600
902,A,33432586,GNU C++17 Diagnostics,CHALLENGED,5914,1513703614,nenuzy,CONTESTANT,CHALLENGES,8,795,98201600
902,C,33432833,GNU C++,WRONG_ANSWER,6020,1513703730,nerve_ending,CONTESTANT,PRETESTS,3,15,6860800
902,A,33412824,GNU C++11,WRONG_ANSWER,249,1513697959,netflix,CONTESTANT,PRETESTS,4,15,2048000
902,A,33413138,GNU C++11,WRONG_ANSWER,327,1513698038,netflix,CONTESTANT,PRETESTS,4,15,2048000
902,A,33413539,GNU C++11,OK,400,1513698110,netflix,CONTESTANT,TESTS,55,15,2048000
902,B,33420165,GNU C++11,OK,1538,1513699249,netflix,CONTESTANT,TESTS,50,46,2662400
902,C,33429497,GNU C++11,OK,4474,1513702185,netflix,CONTESTANT,TESTS,45,342,29081600
902,A,33423295,C++14 (GCC 6-32),WRONG_ANSWER,2350,1513700050,new_chance,CONTESTANT,PRETESTS,0,0,1843200
902,A,33424409,C++14 (GCC 6-32),WRONG_ANSWER,2659,1513700359,new_chance,CONTESTANT,PRETESTS,2,15,1945600
902,A,33426339,C++14 (GCC 6-32),WRONG_ANSWER,3266,1513700966,new_chance,CONTESTANT,PRETESTS,3,15,1945600
902,A,33427588,C++14 (GCC 6-32),WRONG_ANSWER,3726,1513701426,new_chance,CONTESTANT,PRETESTS,2,15,1945600
902,A,33433095,C++14 (GCC 6-32),WRONG_ANSWER,6154,1513703854,new_chance,CONTESTANT,TESTS,16,15,1945600
902,A,33420594,C++14 (GCC 6-32),CHALLENGED,1647,1513699347,newbie.coder,CONTESTANT,CHALLENGES,8,15,33996800
902,A,33413868,C++14 (GCC 6-32),WRONG_ANSWER,454,1513698164,newbie314159,CONTESTANT,PRETESTS,1,15,1843200
902,A,33414055,C++14 (GCC 6-32),WRONG_ANSWER,487,1513698198,newbie314159,CONTESTANT,PRETESTS,0,15,1945600
902,A,33415028,C++14 (GCC 6-32),WRONG_ANSWER,640,1513698351,newbie314159,CONTESTANT,PRETESTS,1,15,1945600
902,A,33415636,C++14 (GCC 6-32),WRONG_ANSWER,728,1513698439,newbie314159,CONTESTANT,PRETESTS,0,15,1945600
902,A,33416205,C++14 (GCC 6-32),WRONG_ANSWER,811,1513698522,newbie314159,CONTESTANT,TESTS,6,15,1945600
902,A,33416207,GNU C11,OK,822,1513698522,nfatima5596,CONTESTANT,TESTS,55,30,2252800
902,A,33414896,C++14 (GCC 6-32),WRONG_ANSWER,619,1513698329,ng13095046,CONTESTANT,PRETESTS,4,15,1945600
902,A,33416329,C++14 (GCC 6-32),OK,830,1513698541,ng13095046,CONTESTANT,TESTS,55,15,1945600
902,B,33424743,C++14 (GCC 6-32),OK,2745,1513700456,ng13095046,CONTESTANT,TESTS,50,46,2662400
902,C,33432955,C++14 (GCC 6-32),WRONG_ANSWER,6078,1513703789,ng13095046,CONTESTANT,PRETESTS,3,15,1843200
902,C,33434742,C++14 (GCC 6-32),WRONG_ANSWER,6906,1513704606,ng13095046,CONTESTANT,PRETESTS,4,15,1945600
902,C,33435616,C++14 (GCC 6-32),COMPILATION_ERROR,7186,1513704886,ng13095046,CONTESTANT,PRETESTS,0,0,0
902,A,33418191,C++14 (GCC 6-32),OK,1138,1513698849,ngot23,CONTESTANT,TESTS,55,15,1945600
902,B,33421901,C++14 (GCC 6-32),OK,1957,1513699667,ngot23,CONTESTANT,TESTS,50,30,2457600
902,A,33413941,GNU C++,WRONG_ANSWER,478,1513698178,nguyenthanhbrt,CONTESTANT,PRETESTS,3,15,2048000
902,A,33414609,GNU C++,WRONG_ANSWER,584,1513698284,nguyenthanhbrt,CONTESTANT,PRETESTS,4,15,2048000
902,A,33415368,GNU C++,OK,702,1513698402,nguyenthanhbrt,CONTESTANT,TESTS,55,31,2048000
902,B,33418804,GNU C++,WRONG_ANSWER,1263,1513698963,nguyenthanhbrt,CONTESTANT,PRETESTS,2,0,2150400
902,B,33419505,GNU C++11,OK,1409,1513699109,nguyenthanhbrt,CONTESTANT,TESTS,50,31,2150400
902,C,33424197,GNU C++11,OK,2595,1513700295,nguyenthanhbrt,CONTESTANT,TESTS,45,108,2457600
902,A,33413394,C++14 (GCC 6-32),WRONG_ANSWER,373,1513698083,nhatduy,CONTESTANT,PRETESTS,2,0,1843200
902,A,33414645,C++14 (GCC 6-32),WRONG_ANSWER,579,1513698289,nhatduy,CONTESTANT,TESTS,27,15,1843200
902,B,33420107,C++14 (GCC 6-32),OK,1525,1513699235,nhatduy,CONTESTANT,TESTS,50,31,2457600
902,C,33426579,C++14 (GCC 6-32),OK,3341,1513701052,nhatduy,CONTESTANT,TESTS,45,93,2969600
902,D,33435526,C++14 (GCC 6-32),WRONG_ANSWER,7158,1513704868,nhatduy,CONTESTANT,PRETESTS,2,0,1843200
902,A,33428765,GNU C++11,WRONG_ANSWER,4178,1513701888,nhg240102,CONTESTANT,PRETESTS,4,15,3686400
902,A,33429762,GNU C++11,WRONG_ANSWER,4586,1513702296,nhg240102,CONTESTANT,PRETESTS,4,15,2048000
902,A,33432342,GNU C++11,WRONG_ANSWER,5774,1513703485,nhg240102,CONTESTANT,PRETESTS,2,15,2048000
902,A,33433385,GNU C++11,COMPILATION_ERROR,6276,1513703986,nhg240102,CONTESTANT,PRETESTS,0,0,0
902,A,33434004,GNU C++11,OK,6569,1513704280,nhg240102,CONTESTANT,TESTS,55,15,2048000
902,A,33419643,GNU C++11,WRONG_ANSWER,1437,1513699137,nichit,CONTESTANT,TESTS,16,15,2048000
902,A,33413650,C++14 (GCC 6-32),CHALLENGED,430,1513698130,nickpros,CONTESTANT,CHALLENGES,8,15,1945600
902,B,33422695,C++14 (GCC 6-32),OK,2180,1513699880,nickpros,CONTESTANT,TESTS,50,30,2764800
902,C,33427104,C++14 (GCC 6-32),WRONG_ANSWER,3544,1513701244,nickpros,CONTESTANT,PRETESTS,3,15,1843200
902,C,33428416,C++14 (GCC 6-32),WRONG_ANSWER,4041,1513701741,nickpros,CONTESTANT,PRETESTS,3,15,1945600
902,C,33431655,C++14 (GCC 6-32),WRONG_ANSWER,5438,1513703138,nickpros,CONTESTANT,PRETESTS,3,15,1843200
902,C,33431901,C++14 (GCC 6-32),WRONG_ANSWER,5570,1513703270,nickpros,CONTESTANT,PRETESTS,4,15,1945600
902,C,33432440,C++14 (GCC 6-32),OK,5840,1513703540,nickpros,CONTESTANT,TESTS,45,124,6860800
902,A,33413150,C++14 (GCC 6-32),OK,339,1513698039,nigehan,CONTESTANT,TESTS,55,15,1945600
902,B,33417949,C++14 (GCC 6-32),OK,1108,1513698808,nigehan,CONTESTANT,TESTS,50,15,2252800
902,C,33424195,C++14 (GCC 6-32),WRONG_ANSWER,2595,1513700295,nigehan,CONTESTANT,PRETESTS,1,15,2662400
902,C,33424323,C++14 (GCC 6-32),OK,2630,1513700330,nigehan,CONTESTANT,TESTS,45,93,2662400
902,A,33422732,GNU C,OK,2191,1513699891,night_fury208,CONTESTANT,TESTS,55,15,1843200
902,D,33428142,GNU C++,WRONG_ANSWER,3935,1513701635,night_fury208,CONTESTANT,PRETESTS,0,15,2048000
902,D,33429017,GNU C++,WRONG_ANSWER,4285,1513701985,night_fury208,CONTESTANT,PRETESTS,4,15,2048000
902,A,33414538,GNU C++11,OK,563,1513698273,nihalb,CONTESTANT,TESTS,55,15,1843200
902,B,33420366,GNU C++11,OK,1582,1513699292,nihalb,CONTESTANT,TESTS,50,15,2457600
902,A,33416697,GNU C++11,WRONG_ANSWER,898,1513698598,nik-12,CONTESTANT,PRETESTS,4,15,2048000
902,A,33420697,GNU C++11,WRONG_ANSWER,1671,1513699371,nik-12,CONTESTANT,PRETESTS,4,15,2048000
902,A,33421045,GNU C++11,WRONG_ANSWER,1756,1513699456,nik-12,CONTESTANT,PRETESTS,4,15,2048000
902,C,33419884,GNU C++11,OK,1486,1513699186,nikalosaberidze,CONTESTANT,TESTS,45,327,2457600
902,B,33423592,GNU C++11,OK,2430,1513700130,nikalosaberidze,CONTESTANT,TESTS,50,15,4403200
902,A,33425113,GNU C++11,WRONG_ANSWER,2865,1513700565,nikalosaberidze,CONTESTANT,PRETESTS,2,15,2048000
902,A,33425355,GNU C++11,WRONG_ANSWER,2946,1513700646,nikalosaberidze,CONTESTANT,PRETESTS,2,15,2048000
902,A,33425806,GNU C++11,WRONG_ANSWER,3091,1513700791,nikalosaberidze,CONTESTANT,PRETESTS,2,15,2048000
902,A,33425954,GNU C++11,OK,3136,1513700836,nikalosaberidze,CONTESTANT,TESTS,55,15,2048000
902,A,33417309,GNU C11,WRONG_ANSWER,999,1513698699,nikhila_reddy5,CONTESTANT,PRETESTS,2,0,1843200
902,A,33421525,GNU C11,WRONG_ANSWER,1874,1513699574,nikhila_reddy5,CONTESTANT,PRETESTS,2,15,1843200
902,A,33425629,GNU C11,WRONG_ANSWER,3031,1513700731,nikhila_reddy5,CONTESTANT,PRETESTS,2,15,1843200
902,A,33427151,GNU C++11,CHALLENGED,3563,1513701263,nikitajare22,CONTESTANT,CHALLENGES,8,15,2048000
902,A,33413140,GNU C++11,OK,338,1513698038,nikunjsoni,CONTESTANT,TESTS,55,30,2150400
902,B,33421819,GNU C++11,WRONG_ANSWER,1946,1513699646,nikunjsoni,CONTESTANT,PRETESTS,9,15,6758400
902,B,33423969,GNU C++11,OK,2537,1513700237,nikunjsoni,CONTESTANT,TESTS,50,15,6963200
902,C,33430190,GNU C++11,OK,4777,1513702477,nikunjsoni,CONTESTANT,TESTS,45,109,9318400
902,A,33417419,C++14 (GCC 6-32),WRONG_ANSWER,1016,1513698716,nil0o,CONTESTANT,PRETESTS,2,15,1843200
902,A,33418282,C++14 (GCC 6-32),WRONG_ANSWER,1165,1513698865,nil0o,CONTESTANT,PRETESTS,2,15,1843200
902,A,33420758,C++14 (GCC 6-32),OK,1687,1513699387,nil0o,CONTESTANT,TESTS,55,15,1945600
902,B,33428048,C++14 (GCC 6-32),TIME_LIMIT_EXCEEDED,3891,1513701591,nil0o,CONTESTANT,PRETESTS,5,1000,11673600
902,B,33430282,C++14 (GCC 6-32),TIME_LIMIT_EXCEEDED,4811,1513702511,nil0o,CONTESTANT,PRETESTS,5,1000,11776000
902,A,33418141,C++14 (GCC 6-32),OK,1139,1513698839,nilesh8757,CONTESTANT,TESTS,55,15,2150400
902,A,33418390,GNU C++11,WRONG_ANSWER,1183,1513698883,nileshjha19,CONTESTANT,PRETESTS,3,15,2048000
902,A,33419519,GNU C++11,WRONG_ANSWER,1413,1513699113,nileshjha19,CONTESTANT,PRETESTS,3,15,2048000
902,A,33420830,GNU C++11,WRONG_ANSWER,1703,1513699403,nileshjha19,CONTESTANT,PRETESTS,4,15,2048000
902,A,33423302,GNU C++11,OK,2351,1513700051,nileshjha19,CONTESTANT,TESTS,55,15,2048000
902,A,33413171,C++14 (GCC 6-32),WRONG_ANSWER,342,1513698042,nima10khodaveisi,CONTESTANT,PRETESTS,2,15,1945600
902,A,33415743,C++14 (GCC 6-32),OK,755,1513698455,nima10khodaveisi,CONTESTANT,TESTS,55,15,1945600
902,B,33420293,C++14 (GCC 6-32),OK,1577,1513699277,nima10khodaveisi,CONTESTANT,TESTS,50,155,257536000
902,C,33422284,C++14 (GCC 6-32),OK,2059,1513699759,nima10khodaveisi,CONTESTANT,TESTS,45,109,3481600
902,A,33413092,GNU C++11,WRONG_ANSWER,328,1513698028,nimelyohin,CONTESTANT,PRETESTS,3,15,2048000
902,A,33413479,GNU C++11,OK,399,1513698099,nimelyohin,CONTESTANT,TESTS,55,15,2048000
902,B,33417648,GNU C++11,OK,1059,1513698759,nimelyohin,CONTESTANT,TESTS,50,31,8294400
902,C,33423232,GNU C++11,WRONG_ANSWER,2333,1513700033,nimelyohin,CONTESTANT,PRETESTS,1,0,8089600
902,C,33424900,GNU C++11,WRONG_ANSWER,2798,1513700498,nimelyohin,CONTESTANT,PRETESTS,3,15,8089600
902,C,33424993,GNU C++11,OK,2827,1513700527,nimelyohin,CONTESTANT,TESTS,45,234,8499200
902,A,33414364,C++14 (GCC 6-32),OK,544,1513698244,nimishagarg_ng,CONTESTANT,TESTS,55,30,1945600
902,B,33421431,C++14 (GCC 6-32),OK,1850,1513699550,nimishagarg_ng,CONTESTANT,TESTS,50,15,2560000
902,C,33425984,C++14 (GCC 6-32),OK,3146,1513700846,nimishagarg_ng,CONTESTANT,TESTS,45,93,2252800
902,A,33417640,C++14 (GCC 6-32),WRONG_ANSWER,1047,1513698758,nimishkapoor,CONTESTANT,PRETESTS,2,15,1843200
902,A,33418674,C++14 (GCC 6-32),WRONG_ANSWER,1225,1513698936,nimishkapoor,CONTESTANT,PRETESTS,2,15,1843200
902,A,33421874,C++14 (GCC 6-32),WRONG_ANSWER,1948,1513699658,nimishkapoor,CONTESTANT,PRETESTS,2,15,1843200
902,A,33426032,C++14 (GCC 6-32),WRONG_ANSWER,3153,1513700863,nimishkapoor,CONTESTANT,TESTS,16,15,1945600
902,B,33434468,C++14 (GCC 6-32),OK,6788,1513704488,nimishkapoor,CONTESTANT,TESTS,50,93,2048000
902,A,33419691,Python 3,OK,1437,1513699147,nimishshinde38,CONTESTANT,TESTS,55,62,5529600
902,A,33412761,C++14 (GCC 6-32),WRONG_ANSWER,234,1513697934,nimom,CONTESTANT,PRETESTS,2,0,1945600
902,A,33413405,C++14 (GCC 6-32),WRONG_ANSWER,386,1513698086,nimom,CONTESTANT,PRETESTS,3,15,1843200
902,A,33415382,C++14 (GCC 6-32),OK,704,1513698404,nimom,CONTESTANT,TESTS,55,15,2048000
902,B,33422011,C++14 (GCC 6-32),OK,1996,1513699696,nimom,CONTESTANT,TESTS,50,15,2560000
902,C,33430572,C++14 (GCC 6-32),OK,4934,1513702634,nimom,CONTESTANT,TESTS,45,93,11571200
902,A,33413911,Java 8,WRONG_ANSWER,473,1513698173,nims972,CONTESTANT,PRETESTS,2,139,20992000
902,A,33415227,Java 8,WRONG_ANSWER,681,1513698381,nims972,CONTESTANT,PRETESTS,2,108,20992000
902,A,33416217,Java 8,WRONG_ANSWER,823,1513698523,nims972,CONTESTANT,PRETESTS,2,139,20992000
902,A,33414854,C++14 (GCC 6-32),WRONG_ANSWER,623,1513698323,niraj291997,CONTESTANT,PRETESTS,2,15,1843200
902,A,33416229,C++14 (GCC 6-32),WRONG_ANSWER,825,1513698525,niraj291997,CONTESTANT,PRETESTS,2,15,1945600
902,A,33418878,C++14 (GCC 6-32),OK,1280,1513698980,niraj291997,CONTESTANT,TESTS,55,15,1945600
902,B,33424725,C++14 (GCC 6-32),OK,2749,1513700449,niraj291997,CONTESTANT,TESTS,50,15,4608000
902,B,33422708,C++14 (GCC 6-32),OK,2184,1513699884,niranjan_kumar,CONTESTANT,TESTS,50,31,2764800
902,A,33423862,C++14 (GCC 6-32),OK,2505,1513700205,niranjan_kumar,CONTESTANT,TESTS,55,15,2048000
902,A,33432608,C++14 (GCC 6-32),WRONG_ANSWER,5922,1513703622,nirban.cj17,CONTESTANT,PRETESTS,2,0,1843200
902,A,33433191,C++14 (GCC 6-32),WRONG_ANSWER,6204,1513703904,nirban.cj17,CONTESTANT,PRETESTS,2,0,1843200
902,A,33433343,C++14 (GCC 6-32),WRONG_ANSWER,6269,1513703969,nirban.cj17,CONTESTANT,PRETESTS,2,0,1843200
902,A,33412690,C++14 (GCC 6-32),OK,198,1513697898,nirvana,CONTESTANT,TESTS,55,15,1945600
902,B,33416125,C++14 (GCC 6-32),OK,811,1513698511,nirvana,CONTESTANT,TESTS,50,233,2560000
902,C,33426432,C++14 (GCC 6-32),WRONG_ANSWER,3299,1513700999,nirvana,CONTESTANT,PRETESTS,5,15,4300800
902,C,33427188,C++14 (GCC 6-32),OK,3581,1513701281,nirvana,CONTESTANT,TESTS,45,93,4300800
902,D,33429128,C++14 (GCC 6-32),WRONG_ANSWER,4328,1513702028,nirvana,CONTESTANT,PRETESTS,2,0,1945600
902,D,33430542,C++14 (GCC 6-32),WRONG_ANSWER,4922,1513702622,nirvana,CONTESTANT,PRETESTS,0,0,1843200
902,D,33431287,C++14 (GCC 6-32),WRONG_ANSWER,5256,1513702956,nirvana,CONTESTANT,PRETESTS,3,0,1945600
902,D,33434824,C++14 (GCC 6-32),WRONG_ANSWER,6942,1513704642,nirvana,CONTESTANT,PRETESTS,2,0,1843200
902,A,33415648,C++14 (GCC 6-32),WRONG_ANSWER,740,1513698440,nish_1612,CONTESTANT,PRETESTS,2,15,1945600
902,A,33415901,C++14 (GCC 6-32),WRONG_ANSWER,778,1513698478,nish_1612,CONTESTANT,PRETESTS,2,15,1843200
902,A,33416460,C++14 (GCC 6-32),OK,861,1513698561,nish_1612,CONTESTANT,TESTS,55,15,1945600
902,A,33419145,C++14 (GCC 6-32),WRONG_ANSWER,1339,1513699039,nishant_2124,CONTESTANT,PRETESTS,0,0,1843200
902,A,33419176,C++14 (GCC 6-32),OK,1335,1513699046,nishant_2124,CONTESTANT,TESTS,55,15,2150400
902,A,33415171,C++14 (GCC 6-32),WRONG_ANSWER,671,1513698371,nishanthta,CONTESTANT,PRETESTS,4,15,1843200
902,A,33417237,C++14 (GCC 6-32),WRONG_ANSWER,988,1513698688,nishanthta,CONTESTANT,PRETESTS,0,0,1843200
902,A,33418387,C++14 (GCC 6-32),WRONG_ANSWER,1182,1513698882,nishanthta,CONTESTANT,PRETESTS,0,0,1843200
902,A,33418633,C++14 (GCC 6-32),WRONG_ANSWER,1228,1513698928,nishanthta,CONTESTANT,PRETESTS,5,15,1945600
902,A,33420174,C++14 (GCC 6-32),WRONG_ANSWER,1551,1513699251,nishanthta,CONTESTANT,PRETESTS,5,15,1945600
902,B,33424994,C++14 (GCC 6-32),OK,2827,1513700527,nishanthta,CONTESTANT,TESTS,50,46,2764800
902,C,33430868,C++14 (GCC 6-32),WRONG_ANSWER,5061,1513702761,nishanthta,CONTESTANT,PRETESTS,4,15,5939200
902,C,33431814,C++14 (GCC 6-32),WRONG_ANSWER,5525,1513703225,nishanthta,CONTESTANT,PRETESTS,4,15,5939200
902,C,33432958,C++14 (GCC 6-32),WRONG_ANSWER,6091,1513703791,nishanthta,CONTESTANT,PRETESTS,4,15,5939200
902,A,33435478,C++14 (GCC 6-32),WRONG_ANSWER,7159,1513704859,nishanthta,CONTESTANT,PRETESTS,5,31,1945600
902,A,33413672,Java 8,WRONG_ANSWER,422,1513698133,nitin890,CONTESTANT,PRETESTS,2,140,20992000
902,A,33418723,Java 8,WRONG_ANSWER,1237,1513698947,nitin890,CONTESTANT,PRETESTS,3,124,20992000
902,A,33424274,Java 8,WRONG_ANSWER,2605,1513700316,nitin890,CONTESTANT,PRETESTS,3,140,20992000
902,A,33422857,Python 2,WRONG_ANSWER,2224,1513699924,nitin_iitr,CONTESTANT,PRETESTS,2,46,4505600
902,A,33426374,Python 2,WRONG_ANSWER,3279,1513700979,nitin_iitr,CONTESTANT,PRETESTS,2,46,4608000
902,A,33430131,Python 2,WRONG_ANSWER,4755,1513702455,nitin_iitr,CONTESTANT,PRETESTS,1,46,4608000
902,A,33431006,Python 2,WRONG_ANSWER,5121,1513702821,nitin_iitr,CONTESTANT,PRETESTS,1,46,4505600
902,A,33432027,Python 2,OK,5629,1513703329,nitin_iitr,CONTESTANT,TESTS,55,62,4608000
902,A,33419397,C++14 (GCC 6-32),WRONG_ANSWER,1383,1513699083,nitishdash,CONTESTANT,PRETESTS,4,15,1843200
902,A,33423505,C++14 (GCC 6-32),WRONG_ANSWER,2407,1513700107,nitishdash,CONTESTANT,PRETESTS,4,15,1843200
902,B,33421749,GNU C++,OK,1927,1513699627,nitishp,CONTESTANT,TESTS,50,249,2457600
902,A,33424120,GNU C++,WRONG_ANSWER,2575,1513700275,nitishp,CONTESTANT,TESTS,16,15,2048000
902,C,33430539,GNU C++,OK,4920,1513702620,nitishp,CONTESTANT,TESTS,45,327,5529600
902,A,33423433,C++14 (GCC 6-32),WRONG_ANSWER,2386,1513700086,nitishplus98,CONTESTANT,PRETESTS,3,15,2048000
902,A,33424935,C++14 (GCC 6-32),WRONG_ANSWER,2809,1513700509,nitishplus98,CONTESTANT,PRETESTS,4,0,2048000
902,A,33425571,C++14 (GCC 6-32),WRONG_ANSWER,3015,1513700715,nitishplus98,CONTESTANT,PRETESTS,3,15,2048000
902,A,33428498,C++14 (GCC 6-32),WRONG_ANSWER,4076,1513701776,nitishplus98,CONTESTANT,PRETESTS,4,15,2048000
902,A,33428842,C++14 (GCC 6-32),WRONG_ANSWER,4218,1513701918,nitishplus98,CONTESTANT,PRETESTS,3,0,2048000
902,A,33429397,C++14 (GCC 6-32),WRONG_ANSWER,4438,1513702138,nitishplus98,CONTESTANT,PRETESTS,4,15,2048000
902,A,33429964,C++14 (GCC 6-32),WRONG_ANSWER,4681,1513702381,nitishplus98,CONTESTANT,PRETESTS,4,0,2048000
902,B,33434648,C++14 (GCC 6-32),OK,6864,1513704564,nitishplus98,CONTESTANT,TESTS,50,31,2560000
902,A,33434914,C++14 (GCC 6-32),WRONG_ANSWER,6976,1513704676,nitishplus98,CONTESTANT,PRETESTS,4,15,2048000
902,A,33435544,C++14 (GCC 6-32),WRONG_ANSWER,7173,1513704873,nitishplus98,CONTESTANT,PRETESTS,4,15,2048000
902,A,33422661,Python 3,OK,2172,1513699872,nitixkrai,CONTESTANT,TESTS,55,78,5632000
902,B,33426004,C++14 (GCC 6-32),OK,3152,1513700852,nitixkrai,CONTESTANT,TESTS,50,30,5324800
902,C,33430570,Python 3,OK,4933,1513702633,nitixkrai,CONTESTANT,TESTS,45,1528,7680000
902,A,33413143,GNU C++11,OK,338,1513698038,niu,CONTESTANT,TESTS,55,30,2048000
902,B,33415271,GNU C++11,OK,687,1513698387,niu,CONTESTANT,TESTS,50,15,2457600
902,C,33420303,GNU C++11,OK,1579,1513699279,niu,CONTESTANT,TESTS,45,109,6246400
902,D,33429776,GNU C++11,OK,4603,1513702303,niu,CONTESTANT,TESTS,150,15,2355200
902,A,33415887,GNU C++,WRONG_ANSWER,775,1513698475,nivin,CONTESTANT,PRETESTS,1,15,2048000
902,A,33416592,GNU C++,WRONG_ANSWER,882,1513698582,nivin,CONTESTANT,PRETESTS,1,0,2048000
902,A,33417985,GNU C++,WRONG_ANSWER,1115,1513698815,nivin,CONTESTANT,PRETESTS,0,15,2048000
902,A,33421708,GNU C++,OK,1917,1513699617,nivin,CONTESTANT,TESTS,55,15,2048000
902,B,33427542,GNU C++,COMPILATION_ERROR,3711,1513701411,nivin,CONTESTANT,PRETESTS,0,0,0
902,B,33427867,GNU C++11,OK,3827,1513701527,nivin,CONTESTANT,TESTS,50,46,2662400
902,C,33434986,GNU C++11,WRONG_ANSWER,6999,1513704699,nivin,CONTESTANT,PRETESTS,3,15,2048000
902,C,33435533,GNU C++11,WRONG_ANSWER,7170,1513704870,nivin,CONTESTANT,PRETESTS,3,0,2048000
902,A,33413791,GNU C++,OK,453,1513698153,nivranshu,CONTESTANT,TESTS,55,31,2048000
902,B,33421610,GNU C++,OK,1893,1513699593,nivranshu,CONTESTANT,TESTS,50,46,2457600
902,C,33430680,GNU C++,WRONG_ANSWER,4986,1513702686,nivranshu,CONTESTANT,TESTS,37,327,4096000
902,A,33416736,GNU C++17 Diagnostics,WRONG_ANSWER,905,1513698605,nizi26i26,CONTESTANT,PRETESTS,4,795,98304000
902,A,33425445,GNU C++17 Diagnostics,WRONG_ANSWER,2974,1513700674,nizi26i26,CONTESTANT,PRETESTS,4,764,98508800
902,A,33425714,GNU C++17 Diagnostics,WRONG_ANSWER,3062,1513700762,nizi26i26,CONTESTANT,PRETESTS,4,795,98508800
902,A,33413881,C++14 (GCC 6-32),OK,467,1513698167,njzwj2007,CONTESTANT,TESTS,55,15,1843200
902,B,33418331,C++14 (GCC 6-32),OK,1173,1513698873,njzwj2007,CONTESTANT,TESTS,50,30,2560000
902,C,33422411,C++14 (GCC 6-32),WRONG_ANSWER,2102,1513699802,njzwj2007,CONTESTANT,PRETESTS,1,0,2252800
902,C,33423837,C++14 (GCC 6-32),WRONG_ANSWER,2500,1513700200,njzwj2007,CONTESTANT,PRETESTS,5,15,2252800
902,C,33424404,C++14 (GCC 6-32),WRONG_ANSWER,2657,1513700357,njzwj2007,CONTESTANT,TESTS,37,93,2252800
902,D,33434838,C++14 (GCC 6-32),OK,6945,1513704645,njzwj2007,CONTESTANT,TESTS,150,30,2048000
902,A,33413488,C++14 (GCC 6-32),WRONG_ANSWER,400,1513698100,nky_007,CONTESTANT,PRETESTS,4,15,1945600
902,A,33414531,C++14 (GCC 6-32),OK,572,1513698272,nky_007,CONTESTANT,TESTS,55,15,1945600
902,B,33419083,C++14 (GCC 6-32),OK,1328,1513699028,nky_007,CONTESTANT,TESTS,50,15,2457600
902,C,33424989,C++14 (GCC 6-32),WRONG_ANSWER,2826,1513700526,nky_007,CONTESTANT,PRETESTS,1,15,1945600
902,C,33427111,C++14 (GCC 6-32),OK,3547,1513701247,nky_007,CONTESTANT,TESTS,45,93,3891200
902,A,33414788,C++14 (GCC 6-32),WRONG_ANSWER,612,1513698312,noKetcup,CONTESTANT,PRETESTS,2,15,1945600
902,A,33415554,C++14 (GCC 6-32),WRONG_ANSWER,729,1513698429,noKetcup,CONTESTANT,PRETESTS,2,15,1843200
902,A,33416971,C++14 (GCC 6-32),WRONG_ANSWER,940,1513698640,noKetcup,CONTESTANT,PRETESTS,2,15,1843200
902,A,33414386,GNU C++11,WRONG_ANSWER,538,1513698249,no_oneplb,CONTESTANT,PRETESTS,1,0,2048000
902,A,33418762,GNU C++11,WRONG_ANSWER,1244,1513698955,no_oneplb,CONTESTANT,PRETESTS,2,0,2048000
902,B,33421830,GNU C++11,OK,1938,1513699648,no_oneplb,CONTESTANT,TESTS,50,31,4300800
902,A,33424074,GNU C++11,WRONG_ANSWER,2554,1513700264,no_oneplb,CONTESTANT,PRETESTS,2,15,2048000
902,A,33424531,GNU C++11,WRONG_ANSWER,2685,1513700396,no_oneplb,CONTESTANT,PRETESTS,2,0,2048000
902,A,33425209,GNU C++11,OK,2886,1513700596,no_oneplb,CONTESTANT,TESTS,55,15,2048000
902,C,33430628,GNU C++11,OK,4952,1513702663,no_oneplb,CONTESTANT,TESTS,45,93,3686400
902,A,33412684,C++14 (GCC 6-32),WRONG_ANSWER,192,1513697892,nobleman,CONTESTANT,PRETESTS,1,0,1945600
902,A,33412749,C++14 (GCC 6-32),WRONG_ANSWER,227,1513697927,nobleman,CONTESTANT,PRETESTS,0,15,1945600
902,A,33412947,C++14 (GCC 6-32),OK,297,1513697997,nobleman,CONTESTANT,TESTS,55,15,2048000
902,B,33423849,C++14 (GCC 6-32),OK,2502,1513700202,nobleman,CONTESTANT,TESTS,50,218,4608000
902,A,33413782,Java 8,OK,452,1513698152,nodar_dzamukashvili,CONTESTANT,TESTS,55,155,20992000
902,B,33422629,Java 8,WRONG_ANSWER,2162,1513699862,nodar_dzamukashvili,CONTESTANT,PRETESTS,4,139,20992000
902,B,33434786,Java 8,OK,6924,1513704624,nodar_dzamukashvili,CONTESTANT,TESTS,50,483,21196800
902,A,33413298,C++14 (GCC 6-32),OK,367,1513698067,noelnadal,CONTESTANT,TESTS,55,15,1945600
902,B,33416891,C++14 (GCC 6-32),OK,928,1513698628,noelnadal,CONTESTANT,TESTS,50,30,2662400
902,C,33421216,C++14 (GCC 6-32),OK,1797,1513699497,noelnadal,CONTESTANT,TESTS,45,108,2662400
902,D,33424907,C++14 (GCC 6-32),WRONG_ANSWER,2801,1513700501,noelnadal,CONTESTANT,PRETESTS,2,15,1843200
902,D,33425081,C++14 (GCC 6-32),OK,2856,1513700556,noelnadal,CONTESTANT,TESTS,150,15,2048000
902,A,33415675,GNU C++11,COMPILATION_ERROR,744,1513698444,noguide,CONTESTANT,PRETESTS,0,0,0
902,A,33416009,GNU C++11,WRONG_ANSWER,782,1513698493,noguide,CONTESTANT,PRETESTS,2,15,2048000
902,A,33418104,GNU C++11,OK,1122,1513698833,noguide,CONTESTANT,TESTS,55,15,2048000
902,B,33426764,GNU C++11,OK,3409,1513701120,noguide,CONTESTANT,TESTS,50,31,2560000
902,A,33414168,PyPy 3,TIME_LIMIT_EXCEEDED,514,1513698214,nonis,CONTESTANT,TESTS,13,1000,30822400
902,B,33421577,PyPy 3,RUNTIME_ERROR,1888,1513699588,nonis,CONTESTANT,TESTS,24,327,47206400
902,A,33425235,C++14 (GCC 6-32),WRONG_ANSWER,2903,1513700603,noodle_coder,CONTESTANT,PRETESTS,2,0,1843200
902,A,33426361,C++14 (GCC 6-32),WRONG_ANSWER,3273,1513700973,noodle_coder,CONTESTANT,PRETESTS,2,0,1945600
902,A,33427284,C++14 (GCC 6-32),WRONG_ANSWER,3616,1513701316,noodle_coder,CONTESTANT,PRETESTS,2,15,1843200
902,A,33434030,C++14 (GCC 6-32),WRONG_ANSWER,6596,1513704296,noodle_coder,CONTESTANT,PRETESTS,2,15,1945600
902,A,33435174,C++14 (GCC 6-32),WRONG_ANSWER,7064,1513704764,noodle_coder,CONTESTANT,PRETESTS,2,15,1843200
902,A,33417902,GNU C++11,WRONG_ANSWER,1101,1513698801,noone12345,CONTESTANT,PRETESTS,2,0,2048000
902,B,33428177,GNU C++11,OK,3949,1513701649,noone12345,CONTESTANT,TESTS,50,109,2150400
902,A,33430236,GNU C++11,WRONG_ANSWER,4794,1513702494,noone12345,CONTESTANT,PRETESTS,2,15,2048000
902,A,33431936,GNU C++11,WRONG_ANSWER,5585,1513703285,noone12345,CONTESTANT,PRETESTS,2,15,2048000
902,A,33423964,GNU C++11,WRONG_ANSWER,2536,1513700236,nostalgic,CONTESTANT,PRETESTS,4,15,2048000
902,A,33425874,GNU C++11,OK,3111,1513700811,nostalgic,CONTESTANT,TESTS,55,15,2048000
902,B,33433218,GNU C++11,OK,6211,1513703911,nostalgic,CONTESTANT,TESTS,50,155,118579200
902,A,33423885,GNU C++17 Diagnostics,OK,2502,1513700213,notAProgrammer_NAP,CONTESTANT,TESTS,55,950,102912000
902,A,33413073,GNU C++11,OK,314,1513698024,notnik,CONTESTANT,TESTS,55,15,2150400
902,B,33422067,GNU C++11,OK,1996,1513699706,notnik,CONTESTANT,TESTS,50,280,2560000
902,C,33428812,GNU C++11,WRONG_ANSWER,4193,1513701903,notnik,CONTESTANT,PRETESTS,3,15,2048000
902,C,33431738,GNU C++11,WRONG_ANSWER,5474,1513703184,notnik,CONTESTANT,PRETESTS,4,0,2048000
902,C,33432885,GNU C++11,WRONG_ANSWER,6048,1513703758,notnik,CONTESTANT,PRETESTS,3,15,2048000
902,C,33434212,GNU C++11,WRONG_ANSWER,6665,1513704376,notnik,CONTESTANT,PRETESTS,3,15,2048000
902,A,33413360,Python 3,WRONG_ANSWER,378,1513698078,notpartooskumar,CONTESTANT,PRETESTS,2,46,5529600
902,A,33414163,Python 3,WRONG_ANSWER,513,1513698213,notpartooskumar,CONTESTANT,PRETESTS,2,46,5529600
902,A,33417233,Python 3,WRONG_ANSWER,987,1513698687,notpartooskumar,CONTESTANT,PRETESTS,2,46,5529600
902,A,33421972,Python 3,WRONG_ANSWER,1986,1513699686,notpartooskumar,CONTESTANT,PRETESTS,4,46,5529600
902,A,33422849,Python 3,WRONG_ANSWER,2222,1513699922,notpartooskumar,CONTESTANT,PRETESTS,4,46,5529600
902,A,33424978,Python 3,OK,2822,1513700522,notpartooskumar,CONTESTANT,TESTS,55,77,5529600
902,A,33417665,Java 8,WRONG_ANSWER,1061,1513698761,nouisserraoudha,CONTESTANT,PRETESTS,2,124,20992000
902,A,33422583,Java 8,WRONG_ANSWER,2149,1513699849,nouisserraoudha,CONTESTANT,PRETESTS,2,124,20992000
902,C,33418636,C++14 (GCC 6-32),OK,1229,1513698929,noviciate,CONTESTANT,TESTS,45,93,2252800
902,A,33421026,C++14 (GCC 6-32),OK,1752,1513699452,noviciate,CONTESTANT,TESTS,55,15,1843200
902,B,33422944,C++14 (GCC 6-32),OK,2246,1513699946,noviciate,CONTESTANT,TESTS,50,15,1945600
902,D,33434111,C++14 (GCC 6-32),OK,6630,1513704330,noviciate,CONTESTANT,TESTS,150,15,2048000
902,A,33413059,C++14 (GCC 6-32),WRONG_ANSWER,321,1513698021,nowchen,CONTESTANT,PRETESTS,1,0,1843200
902,A,33413503,C++14 (GCC 6-32),OK,404,1513698104,nowchen,CONTESTANT,TESTS,55,15,1843200
902,B,33416962,C++14 (GCC 6-32),OK,939,1513698639,nowchen,CONTESTANT,TESTS,50,15,3993600
902,C,33422330,C++14 (GCC 6-32),WRONG_ANSWER,2074,1513699774,nowchen,CONTESTANT,PRETESTS,3,15,6041600
902,C,33425518,C++14 (GCC 6-32),OK,2997,1513700697,nowchen,CONTESTANT,TESTS,45,109,6041600
902,D,33429307,C++14 (GCC 6-32),WRONG_ANSWER,4400,1513702100,nowchen,CONTESTANT,PRETESTS,2,15,1945600
902,A,33414887,C++14 (GCC 6-32),OK,628,1513698328,npcoder2k14,CONTESTANT,TESTS,55,15,1945600
902,B,33426715,C++14 (GCC 6-32),OK,3406,1513701106,npcoder2k14,CONTESTANT,TESTS,50,31,2560000
902,A,33413309,Python 3,WRONG_ANSWER,368,1513698068,npfoss,CONTESTANT,PRETESTS,3,46,5529600
902,A,33415712,Python 3,OK,750,1513698450,npfoss,CONTESTANT,TESTS,55,62,5529600
902,B,33420948,Python 3,RUNTIME_ERROR,1731,1513699431,npfoss,CONTESTANT,TESTS,17,249,8601600
902,C,33425687,Python 3,OK,3051,1513700751,npfoss,CONTESTANT,TESTS,45,1606,7577600
902,D,33435572,Python 3,WRONG_ANSWER,7179,1513704879,npfoss,CONTESTANT,PRETESTS,0,46,5529600
902,A,33430712,C++14 (GCC 6-32),WRONG_ANSWER,5000,1513702700,nsahu,CONTESTANT,PRETESTS,2,15,1843200
902,A,33431340,C++14 (GCC 6-32),WRONG_ANSWER,5282,1513702982,nsahu,CONTESTANT,PRETESTS,2,15,1843200
902,A,33435456,C++14 (GCC 6-32),WRONG_ANSWER,7152,1513704852,nsahu,CONTESTANT,PRETESTS,0,0,1843200
902,A,33414694,C++14 (GCC 6-32),OK,595,1513698295,nsf25,CONTESTANT,TESTS,55,15,1945600
902,B,33419322,C++14 (GCC 6-32),OK,1370,1513699070,nsf25,CONTESTANT,TESTS,50,30,2764800
902,C,33432277,C++14 (GCC 6-32),WRONG_ANSWER,5754,1513703454,nsf25,CONTESTANT,PRETESTS,5,15,4300800
902,C,33432870,C++14 (GCC 6-32),RUNTIME_ERROR,6050,1513703750,nsf25,CONTESTANT,PRETESTS,12,30,4300800
902,C,33433185,C++14 (GCC 6-32),OK,6201,1513703901,nsf25,CONTESTANT,TESTS,45,93,6656000
902,A,33413351,C++14 (GCC 6-32),OK,376,1513698076,nshul,CONTESTANT,TESTS,55,15,1945600
902,B,33418909,C++14 (GCC 6-32),OK,1287,1513698987,nshul,CONTESTANT,TESTS,50,15,1945600
902,C,33434488,C++14 (GCC 6-32),WRONG_ANSWER,6799,1513704499,nshul,CONTESTANT,PRETESTS,5,15,1945600
902,A,33415323,GNU C11,WRONG_ANSWER,695,1513698395,nsk06,CONTESTANT,PRETESTS,2,15,1843200
902,A,33416472,GNU C11,WRONG_ANSWER,863,1513698563,nsk06,CONTESTANT,PRETESTS,2,0,1843200
902,A,33418978,GNU C11,WRONG_ANSWER,1302,1513699002,nsk06,CONTESTANT,PRETESTS,2,15,1843200
902,A,33421667,GNU C11,WRONG_ANSWER,1906,1513699606,nsk06,CONTESTANT,PRETESTS,3,15,1843200
902,A,33423101,GNU C11,WRONG_ANSWER,2290,1513699990,nsk06,CONTESTANT,PRETESTS,4,15,1843200
902,A,33424700,GNU C11,WRONG_ANSWER,2743,1513700443,nsk06,CONTESTANT,PRETESTS,4,15,1843200
902,A,33429190,GNU C11,WRONG_ANSWER,4352,1513702052,nsk06,CONTESTANT,PRETESTS,4,15,1843200
902,A,33431291,GNU C11,WRONG_ANSWER,5258,1513702958,nsk06,CONTESTANT,PRETESTS,4,15,1843200
902,A,33435366,GNU C11,WRONG_ANSWER,7124,1513704824,nsk06,CONTESTANT,PRETESTS,2,15,1843200
902,A,33426836,GNU C++,WRONG_ANSWER,3449,1513701149,nstahmmed,CONTESTANT,PRETESTS,5,15,2048000
902,A,33434014,GNU C++,WRONG_ANSWER,6587,1513704287,nstahmmed,CONTESTANT,PRETESTS,0,0,2048000
902,A,33435215,GNU C++,WRONG_ANSWER,7076,1513704776,nstahmmed,CONTESTANT,PRETESTS,2,15,2048000
902,A,33415565,C++14 (GCC 6-32),WRONG_ANSWER,730,1513698430,ntdang,CONTESTANT,PRETESTS,4,15,1843200
902,A,33419052,C++14 (GCC 6-32),WRONG_ANSWER,1321,1513699021,ntdang,CONTESTANT,PRETESTS,4,15,1843200
902,A,33421782,C++14 (GCC 6-32),WRONG_ANSWER,1936,1513699636,ntdang,CONTESTANT,PRETESTS,4,15,1843200
902,A,33424863,C++14 (GCC 6-32),OK,2788,1513700488,ntdang,CONTESTANT,TESTS,55,15,1945600
902,B,33427506,C++14 (GCC 6-32),OK,3697,1513701397,ntdang,CONTESTANT,TESTS,50,31,2457600
902,C,33433294,C++14 (GCC 6-32),WRONG_ANSWER,6247,1513703947,ntdang,CONTESTANT,PRETESTS,1,15,2252800
902,C,33433734,C++14 (GCC 6-32),WRONG_ANSWER,6440,1513704140,ntdang,CONTESTANT,PRETESTS,3,15,2252800
902,C,33434612,C++14 (GCC 6-32),WRONG_ANSWER,6849,1513704549,ntdang,CONTESTANT,TESTS,37,78,4198400
902,A,33415903,GNU C++11,OK,778,1513698478,nuccbh,CONTESTANT,TESTS,55,15,1843200
902,B,33419482,GNU C++11,OK,1404,1513699104,nuccbh,CONTESTANT,TESTS,50,31,2560000
902,C,33428729,GNU C++11,OK,4172,1513701872,nuccbh,CONTESTANT,TESTS,45,109,3072000
902,A,33413876,C++14 (GCC 6-32),OK,466,1513698166,nuclode,CONTESTANT,TESTS,55,15,1945600
902,B,33432336,C++14 (GCC 6-32),WRONG_ANSWER,5782,1513703482,nuclode,CONTESTANT,PRETESTS,9,31,2764800
902,A,33414370,C++14 (GCC 6-32),SKIPPED,544,1513698244,nurdtechie98,CONTESTANT,PRETESTS,8,0,1945600
902,A,33415741,C++14 (GCC 6-32),OK,755,1513698455,nurdtechie98,CONTESTANT,TESTS,55,15,1945600
902,B,33425134,C++14 (GCC 6-32),OK,2871,1513700571,nurdtechie98,CONTESTANT,TESTS,50,31,2457600
902,C,33432610,C++14 (GCC 6-32),WRONG_ANSWER,5923,1513703623,nurdtechie98,CONTESTANT,PRETESTS,1,0,1843200
902,C,33433038,C++14 (GCC 6-32),OK,6128,1513703828,nurdtechie98,CONTESTANT,TESTS,45,109,2662400
902,A,33414458,GNU C++,OK,560,1513698260,nvvnet,CONTESTANT,TESTS,55,30,2048000
902,B,33418263,GNU C++,OK,1162,1513698862,nvvnet,CONTESTANT,TESTS,50,31,2560000
902,C,33423724,GNU C++,OK,2469,1513700169,nvvnet,CONTESTANT,TESTS,45,264,2457600
902,A,33413723,C++14 (GCC 6-32),WRONG_ANSWER,442,1513698142,nyashiki,CONTESTANT,PRETESTS,2,0,1843200
902,A,33414579,C++14 (GCC 6-32),OK,580,1513698280,nyashiki,CONTESTANT,TESTS,55,15,1945600
902,B,33421135,C++14 (GCC 6-32),OK,1778,1513699478,nyashiki,CONTESTANT,TESTS,50,46,2662400
902,C,33425811,C++14 (GCC 6-32),WRONG_ANSWER,3092,1513700792,nyashiki,CONTESTANT,PRETESTS,5,15,2048000
902,C,33426870,C++14 (GCC 6-32),OK,3459,1513701159,nyashiki,CONTESTANT,TESTS,45,156,5632000
902,A,33422152,C++14 (GCC 6-32),OK,2027,1513699727,obeliks,CONTESTANT,TESTS,55,15,1945600
902,A,33414298,GNU C++11,OK,533,1513698233,ofi,CONTESTANT,TESTS,55,15,2048000
902,B,33418760,GNU C++11,OK,1254,1513698954,ofi,CONTESTANT,TESTS,50,31,2560000
902,C,33431580,GNU C++11,WRONG_ANSWER,5399,1513703099,ofi,CONTESTANT,TESTS,13,249,3276800
902,A,33415061,Java 8,WRONG_ANSWER,656,1513698356,ohmprakash,CONTESTANT,PRETESTS,3,139,20992000
902,A,33416437,Java 8,WRONG_ANSWER,856,1513698556,ohmprakash,CONTESTANT,TESTS,16,155,20992000
902,B,33422064,Java 8,OK,2006,1513699706,ohmprakash,CONTESTANT,TESTS,50,218,21196800
902,C,33427771,Java 8,OK,3794,1513701494,ohmprakash,CONTESTANT,TESTS,45,1310,21196800
902,A,33418611,C++14 (GCC 6-32),WRONG_ANSWER,1224,1513698924,oiqwhdljkadlkjahdlqiwe00,CONTESTANT,PRETESTS,0,0,1843200
902,A,33424690,C++14 (GCC 6-32),WRONG_ANSWER,2741,1513700441,oiqwhdljkadlkjahdlqiwe00,CONTESTANT,TESTS,16,15,1843200
902,B,33429226,C++14 (GCC 6-32),OK,4366,1513702066,oiqwhdljkadlkjahdlqiwe00,CONTESTANT,TESTS,50,15,2457600
902,A,33417827,C++14 (GCC 6-32),WRONG_ANSWER,1088,1513698788,ojesav_foder1,CONTESTANT,PRETESTS,2,15,1843200
902,A,33420154,C++14 (GCC 6-32),OK,1546,1513699246,ojesav_foder1,CONTESTANT,TESTS,55,15,1945600
902,B,33428505,C++14 (GCC 6-32),OK,4078,1513701778,ojesav_foder1,CONTESTANT,TESTS,50,31,2662400
902,A,33412876,C++14 (GCC 6-32),WRONG_ANSWER,276,1513697976,okuzn,CONTESTANT,PRETESTS,4,15,1945600
902,A,33413841,C++14 (GCC 6-32),WRONG_ANSWER,461,1513698161,okuzn,CONTESTANT,PRETESTS,0,0,1945600
902,A,33414424,C++14 (GCC 6-32),WRONG_ANSWER,555,1513698256,okuzn,CONTESTANT,TESTS,16,15,1945600
902,B,33420070,C++14 (GCC 6-32),OK,1528,1513699228,okuzn,CONTESTANT,TESTS,50,15,2457600
902,C,33431462,C++14 (GCC 6-32),OK,5342,1513703042,okuzn,CONTESTANT,TESTS,45,93,5222400
902,A,33421010,GNU C++11,OK,1748,1513699448,ol1v3r,CONTESTANT,TESTS,55,15,2048000
902,B,33425627,GNU C++11,OK,3030,1513700730,ol1v3r,CONTESTANT,TESTS,50,46,2150400
902,A,33414650,C++14 (GCC 6-32),WRONG_ANSWER,590,1513698290,oldme_O0O,CONTESTANT,PRETESTS,2,15,1843200
902,A,33416328,C++14 (GCC 6-32),WRONG_ANSWER,841,1513698541,oldme_O0O,CONTESTANT,PRETESTS,4,15,1945600
902,A,33416980,C++14 (GCC 6-32),WRONG_ANSWER,941,1513698641,olek20,CONTESTANT,PRETESTS,3,15,1945600
902,A,33424816,C++14 (GCC 6-32),OK,2776,1513700476,olek20,CONTESTANT,TESTS,55,15,1945600
902,A,33426482,PyPy 3,RUNTIME_ERROR,3305,1513701016,oli_ju,CONTESTANT,PRETESTS,0,93,23040000
902,A,33427184,Python 2,RUNTIME_ERROR,3570,1513701280,oli_ju,CONTESTANT,PRETESTS,0,46,4505600
902,A,33428679,Python 3,RUNTIME_ERROR,4141,1513701852,oli_ju,CONTESTANT,PRETESTS,0,30,5529600
902,A,33431550,C++14 (GCC 6-32),WRONG_ANSWER,5384,1513703084,omar.ultimatealien,CONTESTANT,PRETESTS,4,15,1843200
902,A,33431747,C++14 (GCC 6-32),WRONG_ANSWER,5486,1513703186,omar.ultimatealien,CONTESTANT,PRETESTS,1,15,1843200
902,A,33417634,GNU C++11,WRONG_ANSWER,1056,1513698756,omaragha,CONTESTANT,PRETESTS,2,15,2048000
902,A,33420017,GNU C++11,WRONG_ANSWER,1516,1513699216,omaragha,CONTESTANT,PRETESTS,4,15,2048000
902,A,33425103,GNU C++11,WRONG_ANSWER,2853,1513700563,omaragha,CONTESTANT,PRETESTS,4,15,2048000
902,A,33425728,GNU C++11,WRONG_ANSWER,3055,1513700765,omaragha,CONTESTANT,PRETESTS,4,0,2048000
902,A,33427696,GNU C++11,WRONG_ANSWER,3755,1513701465,omaragha,CONTESTANT,PRETESTS,4,15,2048000
902,B,33431206,GNU C++11,OK,5208,1513702918,omaragha,CONTESTANT,TESTS,50,46,3481600
902,A,33433810,GNU C++11,CHALLENGED,6462,1513704173,omaragha,CONTESTANT,CHALLENGES,8,15,2048000
902,A,33413054,C++14 (GCC 6-32),WRONG_ANSWER,320,1513698020,omarosama96,CONTESTANT,PRETESTS,1,0,1843200
902,A,33413245,C++14 (GCC 6-32),WRONG_ANSWER,358,1513698058,omarosama96,CONTESTANT,PRETESTS,4,15,1843200
902,A,33415012,C++14 (GCC 6-32),OK,648,1513698348,omarosama96,CONTESTANT,TESTS,55,15,1945600
902,B,33419920,C++14 (GCC 6-32),OK,1494,1513699194,omarosama96,CONTESTANT,TESTS,50,46,2457600
902,C,33424545,C++14 (GCC 6-32),WRONG_ANSWER,2700,1513700400,omarosama96,CONTESTANT,PRETESTS,3,15,4300800
902,C,33425367,C++14 (GCC 6-32),OK,2949,1513700649,omarosama96,CONTESTANT,TESTS,45,93,4300800
902,A,33413933,C++14 (GCC 6-32),OK,477,1513698177,omer,CONTESTANT,TESTS,55,15,1945600
902,B,33419294,C++14 (GCC 6-32),OK,1366,1513699066,omer,CONTESTANT,TESTS,50,46,1945600
902,C,33424848,C++14 (GCC 6-32),WRONG_ANSWER,2785,1513700485,omer,CONTESTANT,PRETESTS,3,15,1843200
902,C,33425490,C++14 (GCC 6-32),OK,2987,1513700687,omer,CONTESTANT,TESTS,45,156,2662400
902,A,33419045,C++14 (GCC 6-32),WRONG_ANSWER,1308,1513699019,omkar_halikar,CONTESTANT,PRETESTS,2,15,1843200
902,A,33421950,C++14 (GCC 6-32),WRONG_ANSWER,1969,1513699680,omkar_halikar,CONTESTANT,PRETESTS,2,15,1945600
902,A,33423117,C++14 (GCC 6-32),WRONG_ANSWER,2287,1513699998,omkar_halikar,CONTESTANT,PRETESTS,2,15,1843200
902,A,33425392,C++14 (GCC 6-32),OK,2947,1513700657,omkar_halikar,CONTESTANT,TESTS,55,15,1945600
902,A,33417947,C++14 (GCC 6-32),WRONG_ANSWER,1108,1513698808,one_two,CONTESTANT,PRETESTS,2,15,1945600
902,A,33419434,C++14 (GCC 6-32),WRONG_ANSWER,1394,1513699094,one_two,CONTESTANT,PRETESTS,0,0,1843200
902,A,33419710,C++14 (GCC 6-32),WRONG_ANSWER,1450,1513699150,one_two,CONTESTANT,PRETESTS,2,15,1843200
902,A,33420692,C++14 (GCC 6-32),WRONG_ANSWER,1670,1513699370,one_two,CONTESTANT,PRETESTS,4,15,1945600
902,A,33424866,C++14 (GCC 6-32),WRONG_ANSWER,2788,1513700488,one_two,CONTESTANT,PRETESTS,4,15,1843200
902,C,33417373,C++14 (GCC 6-32),OK,1000,1513698711,onetime,CONTESTANT,TESTS,45,93,8089600
902,B,33426581,C++14 (GCC 6-32),OK,3342,1513701052,onetime,CONTESTANT,TESTS,50,15,3891200
902,A,33427155,C++14 (GCC 6-32),OK,3556,1513701266,onetime,CONTESTANT,TESTS,55,15,1945600
902,A,33423559,C++14 (GCC 6-32),WRONG_ANSWER,2423,1513700123,ooaoaammm,CONTESTANT,PRETESTS,2,0,1843200
902,A,33423767,C++14 (GCC 6-32),WRONG_ANSWER,2484,1513700184,ooaoaammm,CONTESTANT,PRETESTS,2,15,1843200
902,A,33419153,C++14 (GCC 6-32),WRONG_ANSWER,1341,1513699041,oodtoodt,CONTESTANT,PRETESTS,0,0,2048000
902,A,33420133,C++14 (GCC 6-32),WRONG_ANSWER,1542,1513699242,oodtoodt,CONTESTANT,PRETESTS,3,15,2048000
902,A,33421884,C++14 (GCC 6-32),WRONG_ANSWER,1960,1513699660,oodtoodt,CONTESTANT,PRETESTS,6,15,2048000
902,A,33425814,C++14 (GCC 6-32),TIME_LIMIT_EXCEEDED,3093,1513700793,oodtoodt,CONTESTANT,TESTS,13,1000,1945600
902,B,33430146,C++14 (GCC 6-32),WRONG_ANSWER,4762,1513702462,oodtoodt,CONTESTANT,PRETESTS,4,15,2048000
902,B,33430781,C++14 (GCC 6-32),WRONG_ANSWER,5028,1513702728,oodtoodt,CONTESTANT,PRETESTS,9,15,2355200
902,B,33432492,C++14 (GCC 6-32),WRONG_ANSWER,5861,1513703561,oodtoodt,CONTESTANT,PRETESTS,9,15,2355200
902,B,33434154,C++14 (GCC 6-32),OK,6649,1513704349,oodtoodt,CONTESTANT,TESTS,50,202,2457600
902,A,33414127,Java 8,WRONG_ANSWER,497,1513698208,opponent,CONTESTANT,PRETESTS,2,156,20992000
902,A,33416373,Java 8,WRONG_ANSWER,836,1513698546,opponent,CONTESTANT,PRETESTS,4,140,20992000
902,A,33419875,Java 8,WRONG_ANSWER,1474,1513699185,opponent,CONTESTANT,PRETESTS,2,140,20992000
902,A,33422370,Java 8,CHALLENGED,2077,1513699788,opponent,CONTESTANT,CHALLENGES,8,139,20992000
902,A,33418402,C++14 (GCC 6-32),OK,1185,1513698885,orderedchaos,CONTESTANT,TESTS,55,15,1945600
902,B,33425087,C++14 (GCC 6-32),OK,2858,1513700558,orderedchaos,CONTESTANT,TESTS,50,218,2457600
902,C,33433499,C++14 (GCC 6-32),RUNTIME_ERROR,6333,1513704033,orderedchaos,CONTESTANT,TESTS,13,93,6656000
902,A,33417389,GNU C++11,WRONG_ANSWER,1013,1513698713,ornex,CONTESTANT,PRETESTS,2,0,3072000
902,A,33414115,GNU C++11,OK,506,1513698206,osayes,CONTESTANT,TESTS,55,15,2048000
902,B,33420355,GNU C++11,WRONG_ANSWER,1589,1513699289,osayes,CONTESTANT,PRETESTS,9,15,2355200
902,B,33421084,GNU C++11,OK,1765,1513699465,osayes,CONTESTANT,TESTS,50,31,2560000
902,C,33428508,GNU C++11,WRONG_ANSWER,4079,1513701779,osayes,CONTESTANT,TESTS,37,249,5836800
902,A,33424105,C++14 (GCC 6-32),OK,2571,1513700271,oskar,CONTESTANT,TESTS,55,30,1945600
902,A,33415908,Java 8,OK,778,1513698478,osmanys,CONTESTANT,TESTS,55,139,20684800
902,B,33421586,Java 8,OK,1889,1513699589,osmanys,CONTESTANT,TESTS,50,156,20992000
902,C,33428152,Java 8,WRONG_ANSWER,3937,1513701637,osmanys,CONTESTANT,PRETESTS,1,93,20582400
902,C,33430020,Java 8,OK,4705,1513702405,osmanys,CONTESTANT,TESTS,45,1278,20787200
902,A,33416182,C++14 (GCC 6-32),WRONG_ANSWER,809,1513698520,osylai,CONTESTANT,PRETESTS,4,0,1843200
902,A,33417599,C++14 (GCC 6-32),OK,1040,1513698751,osylai,CONTESTANT,TESTS,55,15,1945600
902,B,33420345,C++14 (GCC 6-32),OK,1576,1513699286,osylai,CONTESTANT,TESTS,50,31,2662400
902,C,33429594,C++14 (GCC 6-32),WRONG_ANSWER,4518,1513702228,osylai,CONTESTANT,PRETESTS,1,15,6246400
902,C,33429868,C++14 (GCC 6-32),WRONG_ANSWER,4630,1513702340,osylai,CONTESTANT,PRETESTS,4,15,6348800
902,C,33431827,C++14 (GCC 6-32),WRONG_ANSWER,5522,1513703233,osylai,CONTESTANT,PRETESTS,4,15,6348800
902,C,33433885,C++14 (GCC 6-32),WRONG_ANSWER,6503,1513704214,osylai,CONTESTANT,PRETESTS,4,0,6246400
902,C,33434161,C++14 (GCC 6-32),RUNTIME_ERROR,6641,1513704351,osylai,CONTESTANT,PRETESTS,12,31,7475200
902,C,33434284,C++14 (GCC 6-32),OK,6698,1513704408,osylai,CONTESTANT,TESTS,45,109,12902400
902,A,33415806,C++14 (GCC 6-32),CHALLENGED,755,1513698465,ovis96,CONTESTANT,CHALLENGES,8,15,1945600
902,B,33418166,C++14 (GCC 6-32),OK,1133,1513698843,ovis96,CONTESTANT,TESTS,50,15,3788800
902,C,33425411,C++14 (GCC 6-32),WRONG_ANSWER,2955,1513700665,ovis96,CONTESTANT,PRETESTS,0,15,2662400
902,C,33425666,C++14 (GCC 6-32),OK,3032,1513700742,ovis96,CONTESTANT,TESTS,45,93,2662400
902,A,33430755,C++14 (GCC 6-32),OK,5007,1513702718,ovis96,CONTESTANT,TESTS,55,15,1945600
902,D,33432979,C++14 (GCC 6-32),WRONG_ANSWER,6088,1513703799,ovis96,CONTESTANT,PRETESTS,2,0,1843200
902,D,33433137,C++14 (GCC 6-32),WRONG_ANSWER,6168,1513703879,ovis96,CONTESTANT,PRETESTS,2,15,1843200
902,D,33433685,C++14 (GCC 6-32),WRONG_ANSWER,6407,1513704117,ovis96,CONTESTANT,PRETESTS,6,15,1843200
902,D,33433888,C++14 (GCC 6-32),WRONG_ANSWER,6505,1513704215,ovis96,CONTESTANT,PRETESTS,4,15,1945600
902,D,33433991,C++14 (GCC 6-32),WRONG_ANSWER,6563,1513704274,ovis96,CONTESTANT,PRETESTS,5,15,1843200
902,D,33434558,C++14 (GCC 6-32),COMPILATION_ERROR,6815,1513704525,ovis96,CONTESTANT,PRETESTS,0,0,0
902,D,33434643,C++14 (GCC 6-32),WRONG_ANSWER,6852,1513704563,ovis96,CONTESTANT,PRETESTS,1,0,1843200
902,D,33434765,C++14 (GCC 6-32),WRONG_ANSWER,6907,1513704618,ovis96,CONTESTANT,PRETESTS,6,15,1945600
902,D,33435323,C++14 (GCC 6-32),WRONG_ANSWER,7100,1513704811,ovis96,CONTESTANT,PRETESTS,2,0,1843200
902,A,33412687,GNU C++,RUNTIME_ERROR,195,1513697896,p00r,CONTESTANT,PRETESTS,2,15,2048000
902,A,33412929,GNU C++,WRONG_ANSWER,293,1513697993,p00r,CONTESTANT,PRETESTS,1,15,2048000
902,A,33414625,GNU C++,WRONG_ANSWER,586,1513698286,p00r,CONTESTANT,PRETESTS,3,15,2048000
902,A,33415223,GNU C++,OK,680,1513698380,p00r,CONTESTANT,TESTS,55,31,2048000
902,B,33418235,GNU C++,OK,1156,1513698856,p00r,CONTESTANT,TESTS,50,31,2867200
902,C,33422042,GNU C++,OK,2002,1513699702,p00r,CONTESTANT,TESTS,45,280,8396800
902,A,33414931,C++14 (GCC 6-32),WRONG_ANSWER,624,1513698334,pUn1sHeR,CONTESTANT,PRETESTS,2,15,1945600
902,A,33416362,C++14 (GCC 6-32),WRONG_ANSWER,834,1513698545,pUn1sHeR,CONTESTANT,PRETESTS,2,0,1843200
902,A,33421612,C++14 (GCC 6-32),OK,1894,1513699594,pUn1sHeR,CONTESTANT,TESTS,55,15,1945600
902,A,33414416,GNU C++11,OK,544,1513698254,p_olli,CONTESTANT,TESTS,55,30,2048000
902,B,33419466,GNU C++11,OK,1389,1513699100,p_olli,CONTESTANT,TESTS,50,31,2560000
902,C,33429168,GNU C++11,OK,4334,1513702045,p_olli,CONTESTANT,TESTS,45,249,4710400
902,A,33422384,GNU C++,WRONG_ANSWER,2094,1513699794,p_sheth,CONTESTANT,PRETESTS,2,15,2048000
902,A,33423330,GNU C++,WRONG_ANSWER,2359,1513700059,p_sheth,CONTESTANT,PRETESTS,2,15,2048000
902,A,33419193,C++14 (GCC 6-32),WRONG_ANSWER,1338,1513699049,p_unit,CONTESTANT,PRETESTS,2,0,1843200
902,A,33422081,C++14 (GCC 6-32),TIME_LIMIT_EXCEEDED,2007,1513699707,p_unit,CONTESTANT,PRETESTS,2,1000,1843200
902,A,33422332,C++14 (GCC 6-32),TIME_LIMIT_EXCEEDED,2075,1513699775,p_unit,CONTESTANT,PRETESTS,2,1000,1843200
902,A,33423042,C++14 (GCC 6-32),WRONG_ANSWER,2274,1513699974,p_unit,CONTESTANT,PRETESTS,3,15,1843200
902,A,33423193,C++14 (GCC 6-32),WRONG_ANSWER,2321,1513700021,p_unit,CONTESTANT,PRETESTS,1,15,1843200
902,A,33425743,C++14 (GCC 6-32),OK,3070,1513700770,p_unit,CONTESTANT,TESTS,55,15,1945600
902,B,33428419,C++14 (GCC 6-32),OK,4042,1513701742,p_unit,CONTESTANT,TESTS,50,61,2867200
902,C,33432989,C++14 (GCC 6-32),WRONG_ANSWER,6104,1513703804,p_unit,CONTESTANT,PRETESTS,1,0,1843200
902,C,33433721,C++14 (GCC 6-32),WRONG_ANSWER,6432,1513704132,p_unit,CONTESTANT,PRETESTS,3,15,1945600
902,C,33434299,C++14 (GCC 6-32),OK,6715,1513704415,p_unit,CONTESTANT,TESTS,45,186,7475200
902,A,33413399,PyPy 3,OK,384,1513698084,pajenegod,CONTESTANT,TESTS,55,109,23142400
902,B,33419962,PyPy 3,WRONG_ANSWER,1504,1513699204,pajenegod,CONTESTANT,PRETESTS,9,124,28262400
902,B,33420662,PyPy 3,WRONG_ANSWER,1664,1513699364,pajenegod,CONTESTANT,PRETESTS,9,171,28364800
902,B,33423200,PyPy 3,OK,2322,1513700022,pajenegod,CONTESTANT,TESTS,50,187,29184000
902,C,33427069,PyPy 3,OK,3534,1513701234,pajenegod,CONTESTANT,TESTS,45,561,38195200
902,E,33435601,PyPy 3,RUNTIME_ERROR,7184,1513704884,pajenegod,CONTESTANT,PRETESTS,0,77,23142400
902,A,33412958,GNU C++,WRONG_ANSWER,290,1513698000,palashshah,CONTESTANT,PRETESTS,4,15,2048000
902,A,33413151,GNU C++,WRONG_ANSWER,329,1513698040,palashshah,CONTESTANT,PRETESTS,1,15,2048000
902,A,33413559,GNU C++,WRONG_ANSWER,404,1513698115,palashshah,CONTESTANT,PRETESTS,0,0,2048000
902,A,33413974,GNU C++,WRONG_ANSWER,474,1513698184,palashshah,CONTESTANT,PRETESTS,4,0,2048000
902,A,33415132,GNU C++,WRONG_ANSWER,654,1513698365,palashshah,CONTESTANT,PRETESTS,4,0,2048000
902,B,33422500,GNU C++,WRONG_ANSWER,2116,1513699826,palashshah,CONTESTANT,PRETESTS,2,0,2048000
902,B,33423160,GNU C++,TIME_LIMIT_EXCEEDED,2301,1513700012,palashshah,CONTESTANT,PRETESTS,5,1000,11980800
902,A,33424646,GNU C++,WRONG_ANSWER,2719,1513700429,palashshah,CONTESTANT,PRETESTS,4,15,2048000
902,A,33428044,GNU C++,OK,3879,1513701590,palashshah,CONTESTANT,TESTS,55,30,2048000
902,B,33429515,GNU C++,OK,4482,1513702193,palashshah,CONTESTANT,TESTS,50,31,2150400
902,A,33416914,GNU C++,COMPILATION_ERROR,932,1513698632,palever,CONTESTANT,PRETESTS,0,0,0
902,A,33418278,GNU C++17 Diagnostics,OK,1164,1513698864,palever,CONTESTANT,TESTS,55,935,103116800
902,A,33427505,GNU C++,WRONG_ANSWER,3697,1513701397,palindromeguy,CONTESTANT,PRETESTS,2,15,2048000
902,A,33427773,GNU C++,WRONG_ANSWER,3795,1513701495,palindromeguy,CONTESTANT,PRETESTS,2,15,2048000
902,A,33429200,GNU C++,WRONG_ANSWER,4358,1513702058,palindromeguy,CONTESTANT,PRETESTS,0,15,2048000
902,A,33430900,GNU C++,WRONG_ANSWER,5072,1513702772,palindromeguy,CONTESTANT,PRETESTS,4,15,2048000
902,A,33432819,GNU C++,WRONG_ANSWER,6024,1513703724,palindromeguy,CONTESTANT,PRETESTS,4,15,2048000
902,B,33417982,C++14 (GCC 6-32),OK,1104,1513698814,pandeyshrey,CONTESTANT,TESTS,50,31,2662400
902,A,33420078,C++14 (GCC 6-32),WRONG_ANSWER,1520,1513699230,pandeyshrey,CONTESTANT,PRETESTS,3,15,1945600
902,C,33425644,C++14 (GCC 6-32),WRONG_ANSWER,3025,1513700735,pandeyshrey,CONTESTANT,PRETESTS,1,0,5939200
902,C,33427019,C++14 (GCC 6-32),OK,3500,1513701211,pandeyshrey,CONTESTANT,TESTS,45,109,5939200
902,A,33427871,C++14 (GCC 6-32),WRONG_ANSWER,3817,1513701528,pandeyshrey,CONTESTANT,PRETESTS,3,15,1945600
902,A,33429586,C++14 (GCC 6-32),OK,4514,1513702225,pandeyshrey,CONTESTANT,TESTS,55,15,1945600
902,A,33413552,GNU C++11,OK,403,1513698113,pandrei,CONTESTANT,TESTS,55,15,2048000
902,B,33418230,GNU C++11,OK,1144,1513698855,pandrei,CONTESTANT,TESTS,50,46,2662400
902,C,33422880,GNU C++11,WRONG_ANSWER,2218,1513699929,pandrei,CONTESTANT,PRETESTS,1,0,2048000
902,C,33423405,GNU C++11,WRONG_ANSWER,2370,1513700080,pandrei,CONTESTANT,TESTS,37,311,4096000
902,D,33433522,GNU C++11,WRONG_ANSWER,6333,1513704044,pandrei,CONTESTANT,PRETESTS,2,15,2048000
902,D,33434736,GNU C++11,WRONG_ANSWER,6892,1513704602,pandrei,CONTESTANT,PRETESTS,3,15,2048000
902,A,33415749,GNU C++,COMPILATION_ERROR,756,1513698456,pandu67,CONTESTANT,PRETESTS,0,0,0
902,A,33416044,C++14 (GCC 6-32),OK,798,1513698498,pandu67,CONTESTANT,TESTS,55,15,1945600
902,B,33431779,C++14 (GCC 6-32),OK,5503,1513703203,pandu67,CONTESTANT,TESTS,50,46,2662400
902,A,33413895,C++14 (GCC 6-32),WRONG_ANSWER,470,1513698170,panipuri8,CONTESTANT,PRETESTS,4,15,1945600
902,A,33414871,C++14 (GCC 6-32),WRONG_ANSWER,627,1513698327,panipuri8,CONTESTANT,PRETESTS,4,15,1843200
902,A,33417908,C++14 (GCC 6-32),WRONG_ANSWER,1102,1513698802,panipuri8,CONTESTANT,PRETESTS,4,15,1945600
902,B,33420012,C++14 (GCC 6-32),OK,1515,1513699215,panipuri8,CONTESTANT,TESTS,50,46,3993600
902,A,33423856,C++14 (GCC 6-32),WRONG_ANSWER,2503,1513700203,panipuri8,CONTESTANT,PRETESTS,4,15,1843200
902,C,33428648,C++14 (GCC 6-32),WRONG_ANSWER,4141,1513701841,panipuri8,CONTESTANT,PRETESTS,1,15,4300800
902,C,33428846,C++14 (GCC 6-32),OK,4219,1513701919,panipuri8,CONTESTANT,TESTS,45,156,6860800
902,A,33430295,C++14 (GCC 6-32),OK,4817,1513702517,panipuri8,CONTESTANT,TESTS,55,15,1945600
902,A,33413430,C++14 (GCC 6-32),OK,391,1513698091,panslava,CONTESTANT,TESTS,55,15,1945600
902,B,33418472,C++14 (GCC 6-32),OK,1198,1513698898,panslava,CONTESTANT,TESTS,50,30,2048000
902,C,33427796,C++14 (GCC 6-32),WRONG_ANSWER,3803,1513701503,panslava,CONTESTANT,PRETESTS,3,15,1843200
902,C,33428704,C++14 (GCC 6-32),WRONG_ANSWER,4162,1513701862,panslava,CONTESTANT,PRETESTS,3,15,1945600
902,C,33429322,C++14 (GCC 6-32),WRONG_ANSWER,4405,1513702105,panslava,CONTESTANT,PRETESTS,4,15,1843200
902,C,33430034,C++14 (GCC 6-32),WRONG_ANSWER,4711,1513702411,panslava,CONTESTANT,TESTS,37,124,2662400
902,D,33434183,C++14 (GCC 6-32),WRONG_ANSWER,6665,1513704365,panslava,CONTESTANT,PRETESTS,1,15,1843200
902,A,33413445,GNU C++,OK,394,1513698094,pantw,CONTESTANT,TESTS,55,15,1843200
902,B,33417992,GNU C++,OK,1116,1513698816,pantw,CONTESTANT,TESTS,50,31,2355200
902,C,33423298,GNU C++,WRONG_ANSWER,2350,1513700050,pantw,CONTESTANT,PRETESTS,3,15,5120000
902,C,33426209,GNU C++,OK,3224,1513700924,pantw,CONTESTANT,TESTS,45,109,5120000
902,D,33431804,GNU C++,OK,5519,1513703219,pantw,CONTESTANT,TESTS,150,15,2048000
902,A,33412921,C++14 (GCC 6-32),WRONG_ANSWER,279,1513697990,papa-ka-para,CONTESTANT,PRETESTS,0,0,33996800
902,A,33414137,C++14 (GCC 6-32),WRONG_ANSWER,499,1513698209,papa-ka-para,CONTESTANT,PRETESTS,0,0,33996800
902,A,33414912,C++14 (GCC 6-32),CHALLENGED,621,1513698332,papa-ka-para,CONTESTANT,CHALLENGES,8,15,33996800
902,B,33423727,C++14 (GCC 6-32),OK,2459,1513700169,papa-ka-para,CONTESTANT,TESTS,50,31,42393600
902,C,33430525,C++14 (GCC 6-32),WRONG_ANSWER,4902,1513702612,papa-ka-para,CONTESTANT,PRETESTS,1,0,33996800
902,C,33430697,C++14 (GCC 6-32),WRONG_ANSWER,4984,1513702694,papa-ka-para,CONTESTANT,PRETESTS,4,15,33996800
902,C,33432010,C++14 (GCC 6-32),WRONG_ANSWER,5610,1513703321,papa-ka-para,CONTESTANT,PRETESTS,4,15,33996800
902,A,33416865,GNU C++11,OK,913,1513698624,paquechee,CONTESTANT,TESTS,55,15,2048000
902,B,33420516,GNU C++11,OK,1619,1513699330,paquechee,CONTESTANT,TESTS,50,46,2252800
902,C,33428091,GNU C++11,WRONG_ANSWER,3903,1513701613,paquechee,CONTESTANT,PRETESTS,1,15,2867200
902,C,33428385,GNU C++11,OK,4013,1513701724,paquechee,CONTESTANT,TESTS,45,373,11161600
902,A,33413694,C++14 (GCC 6-32),TIME_LIMIT_EXCEEDED,427,1513698138,parakavia,CONTESTANT,PRETESTS,2,1000,2048000
902,A,33414412,C++14 (GCC 6-32),WRONG_ANSWER,544,1513698254,parakavia,CONTESTANT,PRETESTS,0,0,1843200
902,A,33414723,C++14 (GCC 6-32),OK,590,1513698301,parakavia,CONTESTANT,TESTS,55,15,2048000
902,B,33417436,C++14 (GCC 6-32),OK,1009,1513698720,parakavia,CONTESTANT,TESTS,50,15,3072000
902,C,33422831,C++14 (GCC 6-32),OK,2208,1513699918,parakavia,CONTESTANT,TESTS,45,93,6348800
902,D,33429245,C++14 (GCC 6-32),WRONG_ANSWER,4363,1513702074,parakavia,CONTESTANT,PRETESTS,2,15,1945600
902,A,33414204,C++14 (GCC 6-32),MEMORY_LIMIT_EXCEEDED,509,1513698220,param98,CONTESTANT,PRETESTS,0,249,268390400
902,A,33415715,C++14 (GCC 6-32),RUNTIME_ERROR,750,1513698450,param98,CONTESTANT,PRETESTS,0,15,3686400
902,A,33418559,C++14 (GCC 6-32),WRONG_ANSWER,1205,1513698915,param98,CONTESTANT,PRETESTS,1,15,1945600
902,A,33422875,C++14 (GCC 6-32),WRONG_ANSWER,2218,1513699928,param98,CONTESTANT,PRETESTS,3,0,1945600
902,A,33425549,C++14 (GCC 6-32),WRONG_ANSWER,2997,1513700708,param98,CONTESTANT,PRETESTS,3,15,1843200
902,A,33428268,C++14 (GCC 6-32),RUNTIME_ERROR,3981,1513701681,param98,CONTESTANT,PRETESTS,0,15,2048000
902,B,33428534,C++14 (GCC 6-32),WRONG_ANSWER,4092,1513701792,param98,CONTESTANT,PRETESTS,5,15,2355200
902,B,33429043,C++14 (GCC 6-32),WRONG_ANSWER,4296,1513701996,param98,CONTESTANT,TESTS,35,15,2355200
902,C,33431545,C++14 (GCC 6-32),WRONG_ANSWER,5382,1513703082,param98,CONTESTANT,PRETESTS,4,15,1843200
902,C,33434667,C++14 (GCC 6-32),WRONG_ANSWER,6870,1513704570,param98,CONTESTANT,PRETESTS,4,15,1843200
902,A,33415718,Java 8,OK,750,1513698450,paras2411,CONTESTANT,TESTS,55,155,21094400
902,B,33424625,Java 8,OK,2723,1513700423,paras2411,CONTESTANT,TESTS,50,217,21094400
902,C,33432217,Java 8,WRONG_ANSWER,5718,1513703418,paras2411,CONTESTANT,PRETESTS,1,140,20992000
902,C,33433016,Java 8,WRONG_ANSWER,6117,1513703817,paras2411,CONTESTANT,PRETESTS,3,140,20992000
902,C,33433925,Java 8,OK,6536,1513704236,paras2411,CONTESTANT,TESTS,45,1419,21196800
902,A,33419471,C++14 (GCC 6-32),TIME_LIMIT_EXCEEDED,1401,1513699101,pareek,CONTESTANT,TESTS,13,1000,250060800
902,B,33426369,C++14 (GCC 6-32),OK,3277,1513700977,pareek,CONTESTANT,TESTS,50,31,2560000
902,A,33420683,GNU C++11,WRONG_ANSWER,1658,1513699368,paregrine,CONTESTANT,TESTS,46,30,2048000
902,B,33429067,GNU C++11,OK,4295,1513702005,paregrine,CONTESTANT,TESTS,50,312,2764800
902,A,33414477,C++14 (GCC 6-32),WRONG_ANSWER,563,1513698263,pares,CONTESTANT,PRETESTS,2,15,1843200
902,A,33416762,C++14 (GCC 6-32),WRONG_ANSWER,910,1513698610,pares,CONTESTANT,PRETESTS,5,15,1843200
902,A,33420919,C++14 (GCC 6-32),WRONG_ANSWER,1723,1513699423,pares,CONTESTANT,PRETESTS,5,15,1843200
902,A,33421404,C++14 (GCC 6-32),WRONG_ANSWER,1842,1513699542,pares,CONTESTANT,PRETESTS,0,15,1843200
902,A,33421698,C++14 (GCC 6-32),CHALLENGED,1915,1513699615,pares,CONTESTANT,CHALLENGES,8,15,1843200
902,A,33423696,C++14 (GCC 6-32),WRONG_ANSWER,2461,1513700161,pares,CONTESTANT,PRETESTS,5,15,1843200
902,A,33426024,C++14 (GCC 6-32),OK,3158,1513700858,pares,CONTESTANT,TESTS,55,15,1843200
902,A,33416653,C++14 (GCC 6-32),WRONG_ANSWER,880,1513698591,paritosh_code,CONTESTANT,PRETESTS,2,15,1945600
902,A,33417136,C++14 (GCC 6-32),WRONG_ANSWER,959,1513698670,paritosh_code,CONTESTANT,PRETESTS,2,15,1843200
902,A,33421206,C++14 (GCC 6-32),WRONG_ANSWER,1785,1513699496,paritosh_code,CONTESTANT,PRETESTS,2,0,1843200
902,A,33423970,C++14 (GCC 6-32),CHALLENGED,2527,1513700238,paritosh_code,CONTESTANT,CHALLENGES,8,15,1945600
902,A,33425922,C++14 (GCC 6-32),WRONG_ANSWER,3117,1513700828,paritosh_code,CONTESTANT,PRETESTS,0,0,1843200
902,A,33426116,C++14 (GCC 6-32),OK,3183,1513700894,paritosh_code,CONTESTANT,TESTS,55,15,1945600
902,B,33430371,C++14 (GCC 6-32),OK,4837,1513702547,paritosh_code,CONTESTANT,TESTS,50,31,1945600
902,A,33413763,C++14 (GCC 6-32),OK,449,1513698149,parth,CONTESTANT,TESTS,55,15,25907200
902,B,33419386,C++14 (GCC 6-32),OK,1370,1513699081,parth,CONTESTANT,TESTS,50,15,16486400
902,C,33433517,C++14 (GCC 6-32),OK,6341,1513704041,parth,CONTESTANT,TESTS,45,109,13312000
902,A,33413024,C++14 (GCC 6-32),WRONG_ANSWER,314,1513698014,parthlathiya,CONTESTANT,PRETESTS,2,15,1843200
902,A,33413576,C++14 (GCC 6-32),WRONG_ANSWER,417,1513698117,parthlathiya,CONTESTANT,PRETESTS,2,15,1843200
902,A,33414507,C++14 (GCC 6-32),WRONG_ANSWER,567,1513698267,parthlathiya,CONTESTANT,PRETESTS,1,15,1945600
902,A,33415031,C++14 (GCC 6-32),OK,651,1513698351,parthlathiya,CONTESTANT,TESTS,55,15,1945600
902,B,33419177,C++14 (GCC 6-32),OK,1346,1513699046,parthlathiya,CONTESTANT,TESTS,50,31,2048000
902,C,33426344,C++14 (GCC 6-32),WRONG_ANSWER,3268,1513700968,parthlathiya,CONTESTANT,PRETESTS,3,15,1945600
902,C,33427444,C++14 (GCC 6-32),WRONG_ANSWER,3672,1513701372,parthlathiya,CONTESTANT,PRETESTS,1,15,1945600
902,C,33427738,C++14 (GCC 6-32),WRONG_ANSWER,3784,1513701484,parthlathiya,CONTESTANT,PRETESTS,3,15,1945600
902,C,33428997,C++14 (GCC 6-32),CHALLENGED,4278,1513701978,parthlathiya,CONTESTANT,CHALLENGES,13,15,2662400
902,A,33416116,GNU C++,WRONG_ANSWER,808,1513698508,passer__,CONTESTANT,PRETESTS,0,15,2048000
902,A,33416475,GNU C++,WRONG_ANSWER,863,1513698563,passer__,CONTESTANT,PRETESTS,3,15,2048000
902,A,33417596,GNU C++,CHALLENGED,1050,1513698750,passer__,CONTESTANT,CHALLENGES,8,15,2048000
902,B,33429772,GNU C++,WRONG_ANSWER,4602,1513702302,passer__,CONTESTANT,PRETESTS,9,15,2252800
902,B,33431553,GNU C++,OK,5384,1513703084,passer__,CONTESTANT,TESTS,50,15,2252800
902,A,33434199,GNU C++,WRONG_ANSWER,6673,1513704373,passer__,CONTESTANT,PRETESTS,2,15,2048000
902,A,33434503,GNU C++,WRONG_ANSWER,6806,1513704506,passer__,CONTESTANT,PRETESTS,4,0,2048000
902,A,33435245,GNU C++,OK,7086,1513704786,passer__,CONTESTANT,TESTS,55,15,2048000
902,A,33414327,GNU C,COMPILATION_ERROR,538,1513698238,patry6123,CONTESTANT,PRETESTS,0,0,0
902,A,33414772,GNU C++11,WRONG_ANSWER,608,1513698308,patry6123,CONTESTANT,PRETESTS,2,15,2048000
902,A,33415780,GNU C++11,WRONG_ANSWER,762,1513698462,patry6123,CONTESTANT,PRETESTS,2,15,2048000
902,A,33418478,GNU C++11,WRONG_ANSWER,1199,1513698899,patry6123,CONTESTANT,PRETESTS,2,15,2048000
902,A,33418983,GNU C++11,WRONG_ANSWER,1304,1513699004,patry6123,CONTESTANT,PRETESTS,2,15,2048000
902,A,33419592,GNU C,COMPILATION_ERROR,1430,1513699130,patry6123,CONTESTANT,PRETESTS,0,0,0
902,A,33419685,GNU C++11,WRONG_ANSWER,1446,1513699146,patry6123,CONTESTANT,PRETESTS,2,15,2048000
902,A,33419908,GNU C++11,WRONG_ANSWER,1492,1513699192,patry6123,CONTESTANT,PRETESTS,0,0,2048000
902,A,33420045,GNU C++11,WRONG_ANSWER,1523,1513699223,patry6123,CONTESTANT,PRETESTS,2,15,2048000
902,A,33421307,GNU C++11,OK,1821,1513699521,patry6123,CONTESTANT,TESTS,55,31,2048000
902,B,33426800,GNU C++11,OK,3436,1513701136,patry6123,CONTESTANT,TESTS,50,30,2150400
902,C,33434416,GNU C++11,WRONG_ANSWER,6761,1513704461,patry6123,CONTESTANT,PRETESTS,1,15,2048000
902,A,33412883,GNU C++,OK,279,1513697979,paulsohn,CONTESTANT,TESTS,55,15,1843200
902,B,33414919,GNU C++,OK,632,1513698332,paulsohn,CONTESTANT,TESTS,50,31,1945600
902,C,33421054,GNU C++,OK,1758,1513699458,paulsohn,CONTESTANT,TESTS,45,108,2252800
902,E,33432455,GNU C++,WRONG_ANSWER,5843,1513703543,paulsohn,CONTESTANT,PRETESTS,0,15,5836800
902,E,33432572,GNU C++,TIME_LIMIT_EXCEEDED,5907,1513703607,paulsohn,CONTESTANT,PRETESTS,2,2000,14233600
902,A,33427064,GNU C,COMPILATION_ERROR,3532,1513701232,pavansai57,CONTESTANT,PRETESTS,0,0,0
902,A,33427163,C++14 (GCC 6-32),WRONG_ANSWER,3569,1513701269,pavansai57,CONTESTANT,PRETESTS,3,15,1843200
902,A,33428035,C++14 (GCC 6-32),WRONG_ANSWER,3887,1513701587,pavansai57,CONTESTANT,PRETESTS,3,0,1843200
902,A,33431299,C++14 (GCC 6-32),MEMORY_LIMIT_EXCEEDED,5260,1513702960,pavansai57,CONTESTANT,PRETESTS,5,248,268390400
902,A,33431596,C++14 (GCC 6-32),MEMORY_LIMIT_EXCEEDED,5407,1513703107,pavansai57,CONTESTANT,PRETESTS,5,171,268390400
902,A,33432850,C++14 (GCC 6-32),OK,6039,1513703739,pavansai57,CONTESTANT,TESTS,55,15,1843200
902,A,33414675,Java 8,OK,592,1513698292,pavelex,CONTESTANT,TESTS,55,171,20992000
902,B,33424400,Java 8,OK,2654,1513700354,pavelex,CONTESTANT,TESTS,50,998,21811200
902,C,33428968,Java 8,WRONG_ANSWER,4265,1513701965,pavelex,CONTESTANT,PRETESTS,4,155,20992000
902,C,33429354,Java 8,OK,4419,1513702119,pavelex,CONTESTANT,TESTS,45,1247,31129600
902,A,33413499,C++14 (GCC 6-32),WRONG_ANSWER,404,1513698104,pavtlly2,CONTESTANT,PRETESTS,1,15,1843200
902,A,33414872,C++14 (GCC 6-32),WRONG_ANSWER,627,1513698327,pavtlly2,CONTESTANT,PRETESTS,2,15,1843200
902,A,33418994,C++14 (GCC 6-32),WRONG_ANSWER,1306,1513699006,pavtlly2,CONTESTANT,PRETESTS,2,15,1843200
902,B,33422940,C++14 (GCC 6-32),WRONG_ANSWER,2246,1513699946,pavtlly2,CONTESTANT,PRETESTS,9,15,2355200
902,A,33424169,C++14 (GCC 6-32),WRONG_ANSWER,2589,1513700289,pavtlly2,CONTESTANT,PRETESTS,2,15,1945600
902,A,33425685,C++14 (GCC 6-32),WRONG_ANSWER,3050,1513700750,pavtlly2,CONTESTANT,TESTS,16,15,1945600
902,B,33426744,C++14 (GCC 6-32),OK,3413,1513701113,pavtlly2,CONTESTANT,TESTS,50,31,1945600
902,A,33413540,C++14 (GCC 6-32),WRONG_ANSWER,410,1513698110,payback_1996,CONTESTANT,PRETESTS,2,15,1843200
902,A,33419274,C++14 (GCC 6-32),WRONG_ANSWER,1364,1513699064,payback_1996,CONTESTANT,PRETESTS,5,15,1945600
902,A,33428080,C++14 (GCC 6-32),WRONG_ANSWER,3907,1513701607,payback_1996,CONTESTANT,PRETESTS,4,15,1843200
902,A,33416544,C++14 (GCC 6-32),OK,875,1513698575,pce913,CONTESTANT,TESTS,55,15,1945600
902,B,33421578,C++14 (GCC 6-32),OK,1888,1513699588,pce913,CONTESTANT,TESTS,50,31,2867200
902,C,33432911,C++14 (GCC 6-32),WRONG_ANSWER,6071,1513703771,pce913,CONTESTANT,PRETESTS,1,15,2662400
902,C,33433165,C++14 (GCC 6-32),WRONG_ANSWER,6191,1513703891,pce913,CONTESTANT,PRETESTS,4,15,2662400
902,C,33433541,C++14 (GCC 6-32),WRONG_ANSWER,6351,1513704051,pce913,CONTESTANT,PRETESTS,4,15,2662400
902,C,33434593,C++14 (GCC 6-32),WRONG_ANSWER,6842,1513704542,pce913,CONTESTANT,PRETESTS,4,15,2662400
902,A,33414436,GNU C++11,WRONG_ANSWER,558,1513698258,pclightyear,CONTESTANT,PRETESTS,4,15,2048000
902,A,33417290,GNU C++11,WRONG_ANSWER,996,1513698696,pclightyear,CONTESTANT,PRETESTS,4,15,2048000
902,A,33422650,GNU C++11,COMPILATION_ERROR,2169,1513699869,pclightyear,CONTESTANT,PRETESTS,0,0,0
902,A,33422779,GNU C++11,WRONG_ANSWER,2205,1513699905,pclightyear,CONTESTANT,TESTS,49,15,2048000
902,B,33425242,GNU C++11,OK,2907,1513700607,pclightyear,CONTESTANT,TESTS,50,31,2560000
902,C,33430446,GNU C++11,OK,4880,1513702580,pclightyear,CONTESTANT,TESTS,45,233,4505600
902,A,33422635,Java 8,WRONG_ANSWER,2164,1513699864,pcnitp,CONTESTANT,PRETESTS,5,140,20992000
902,A,33419964,C++14 (GCC 6-32),WRONG_ANSWER,1504,1513699204,peace.247ankit,CONTESTANT,PRETESTS,2,15,1945600
902,A,33420533,C++14 (GCC 6-32),WRONG_ANSWER,1634,1513699334,peace.247ankit,CONTESTANT,PRETESTS,2,0,1945600
902,A,33422913,C++14 (GCC 6-32),WRONG_ANSWER,2239,1513699939,peace.247ankit,CONTESTANT,PRETESTS,0,0,1843200
902,A,33426616,C++14 (GCC 6-32),WRONG_ANSWER,3370,1513701070,peace.247ankit,CONTESTANT,PRETESTS,2,0,1945600
902,A,33426901,C++14 (GCC 6-32),OK,3470,1513701170,peace.247ankit,CONTESTANT,TESTS,55,15,1945600
902,A,33413541,C++14 (GCC 6-32),WRONG_ANSWER,411,1513698111,peach,CONTESTANT,TESTS,41,15,1945600
902,B,33419619,C++14 (GCC 6-32),OK,1434,1513699134,peach,CONTESTANT,TESTS,50,358,2560000
902,C,33424783,C++14 (GCC 6-32),WRONG_ANSWER,2767,1513700467,peach,CONTESTANT,PRETESTS,3,15,1843200
902,C,33425285,C++14 (GCC 6-32),WRONG_ANSWER,2920,1513700620,peach,CONTESTANT,PRETESTS,1,15,1843200
902,C,33426819,C++14 (GCC 6-32),WRONG_ANSWER,3441,1513701141,peach,CONTESTANT,TESTS,37,93,3891200
902,D,33432458,C++14 (GCC 6-32),WRONG_ANSWER,5844,1513703544,peach,CONTESTANT,PRETESTS,2,15,1843200
902,A,33415703,GNU C++11,OK,748,1513698448,pedroh,CONTESTANT,TESTS,55,15,2150400
902,B,33428625,GNU C++11,OK,4127,1513701827,pedroh,CONTESTANT,TESTS,50,249,2560000
902,A,33412847,C++14 (GCC 6-32),WRONG_ANSWER,256,1513697967,pedwards,CONTESTANT,PRETESTS,2,15,1843200
902,A,33413324,C++14 (GCC 6-32),OK,360,1513698071,pedwards,CONTESTANT,TESTS,55,15,1843200
902,B,33419041,C++14 (GCC 6-32),OK,1308,1513699018,pedwards,CONTESTANT,TESTS,50,15,2457600
902,C,33423221,C++14 (GCC 6-32),OK,2318,1513700028,pedwards,CONTESTANT,TESTS,45,93,2252800
902,D,33428598,C++14 (GCC 6-32),WRONG_ANSWER,4104,1513701815,pedwards,CONTESTANT,PRETESTS,5,15,2048000
902,D,33429532,C++14 (GCC 6-32),WRONG_ANSWER,4491,1513702201,pedwards,CONTESTANT,TESTS,11,15,2048000
902,E,33434469,C++14 (GCC 6-32),TIME_LIMIT_EXCEEDED,6778,1513704488,pedwards,CONTESTANT,PRETESTS,2,2000,9318400
902,A,33417587,GNU C++11,OK,1048,1513698748,peterSweter,CONTESTANT,TESTS,55,15,2048000
902,B,33423120,GNU C++11,OK,2299,1513699999,peterSweter,CONTESTANT,TESTS,50,46,2560000
902,C,33433190,GNU C++11,OK,6203,1513703903,peterSweter,CONTESTANT,TESTS,45,358,15155200
902,A,33419942,C++14 (GCC 6-32),WRONG_ANSWER,1488,1513699198,petergendy4,CONTESTANT,TESTS,20,15,1945600
902,B,33425273,C++14 (GCC 6-32),OK,2906,1513700616,petergendy4,CONTESTANT,TESTS,50,15,2457600
902,C,33431881,C++14 (GCC 6-32),WRONG_ANSWER,5551,1513703261,petergendy4,CONTESTANT,PRETESTS,1,15,1843200
902,C,33432836,C++14 (GCC 6-32),WRONG_ANSWER,6022,1513703733,petergendy4,CONTESTANT,PRETESTS,1,15,1843200
902,D,33435255,C++14 (GCC 6-32),WRONG_ANSWER,7079,1513704789,petergendy4,CONTESTANT,PRETESTS,1,15,1843200
902,A,33417819,GNU C++,WRONG_ANSWER,1087,1513698787,peyalakmp006,CONTESTANT,PRETESTS,0,0,2048000
902,A,33418667,GNU C++,WRONG_ANSWER,1235,1513698935,peyalakmp006,CONTESTANT,PRETESTS,2,15,2048000
902,A,33420268,GNU C++,WRONG_ANSWER,1572,1513699272,peyalakmp006,CONTESTANT,PRETESTS,2,15,2048000
902,A,33421330,GNU C++,WRONG_ANSWER,1825,1513699525,peyalakmp006,CONTESTANT,PRETESTS,2,15,2048000
902,A,33422752,GNU C++,WRONG_ANSWER,2196,1513699896,peyalakmp006,CONTESTANT,PRETESTS,1,15,2048000
902,A,33423156,GNU C++,WRONG_ANSWER,2311,1513700011,peyalakmp006,CONTESTANT,PRETESTS,2,15,2048000
902,A,33428531,GNU C++,WRONG_ANSWER,4090,1513701790,peyalakmp006,CONTESTANT,PRETESTS,2,0,2048000
902,A,33415433,GNU C++11,OK,710,1513698410,peyha,CONTESTANT,TESTS,55,15,2048000
902,B,33419058,GNU C++11,OK,1323,1513699023,peyha,CONTESTANT,TESTS,50,46,2560000
902,C,33432138,GNU C++11,OK,5683,1513703383,peyha,CONTESTANT,TESTS,45,249,4505600
902,A,33412922,C++14 (GCC 6-32),WRONG_ANSWER,290,1513697990,phillotunru1,CONTESTANT,PRETESTS,4,15,1843200
902,A,33413444,C++14 (GCC 6-32),WRONG_ANSWER,393,1513698093,phillotunru1,CONTESTANT,PRETESTS,2,0,1843200
902,A,33414233,C++14 (GCC 6-32),OK,524,1513698224,phillotunru1,CONTESTANT,TESTS,55,15,1843200
902,A,33413345,C++14 (GCC 6-32),OK,365,1513698075,piewpiew,CONTESTANT,TESTS,55,15,3072000
902,B,33417112,C++14 (GCC 6-32),OK,954,1513698665,piewpiew,CONTESTANT,TESTS,50,15,3788800
902,C,33424984,C++14 (GCC 6-32),WRONG_ANSWER,2814,1513700524,piewpiew,CONTESTANT,PRETESTS,1,15,2252800
902,C,33427854,C++14 (GCC 6-32),WRONG_ANSWER,3811,1513701522,piewpiew,CONTESTANT,PRETESTS,4,15,2252800
902,C,33433006,C++14 (GCC 6-32),WRONG_ANSWER,6102,1513703813,piewpiew,CONTESTANT,PRETESTS,4,15,2252800
902,A,33414008,GNU C++11,WRONG_ANSWER,478,1513698189,pig02010821,CONTESTANT,PRETESTS,1,0,2048000
902,A,33414829,GNU C++11,WRONG_ANSWER,608,1513698318,pig02010821,CONTESTANT,PRETESTS,1,15,2048000
902,A,33419296,GNU C++11,WRONG_ANSWER,1366,1513699066,pig02010821,CONTESTANT,PRETESTS,2,15,2048000
902,A,33423919,GNU C++11,OK,2514,1513700225,pig02010821,CONTESTANT,TESTS,55,15,2048000
902,B,33427128,GNU C++11,OK,3542,1513701253,pig02010821,CONTESTANT,TESTS,50,265,2867200
902,C,33432762,GNU C++11,WRONG_ANSWER,5991,1513703691,pig02010821,CONTESTANT,PRETESTS,4,30,3686400
902,C,33435033,GNU C++11,WRONG_ANSWER,7016,1513704716,pig02010821,CONTESTANT,PRETESTS,4,15,3686400
902,C,33435249,GNU C++11,WRONG_ANSWER,7088,1513704788,pig02010821,CONTESTANT,PRETESTS,4,15,3686400
902,A,33421568,C++14 (GCC 6-32),WRONG_ANSWER,1886,1513699586,pikapika45,CONTESTANT,PRETESTS,2,15,1843200
902,A,33423955,C++14 (GCC 6-32),WRONG_ANSWER,2534,1513700234,pikapika45,CONTESTANT,PRETESTS,2,15,1843200
902,A,33426276,C++14 (GCC 6-32),WRONG_ANSWER,3247,1513700947,pikapika45,CONTESTANT,PRETESTS,3,15,1843200
902,A,33427395,C++14 (GCC 6-32),OK,3656,1513701356,pikapika45,CONTESTANT,TESTS,55,15,1945600
902,A,33419419,C++14 (GCC 6-32),OK,1390,1513699090,pingponggame,CONTESTANT,TESTS,55,15,1945600
902,B,33425587,C++14 (GCC 6-32),OK,3019,1513700719,pingponggame,CONTESTANT,TESTS,50,15,2662400
902,A,33415179,GNU C++11,OK,672,1513698372,pipa,CONTESTANT,TESTS,55,15,2048000
902,B,33422261,GNU C++11,OK,2053,1513699753,pipa,CONTESTANT,TESTS,50,30,2457600
902,C,33428236,GNU C++11,OK,3969,1513701669,pipa,CONTESTANT,TESTS,45,218,4096000
902,A,33417017,C++14 (GCC 6-32),WRONG_ANSWER,947,1513698647,pirates_of_pirates,CONTESTANT,PRETESTS,2,15,1843200
902,A,33421785,C++14 (GCC 6-32),WRONG_ANSWER,1936,1513699636,pirates_of_pirates,CONTESTANT,PRETESTS,5,15,1843200
902,A,33423729,C++14 (GCC 6-32),COMPILATION_ERROR,2470,1513700170,pirates_of_pirates,CONTESTANT,PRETESTS,0,0,0
902,A,33423942,C++14 (GCC 6-32),WRONG_ANSWER,2531,1513700231,pirates_of_pirates,CONTESTANT,PRETESTS,0,0,1843200
902,A,33425204,C++14 (GCC 6-32),WRONG_ANSWER,2894,1513700594,pirates_of_pirates,CONTESTANT,PRETESTS,4,0,1945600
902,A,33426974,C++14 (GCC 6-32),WRONG_ANSWER,3494,1513701194,pirates_of_pirates,CONTESTANT,TESTS,53,15,1843200
902,A,33423362,GNU C++11,WRONG_ANSWER,2358,1513700069,pishbeenZ,CONTESTANT,PRETESTS,2,0,2048000
902,A,33428492,GNU C++11,WRONG_ANSWER,4060,1513701771,pishbeenZ,CONTESTANT,PRETESTS,2,15,2048000
902,A,33429149,GNU C++11,WRONG_ANSWER,4327,1513702038,pishbeenZ,CONTESTANT,PRETESTS,4,15,2048000
902,A,33430604,GNU C++11,WRONG_ANSWER,4939,1513702649,pishbeenZ,CONTESTANT,PRETESTS,4,15,2048000
902,A,33431288,GNU C++11,WRONG_ANSWER,5246,1513702957,pishbeenZ,CONTESTANT,PRETESTS,4,15,2048000
902,A,33431602,GNU C++11,OK,5399,1513703109,pishbeenZ,CONTESTANT,TESTS,55,15,2048000
902,B,33434782,GNU C++11,OK,6923,1513704623,pishbeenZ,CONTESTANT,TESTS,50,62,2560000
902,A,33432078,GNU C++,WRONG_ANSWER,5649,1513703349,piyush.garg,CONTESTANT,PRETESTS,5,15,2048000
902,A,33418071,C++14 (GCC 6-32),OK,1116,1513698827,piyush1146115,CONTESTANT,TESTS,55,15,2048000
902,B,33422601,C++14 (GCC 6-32),OK,2143,1513699854,piyush1146115,CONTESTANT,TESTS,50,15,2560000
902,C,33432234,C++14 (GCC 6-32),WRONG_ANSWER,5719,1513703429,piyush1146115,CONTESTANT,PRETESTS,4,15,2252800
902,C,33432915,C++14 (GCC 6-32),WRONG_ANSWER,6063,1513703773,piyush1146115,CONTESTANT,PRETESTS,5,15,2252800
902,C,33434115,C++14 (GCC 6-32),WRONG_ANSWER,6621,1513704331,piyush1146115,CONTESTANT,PRETESTS,4,15,2252800
902,C,33434865,C++14 (GCC 6-32),WRONG_ANSWER,6946,1513704657,piyush1146115,CONTESTANT,PRETESTS,1,0,2252800
902,C,33435473,C++14 (GCC 6-32),WRONG_ANSWER,7148,1513704859,piyush1146115,CONTESTANT,PRETESTS,4,15,2252800
902,A,33415147,C++14 (GCC 6-32),WRONG_ANSWER,667,1513698367,piyushgarg2425,CONTESTANT,PRETESTS,1,0,1843200
902,A,33422871,C++14 (GCC 6-32),OK,2227,1513699927,piyushgarg2425,CONTESTANT,TESTS,55,15,1945600
902,B,33431145,C++14 (GCC 6-32),OK,5187,1513702887,piyushgarg2425,CONTESTANT,TESTS,50,31,6758400
902,A,33414269,Java 8,WRONG_ANSWER,518,1513698229,piyushgoel997,CONTESTANT,PRETESTS,2,155,20992000
902,A,33415091,Java 8,WRONG_ANSWER,649,1513698360,piyushgoel997,CONTESTANT,PRETESTS,2,139,20992000
902,A,33416937,Java 8,WRONG_ANSWER,925,1513698635,piyushgoel997,CONTESTANT,PRETESTS,2,140,20992000
902,B,33424037,Java 8,OK,2544,1513700254,piyushgoel997,CONTESTANT,TESTS,50,218,21094400
902,A,33425994,Java 8,OK,3138,1513700848,piyushgoel997,CONTESTANT,TESTS,55,156,20992000
902,C,33431236,Java 8,WRONG_ANSWER,5222,1513702933,piyushgoel997,CONTESTANT,PRETESTS,5,139,20992000
902,C,33431696,Java 8,OK,5446,1513703157,piyushgoel997,CONTESTANT,TESTS,45,1356,21196800
902,A,33414124,C++14 (GCC 6-32),WRONG_ANSWER,507,1513698207,piyushrathipr,CONTESTANT,PRETESTS,0,0,1843200
902,A,33414614,C++14 (GCC 6-32),OK,584,1513698284,piyushrathipr,CONTESTANT,TESTS,55,15,1945600
902,B,33425913,C++14 (GCC 6-32),OK,3124,1513700824,piyushrathipr,CONTESTANT,TESTS,50,280,2457600
902,C,33433459,C++14 (GCC 6-32),WRONG_ANSWER,6317,1513704017,piyushrathipr,CONTESTANT,PRETESTS,4,15,6860800
902,C,33434580,C++14 (GCC 6-32),OK,6834,1513704534,piyushrathipr,CONTESTANT,TESTS,45,156,2457600
902,A,33420541,GNU C++11,WRONG_ANSWER,1635,1513699335,pizzaplus,CONTESTANT,PRETESTS,4,15,2048000
902,A,33423055,GNU C++11,WRONG_ANSWER,2277,1513699977,pizzaplus,CONTESTANT,PRETESTS,4,15,2048000
902,A,33425896,GNU C++11,TIME_LIMIT_EXCEEDED,3118,1513700818,pizzaplus,CONTESTANT,PRETESTS,7,1000,2048000
902,A,33427202,GNU C++11,TIME_LIMIT_EXCEEDED,3587,1513701287,pizzaplus,CONTESTANT,PRETESTS,7,1000,2048000
902,A,33431141,GNU C++11,WRONG_ANSWER,5184,1513702884,pizzaplus,CONTESTANT,TESTS,47,15,2048000
902,A,33428991,C++14 (GCC 6-32),WRONG_ANSWER,4276,1513701976,pj_iitk,CONTESTANT,PRETESTS,0,0,1843200
902,A,33429351,GNU C++17 Diagnostics,RUNTIME_ERROR,4418,1513702118,pj_iitk,CONTESTANT,PRETESTS,0,483,95744000
902,A,33414431,GNU C,WRONG_ANSWER,557,1513698257,pk1210,CONTESTANT,TESTS,47,15,1843200
902,C,33424826,GNU C,TIME_LIMIT_EXCEEDED,2779,1513700479,pk1210,CONTESTANT,TESTS,13,2000,2252800
902,B,33428046,GNU C,WRONG_ANSWER,3890,1513701590,pk1210,CONTESTANT,PRETESTS,9,15,1945600
902,B,33428314,GNU C,OK,3997,1513701697,pk1210,CONTESTANT,TESTS,50,30,1945600
902,B,33419982,C++14 (GCC 6-32),OK,1508,1513699208,pk842,CONTESTANT,TESTS,50,46,2560000
902,C,33427054,C++14 (GCC 6-32),WRONG_ANSWER,3527,1513701227,pk842,CONTESTANT,PRETESTS,3,15,4300800
902,A,33431490,C++14 (GCC 6-32),CHALLENGED,5358,1513703058,pk842,CONTESTANT,CHALLENGES,8,15,1843200
902,A,33414849,GNU C++,WRONG_ANSWER,623,1513698323,pkm_007,CONTESTANT,PRETESTS,2,0,2048000
902,A,33415280,GNU C++,WRONG_ANSWER,689,1513698389,pkm_007,CONTESTANT,PRETESTS,2,15,2048000
902,A,33418290,GNU C++,WRONG_ANSWER,1166,1513698866,pkm_007,CONTESTANT,PRETESTS,0,15,2048000
902,A,33420438,GNU C++,WRONG_ANSWER,1611,1513699311,pkm_007,CONTESTANT,PRETESTS,3,15,2048000
902,A,33420774,GNU C++,WRONG_ANSWER,1692,1513699392,pkm_007,CONTESTANT,PRETESTS,1,0,2048000
902,A,33421540,GNU C++,WRONG_ANSWER,1878,1513699578,pkm_007,CONTESTANT,PRETESTS,0,15,2048000
902,A,33422120,GNU C++,WRONG_ANSWER,2018,1513699718,pkm_007,CONTESTANT,TESTS,41,15,2048000
902,A,33413823,GNU C++11,WRONG_ANSWER,448,1513698158,pl4b0n,CONTESTANT,PRETESTS,2,15,2048000
902,A,33415538,GNU C++11,WRONG_ANSWER,716,1513698427,pl4b0n,CONTESTANT,PRETESTS,2,15,2048000
902,A,33417023,GNU C++11,WRONG_ANSWER,938,1513698649,pl4b0n,CONTESTANT,PRETESTS,3,0,2048000
902,A,33417747,GNU C++11,WRONG_ANSWER,1064,1513698775,pl4b0n,CONTESTANT,PRETESTS,4,15,2048000
902,A,33420082,GNU C++11,WRONG_ANSWER,1520,1513699231,pl4b0n,CONTESTANT,PRETESTS,4,15,2048000
902,A,33423481,GNU C++11,WRONG_ANSWER,2389,1513700099,pl4b0n,CONTESTANT,PRETESTS,4,0,2048000
902,B,33428181,GNU C++11,OK,3939,1513701650,pl4b0n,CONTESTANT,TESTS,50,46,6348800
902,A,33430752,GNU C++11,WRONG_ANSWER,5006,1513702717,pl4b0n,CONTESTANT,PRETESTS,4,15,2048000
902,A,33431567,GNU C++11,OK,5382,1513703093,pl4b0n,CONTESTANT,TESTS,55,15,2048000
902,A,33423278,GNU C++11,WRONG_ANSWER,2347,1513700047,platonic,CONTESTANT,PRETESTS,2,15,2048000
902,A,33425258,GNU C++11,WRONG_ANSWER,2912,1513700612,platonic,CONTESTANT,PRETESTS,2,15,2048000
902,A,33429138,GNU C++11,WRONG_ANSWER,4334,1513702034,platonic,CONTESTANT,PRETESTS,2,0,2048000
902,A,33431651,GNU C++11,WRONG_ANSWER,5437,1513703138,platonic,CONTESTANT,PRETESTS,2,15,2048000
902,A,33433441,GNU C++11,WRONG_ANSWER,6311,1513704011,platonic,CONTESTANT,PRETESTS,2,15,2048000
902,A,33417201,C++14 (GCC 6-32),WRONG_ANSWER,983,1513698683,play_store,CONTESTANT,PRETESTS,0,0,1843200
902,A,33417900,C++14 (GCC 6-32),WRONG_ANSWER,1101,1513698801,play_store,CONTESTANT,PRETESTS,2,15,1945600
902,A,33419909,C++14 (GCC 6-32),WRONG_ANSWER,1493,1513699193,play_store,CONTESTANT,PRETESTS,2,15,1843200
902,A,33424047,C++14 (GCC 6-32),WRONG_ANSWER,2557,1513700257,play_store,CONTESTANT,PRETESTS,2,0,1945600
902,A,33430222,C++14 (GCC 6-32),OK,4790,1513702490,play_store,CONTESTANT,TESTS,55,15,1945600
902,A,33414380,C++14 (GCC 6-32),CHALLENGED,547,1513698247,pls_be_short,CONTESTANT,CHALLENGES,8,15,1945600
902,B,33421293,C++14 (GCC 6-32),OK,1805,1513699516,pls_be_short,CONTESTANT,TESTS,50,15,2662400
902,C,33427779,C++14 (GCC 6-32),WRONG_ANSWER,3785,1513701496,pls_be_short,CONTESTANT,PRETESTS,3,15,3891200
902,C,33428101,C++14 (GCC 6-32),WRONG_ANSWER,3906,1513701617,pls_be_short,CONTESTANT,PRETESTS,3,15,3891200
902,A,33419537,GNU C11,COMPILATION_ERROR,1417,1513699117,pmysl,CONTESTANT,PRETESTS,0,0,0
902,A,33419790,C++14 (GCC 6-32),WRONG_ANSWER,1466,1513699166,pmysl,CONTESTANT,PRETESTS,2,15,1843200
902,A,33422753,C++14 (GCC 6-32),WRONG_ANSWER,2196,1513699896,pmysl,CONTESTANT,PRETESTS,2,15,1843200
902,A,33423526,C++14 (GCC 6-32),WRONG_ANSWER,2412,1513700112,pmysl,CONTESTANT,PRETESTS,2,15,1843200
902,A,33424378,C++14 (GCC 6-32),WRONG_ANSWER,2647,1513700347,pmysl,CONTESTANT,PRETESTS,2,15,1843200
902,A,33426373,C++14 (GCC 6-32),WRONG_ANSWER,3278,1513700978,pmysl,CONTESTANT,PRETESTS,2,15,1843200
902,A,33427755,C++14 (GCC 6-32),WRONG_ANSWER,3789,1513701489,pmysl,CONTESTANT,PRETESTS,4,0,1843200
902,A,33428602,C++14 (GCC 6-32),WRONG_ANSWER,4116,1513701816,pmysl,CONTESTANT,PRETESTS,1,15,1843200
902,A,33428695,C++14 (GCC 6-32),WRONG_ANSWER,4159,1513701859,pmysl,CONTESTANT,PRETESTS,1,15,1843200
902,A,33430637,C++14 (GCC 6-32),WRONG_ANSWER,4966,1513702666,pmysl,CONTESTANT,TESTS,25,15,1843200
902,A,33417689,GNU C++11,WRONG_ANSWER,1065,1513698765,poison123,CONTESTANT,PRETESTS,2,15,2048000
902,A,33418001,GNU C++11,WRONG_ANSWER,1117,1513698817,poison123,CONTESTANT,PRETESTS,2,15,2048000
902,A,33418283,GNU C++11,WRONG_ANSWER,1165,1513698865,poison123,CONTESTANT,PRETESTS,2,15,2048000
902,A,33419523,GNU C++11,WRONG_ANSWER,1414,1513699114,poison123,CONTESTANT,PRETESTS,2,0,2048000
902,A,33419924,GNU C++11,WRONG_ANSWER,1495,1513699195,poison123,CONTESTANT,PRETESTS,2,15,2048000
902,A,33422717,GNU C++11,WRONG_ANSWER,2185,1513699885,poison123,CONTESTANT,PRETESTS,2,0,2048000
902,A,33424846,GNU C++11,WRONG_ANSWER,2784,1513700484,poison123,CONTESTANT,PRETESTS,2,15,2048000
902,B,33429394,GNU C++11,OK,4437,1513702137,poison123,CONTESTANT,TESTS,50,234,2457600
902,C,33433495,GNU C++11,COMPILATION_ERROR,6332,1513704032,poison123,CONTESTANT,PRETESTS,0,0,0
902,C,33434925,GNU C++11,WRONG_ANSWER,6978,1513704678,poison123,CONTESTANT,PRETESTS,1,15,3276800
902,C,33435535,GNU C++11,WRONG_ANSWER,7170,1513704870,poison123,CONTESTANT,PRETESTS,1,31,3276800
902,A,33418458,GNU C++11,OK,1195,1513698895,poiuyt2022,CONTESTANT,TESTS,55,31,2150400
902,B,33420928,GNU C++11,OK,1726,1513699426,poiuyt2022,CONTESTANT,TESTS,50,31,2457600
902,C,33425989,GNU C++11,OK,3147,1513700847,poiuyt2022,CONTESTANT,TESTS,45,124,6860800
902,A,33413218,C++14 (GCC 6-32),WRONG_ANSWER,343,1513698053,pokashevarim,CONTESTANT,PRETESTS,1,0,1945600
902,A,33414091,C++14 (GCC 6-32),WRONG_ANSWER,492,1513698203,pokashevarim,CONTESTANT,PRETESTS,4,15,1945600
902,A,33414377,C++14 (GCC 6-32),WRONG_ANSWER,536,1513698246,pokashevarim,CONTESTANT,PRETESTS,1,0,1945600
902,A,33415015,C++14 (GCC 6-32),WRONG_ANSWER,638,1513698348,pokashevarim,CONTESTANT,PRETESTS,0,0,1843200
902,A,33415363,C++14 (GCC 6-32),WRONG_ANSWER,691,1513698401,pokashevarim,CONTESTANT,PRETESTS,4,15,1945600
902,A,33415628,C++14 (GCC 6-32),OK,737,1513698437,pokashevarim,CONTESTANT,TESTS,55,15,1945600
902,A,33416892,GNU C++11,OK,918,1513698629,polan_,CONTESTANT,TESTS,55,31,2048000
902,B,33427116,GNU C++11,OK,3538,1513701249,polan_,CONTESTANT,TESTS,50,61,2150400
902,A,33419210,C++14 (GCC 6-32),WRONG_ANSWER,1352,1513699052,polat_alemdar,CONTESTANT,PRETESTS,3,15,1843200
902,A,33419932,C++14 (GCC 6-32),WRONG_ANSWER,1496,1513699196,polat_alemdar,CONTESTANT,PRETESTS,5,0,1945600
902,A,33421894,C++14 (GCC 6-32),WRONG_ANSWER,1964,1513699664,polat_alemdar,CONTESTANT,TESTS,1,0,1945600
902,A,33414428,C++14 (GCC 6-32),TIME_LIMIT_EXCEEDED,556,1513698256,polpolpol,CONTESTANT,TESTS,13,1000,194662400
902,B,33420420,C++14 (GCC 6-32),OK,1607,1513699307,polpolpol,CONTESTANT,TESTS,50,31,2457600
902,C,33427736,C++14 (GCC 6-32),WRONG_ANSWER,3784,1513701484,polpolpol,CONTESTANT,PRETESTS,6,15,3891200
902,C,33429512,C++14 (GCC 6-32),OK,4491,1513702191,polpolpol,CONTESTANT,TESTS,45,93,3891200
902,C,33417093,GNU C++11,WRONG_ANSWER,961,1513698661,ponyforces,CONTESTANT,PRETESTS,3,15,2867200
902,C,33418681,GNU C++11,WRONG_ANSWER,1237,1513698937,ponyforces,CONTESTANT,TESTS,37,248,5836800
902,D,33424974,GNU C++11,WRONG_ANSWER,2821,1513700521,ponyforces,CONTESTANT,PRETESTS,2,0,2048000
902,A,33425780,GNU C++11,OK,3083,1513700783,ponyforces,CONTESTANT,TESTS,55,15,2048000
902,B,33426857,GNU C++11,OK,3456,1513701156,ponyforces,CONTESTANT,TESTS,50,31,2662400
902,A,33414850,C++14 (GCC 6-32),COMPILATION_ERROR,623,1513698323,pooya9877,CONTESTANT,PRETESTS,0,0,0
902,A,33415080,C++14 (GCC 6-32),WRONG_ANSWER,658,1513698358,pooya9877,CONTESTANT,PRETESTS,2,0,1945600
902,A,33417929,C++14 (GCC 6-32),WRONG_ANSWER,1105,1513698805,pooya9877,CONTESTANT,PRETESTS,2,15,1945600
902,A,33419468,C++14 (GCC 6-32),CHALLENGED,1400,1513699100,pooya9877,CONTESTANT,CHALLENGES,8,15,1945600
902,A,33432500,C++14 (GCC 6-32),OK,5866,1513703566,pooya9877,CONTESTANT,TESTS,55,15,1945600
902,A,33419650,C++14 (GCC 6-32),WRONG_ANSWER,1439,1513699139,porwalok,CONTESTANT,PRETESTS,0,0,1843200
902,A,33420330,C++14 (GCC 6-32),WRONG_ANSWER,1583,1513699283,porwalok,CONTESTANT,PRETESTS,4,0,1945600
902,A,33422385,C++14 (GCC 6-32),WRONG_ANSWER,2094,1513699794,porwalok,CONTESTANT,PRETESTS,4,15,1843200
902,A,33423112,C++14 (GCC 6-32),WRONG_ANSWER,2295,1513699995,porwalok,CONTESTANT,PRETESTS,4,0,1843200
902,A,33424136,C++14 (GCC 6-32),WRONG_ANSWER,2581,1513700281,porwalok,CONTESTANT,TESTS,47,15,1843200
902,A,33418359,C++14 (GCC 6-32),OK,1177,1513698877,poser887,CONTESTANT,TESTS,55,15,1945600
902,A,33412721,GNU C++11,WRONG_ANSWER,216,1513697916,posij118,CONTESTANT,PRETESTS,2,15,2048000
902,A,33413611,GNU C++11,CHALLENGED,422,1513698122,posij118,CONTESTANT,CHALLENGES,8,15,2048000
902,B,33416814,GNU C++11,OK,917,1513698617,posij118,CONTESTANT,TESTS,50,46,2457600
902,C,33422678,GNU C++11,OK,2175,1513699875,posij118,CONTESTANT,TESTS,45,327,4096000
902,A,33413891,Java 8,WRONG_ANSWER,469,1513698169,postmodern,CONTESTANT,PRETESTS,4,155,20992000
902,A,33416470,Java 8,OK,863,1513698563,postmodern,CONTESTANT,TESTS,55,171,20992000
902,B,33431472,Java 8,SKIPPED,5349,1513703049,postmodern,CONTESTANT,PRETESTS,10,186,21094400
902,B,33431784,Java 8,OK,5506,1513703206,postmodern,CONTESTANT,TESTS,50,202,21299200
902,A,33415278,Java 8,OK,678,1513698388,potatobill,CONTESTANT,TESTS,55,171,21094400
902,B,33424244,Java 8,OK,2597,1513700307,potatobill,CONTESTANT,TESTS,50,841,21196800
902,A,33416344,C++14 (GCC 6-32),WRONG_ANSWER,843,1513698543,pouyae,CONTESTANT,PRETESTS,1,0,1945600
902,A,33418247,C++14 (GCC 6-32),OK,1159,1513698859,pouyae,CONTESTANT,TESTS,55,15,1945600
902,B,33425531,C++14 (GCC 6-32),MEMORY_LIMIT_EXCEEDED,3002,1513700702,pouyae,CONTESTANT,PRETESTS,0,0,268390400
902,B,33426950,C++14 (GCC 6-32),WRONG_ANSWER,3488,1513701188,pouyae,CONTESTANT,PRETESTS,2,0,2048000
902,C,33430721,C++14 (GCC 6-32),OK,5003,1513702703,pouyae,CONTESTANT,TESTS,45,155,2252800
902,B,33431653,C++14 (GCC 6-32),OK,5438,1513703138,pouyae,CONTESTANT,TESTS,50,218,2662400
902,A,33414729,GNU C++,WRONG_ANSWER,591,1513698301,ppllnb,CONTESTANT,PRETESTS,2,15,3686400
902,A,33416220,GNU C++,WRONG_ANSWER,813,1513698524,ppllnb,CONTESTANT,PRETESTS,1,15,3686400
902,A,33418272,GNU C++,WRONG_ANSWER,1153,1513698863,ppllnb,CONTESTANT,PRETESTS,2,0,3686400
902,A,33425290,GNU C++,OK,2912,1513700623,ppllnb,CONTESTANT,TESTS,55,31,3686400
902,A,33429632,Python 3,WRONG_ANSWER,4535,1513702246,pplo_123,CONTESTANT,PRETESTS,2,46,5529600
902,A,33416713,GNU C++11,OK,902,1513698602,ppraveen,CONTESTANT,TESTS,55,15,2048000
902,B,33422174,GNU C++11,WRONG_ANSWER,2031,1513699731,ppraveen,CONTESTANT,PRETESTS,9,93,2355200
902,B,33423399,GNU C++11,WRONG_ANSWER,2379,1513700079,ppraveen,CONTESTANT,PRETESTS,9,78,2150400
902,B,33424462,GNU C++11,OK,2677,1513700377,ppraveen,CONTESTANT,TESTS,50,31,2150400
902,C,33432661,GNU C++11,OK,5946,1513703646,ppraveen,CONTESTANT,TESTS,45,280,2867200
902,A,33415655,Java 8,WRONG_ANSWER,741,1513698441,pqnguyen1996,CONTESTANT,PRETESTS,2,139,20992000
902,A,33416787,Java 8,CHALLENGED,913,1513698613,pqnguyen1996,CONTESTANT,CHALLENGES,8,140,20992000
902,B,33423462,C++14 (GCC 6-32),OK,2395,1513700095,pqnguyen1996,CONTESTANT,TESTS,50,31,10854400
902,C,33434217,C++14 (GCC 6-32),TIME_LIMIT_EXCEEDED,6679,1513704379,pqnguyen1996,CONTESTANT,PRETESTS,12,2000,16384000
902,A,33417188,Java 8,WRONG_ANSWER,979,1513698679,prabhat236218,CONTESTANT,PRETESTS,5,124,37068800
902,A,33424087,Java 8,WRONG_ANSWER,2566,1513700266,prabhat236218,CONTESTANT,TESTS,47,140,37068800
902,B,33434754,Java 8,WRONG_ANSWER,6911,1513704611,prabhat236218,CONTESTANT,PRETESTS,8,124,37068800
902,A,33414122,C++14 (GCC 6-32),OK,507,1513698207,pradeep1999,CONTESTANT,TESTS,55,15,1945600
902,B,33420838,C++14 (GCC 6-32),OK,1705,1513699405,pradeep1999,CONTESTANT,TESTS,50,31,2560000
902,C,33428374,C++14 (GCC 6-32),OK,4020,1513701720,pradeep1999,CONTESTANT,TESTS,45,109,4710400
902,A,33420503,C++14 (GCC 6-32),WRONG_ANSWER,1626,1513699326,pragatipatil2611,CONTESTANT,PRETESTS,2,15,1945600
902,A,33420702,GNU C++17 Diagnostics,WRONG_ANSWER,1672,1513699372,pragatipatil2611,CONTESTANT,PRETESTS,2,810,98201600
902,A,33421727,GNU C++17 Diagnostics,WRONG_ANSWER,1921,1513699621,pragatipatil2611,CONTESTANT,PRETESTS,2,795,99020800
902,A,33421908,C++14 (GCC 6-32),WRONG_ANSWER,1969,1513699669,pragatipatil2611,CONTESTANT,PRETESTS,2,0,1945600
902,A,33422846,C++14 (GCC 6-32),WRONG_ANSWER,2222,1513699922,pragatipatil2611,CONTESTANT,PRETESTS,0,0,1843200
902,A,33423641,C++14 (GCC 6-32),WRONG_ANSWER,2443,1513700143,pragatipatil2611,CONTESTANT,PRETESTS,2,15,1843200
902,A,33425095,C++14 (GCC 6-32),WRONG_ANSWER,2861,1513700561,pragatipatil2611,CONTESTANT,PRETESTS,4,15,1945600
902,A,33417260,PyPy 3,OK,992,1513698692,pragy,CONTESTANT,TESTS,55,124,23756800
902,B,33423264,PyPy 3,OK,2344,1513700044,pragy,CONTESTANT,TESTS,50,155,28467200
902,C,33429085,PyPy 3,OK,4312,1513702012,pragy,CONTESTANT,TESTS,45,467,54374400
902,A,33415458,GNU C++11,WRONG_ANSWER,703,1513698414,pragya_123,CONTESTANT,PRETESTS,2,15,2048000
902,A,33417494,GNU C++11,WRONG_ANSWER,1020,1513698731,pragya_123,CONTESTANT,PRETESTS,4,15,2048000
902,A,33420495,GNU C++11,WRONG_ANSWER,1613,1513699323,pragya_123,CONTESTANT,TESTS,48,15,2048000
902,B,33429132,GNU C++11,OK,4320,1513702031,pragya_123,CONTESTANT,TESTS,50,46,2150400
902,C,33431735,GNU C++11,WRONG_ANSWER,5470,1513703181,pragya_123,CONTESTANT,PRETESTS,1,0,2048000
902,C,33432469,GNU C++11,WRONG_ANSWER,5836,1513703547,pragya_123,CONTESTANT,PRETESTS,3,15,2048000
902,C,33433051,GNU C++11,OK,6125,1513703835,pragya_123,CONTESTANT,TESTS,45,312,2457600
902,A,33415342,C++14 (GCC 6-32),OK,697,1513698397,prakhar17252,CONTESTANT,TESTS,55,15,2048000
902,B,33426111,C++14 (GCC 6-32),WRONG_ANSWER,3192,1513700892,prakhar17252,CONTESTANT,PRETESTS,4,15,3072000
902,B,33428589,C++14 (GCC 6-32),WRONG_ANSWER,4110,1513701810,prakhar17252,CONTESTANT,PRETESTS,4,15,3072000
902,C,33433409,C++14 (GCC 6-32),WRONG_ANSWER,6299,1513703999,prakhar17252,CONTESTANT,PRETESTS,1,15,2048000
902,C,33433744,C++14 (GCC 6-32),WRONG_ANSWER,6445,1513704145,prakhar17252,CONTESTANT,PRETESTS,3,15,2048000
902,A,33414277,C++14 (GCC 6-32),OK,530,1513698230,pranav0123,CONTESTANT,TESTS,55,15,1945600
902,B,33419359,C++14 (GCC 6-32),WRONG_ANSWER,1375,1513699075,pranav0123,CONTESTANT,PRETESTS,5,15,2457600
902,B,33421179,C++14 (GCC 6-32),OK,1788,1513699488,pranav0123,CONTESTANT,TESTS,50,15,2560000
902,C,33425712,C++14 (GCC 6-32),WRONG_ANSWER,3061,1513700761,pranav0123,CONTESTANT,PRETESTS,4,0,1945600
902,C,33427887,C++14 (GCC 6-32),OK,3835,1513701535,pranav0123,CONTESTANT,TESTS,45,77,4300800
902,A,33417091,C++14 (GCC 6-32),WRONG_ANSWER,961,1513698661,pranav_gupta,CONTESTANT,PRETESTS,2,15,1945600
902,A,33421832,C++14 (GCC 6-32),WRONG_ANSWER,1949,1513699649,pranav_gupta,CONTESTANT,PRETESTS,4,15,1843200
902,A,33429773,C++14 (GCC 6-32),WRONG_ANSWER,4602,1513702302,pranav_gupta,CONTESTANT,PRETESTS,2,15,2048000
902,A,33431917,C++14 (GCC 6-32),WRONG_ANSWER,5577,1513703277,pranav_gupta,CONTESTANT,PRETESTS,2,15,2048000
902,A,33432254,C++14 (GCC 6-32),WRONG_ANSWER,5740,1513703440,pranav_gupta,CONTESTANT,PRETESTS,2,15,2048000
902,A,33433957,C++14 (GCC 6-32),OK,6556,1513704256,pranav_gupta,CONTESTANT,TESTS,55,30,1945600
902,A,33413214,C++14 (GCC 6-32),WRONG_ANSWER,352,1513698052,pranavanurag,CONTESTANT,PRETESTS,2,15,1843200
902,A,33413983,C++14 (GCC 6-32),WRONG_ANSWER,485,1513698185,pranavanurag,CONTESTANT,PRETESTS,0,0,1843200
902,A,33414180,C++14 (GCC 6-32),OK,516,1513698216,pranavanurag,CONTESTANT,TESTS,55,15,1945600
902,B,33416987,C++14 (GCC 6-32),OK,943,1513698643,pranavanurag,CONTESTANT,TESTS,50,31,2457600
902,C,33424836,C++14 (GCC 6-32),OK,2782,1513700482,pranavanurag,CONTESTANT,TESTS,45,93,4300800
902,A,33420628,GNU C,WRONG_ANSWER,1655,1513699355,pranaya398,CONTESTANT,PRETESTS,4,0,1843200
902,A,33423376,GNU C,WRONG_ANSWER,2373,1513700073,pranaya398,CONTESTANT,PRETESTS,4,15,1843200
902,A,33424599,GNU C,WRONG_ANSWER,2715,1513700415,pranaya398,CONTESTANT,PRETESTS,4,15,1843200
902,A,33426632,GNU C,WRONG_ANSWER,3378,1513701078,pranaya398,CONTESTANT,PRETESTS,4,15,1843200
902,A,33425061,GNU C,WRONG_ANSWER,2850,1513700550,praneetha_13,CONTESTANT,PRETESTS,5,15,1843200
902,A,33426924,GNU C,WRONG_ANSWER,3478,1513701178,praneetha_13,CONTESTANT,PRETESTS,0,15,1843200
902,A,33427998,GNU C,WRONG_ANSWER,3874,1513701574,praneetha_13,CONTESTANT,PRETESTS,5,15,1843200
902,A,33430631,GNU C,WRONG_ANSWER,4963,1513702663,praneetha_13,CONTESTANT,PRETESTS,4,15,1843200
902,A,33433627,GNU C,WRONG_ANSWER,6394,1513704094,praneetha_13,CONTESTANT,PRETESTS,4,15,1843200
902,A,33434229,GNU C,WRONG_ANSWER,6684,1513704384,praneetha_13,CONTESTANT,PRETESTS,4,0,1843200
902,A,33416491,GNU C++11,WRONG_ANSWER,866,1513698566,prant_O,CONTESTANT,PRETESTS,2,15,2048000
902,A,33417654,GNU C++11,WRONG_ANSWER,1060,1513698760,prant_O,CONTESTANT,PRETESTS,2,0,2048000
902,A,33420519,GNU C++11,WRONG_ANSWER,1631,1513699331,prant_O,CONTESTANT,PRETESTS,2,15,2048000
902,A,33422863,GNU C++11,WRONG_ANSWER,2225,1513699925,prant_O,CONTESTANT,PRETESTS,2,0,2048000
902,A,33429024,GNU C++11,WRONG_ANSWER,4287,1513701987,prant_O,CONTESTANT,PRETESTS,2,0,2048000
902,A,33431433,GNU C++11,WRONG_ANSWER,5324,1513703024,prant_O,CONTESTANT,PRETESTS,2,15,2048000
902,A,33434889,GNU C++11,WRONG_ANSWER,6965,1513704665,prant_O,CONTESTANT,PRETESTS,2,15,2048000
902,A,33415950,C++14 (GCC 6-32),OK,774,1513698484,prantoran,CONTESTANT,TESTS,55,15,1945600
902,B,33419542,C++14 (GCC 6-32),OK,1408,1513699119,prantoran,CONTESTANT,TESTS,50,46,2764800
902,C,33423943,C++14 (GCC 6-32),WRONG_ANSWER,2521,1513700231,prantoran,CONTESTANT,PRETESTS,1,0,3174400
902,C,33424188,C++14 (GCC 6-32),WRONG_ANSWER,2583,1513700293,prantoran,CONTESTANT,PRETESTS,5,15,3174400
902,C,33424904,C++14 (GCC 6-32),WRONG_ANSWER,2790,1513700501,prantoran,CONTESTANT,TESTS,37,109,3174400
902,A,33418201,C++14 (GCC 6-32),OK,1150,1513698850,prasadpichku,CONTESTANT,TESTS,55,15,1945600
902,A,33413009,Java 8,WRONG_ANSWER,310,1513698010,prashanth_rebala,CONTESTANT,PRETESTS,0,109,20582400
902,A,33413397,Java 8,OK,384,1513698084,prashanth_rebala,CONTESTANT,TESTS,55,124,20684800
902,B,33418514,Java 8,WRONG_ANSWER,1206,1513698906,prashanth_rebala,CONTESTANT,PRETESTS,9,124,20684800
902,B,33420586,Java 8,OK,1645,1513699345,prashanth_rebala,CONTESTANT,TESTS,50,124,20684800
902,C,33428839,Java 8,OK,4218,1513701918,prashanth_rebala,CONTESTANT,TESTS,45,218,20787200
902,A,33429583,GNU C,COMPILATION_ERROR,4524,1513702224,prashanthvasa55,CONTESTANT,PRETESTS,0,0,0
902,A,33429863,Python 2,OK,4639,1513702339,prashanthvasa55,CONTESTANT,TESTS,55,77,4710400
902,A,33415322,C++14 (GCC 6-32),OK,684,1513698394,prasun123,CONTESTANT,TESTS,55,15,1945600
902,B,33420132,C++14 (GCC 6-32),OK,1532,1513699242,prasun123,CONTESTANT,TESTS,50,31,2662400
902,C,33425617,C++14 (GCC 6-32),SKIPPED,3017,1513700728,prasun123,CONTESTANT,PRETESTS,13,30,2662400
902,C,33429670,C++14 (GCC 6-32),OK,4548,1513702259,prasun123,CONTESTANT,TESTS,45,78,4300800
902,A,33415258,Java 8,OK,675,1513698385,prathmesh_01,CONTESTANT,TESTS,55,124,20582400
902,B,33427502,Java 8,OK,3684,1513701395,prathmesh_01,CONTESTANT,TESTS,50,124,20889600
902,A,33423602,C++14 (GCC 6-32),WRONG_ANSWER,2421,1513700131,pratikfegade,CONTESTANT,PRETESTS,4,15,1843200
902,A,33422102,GNU C++,OK,2013,1513699713,pratikrahul,CONTESTANT,TESTS,55,15,2048000
902,B,33433796,GNU C++,OK,6467,1513704167,pratikrahul,CONTESTANT,TESTS,50,46,2457600
902,A,33417124,GNU C,WRONG_ANSWER,968,1513698668,pratikwagh,CONTESTANT,PRETESTS,4,15,1843200
902,A,33421150,GNU C,COMPILATION_ERROR,1782,1513699482,pratikwagh,CONTESTANT,PRETESTS,0,0,0
902,A,33421991,GNU C,CHALLENGED,1990,1513699690,pratikwagh,CONTESTANT,CHALLENGES,8,15,1843200
902,A,33414384,Java 8,WRONG_ANSWER,538,1513698248,pratikwankhede,CONTESTANT,PRETESTS,4,108,20582400
902,A,33414626,Java 8,WRONG_ANSWER,576,1513698286,pratikwankhede,CONTESTANT,PRETESTS,4,109,20582400
902,A,33415491,Java 8,WRONG_ANSWER,710,1513698420,pratikwankhede,CONTESTANT,PRETESTS,4,124,20582400
902,A,33423291,Java 8,WRONG_ANSWER,2339,1513700049,pratikwankhede,CONTESTANT,PRETESTS,2,108,20582400
902,A,33425336,Java 8,WRONG_ANSWER,2930,1513700640,pratikwankhede,CONTESTANT,PRETESTS,4,124,20684800
902,A,33427239,Java 8,WRONG_ANSWER,3588,1513701298,pratikwankhede,CONTESTANT,PRETESTS,2,124,20582400
902,A,33427568,Java 8,OK,3709,1513701419,pratikwankhede,CONTESTANT,TESTS,55,124,20684800
902,A,33430906,Python 3,WRONG_ANSWER,5074,1513702774,prats1997,CONTESTANT,PRETESTS,2,46,5529600
902,A,33431534,Python 3,WRONG_ANSWER,5378,1513703078,prats1997,CONTESTANT,PRETESTS,2,77,5529600
902,A,33432507,Python 3,WRONG_ANSWER,5870,1513703570,prats1997,CONTESTANT,PRETESTS,2,61,5529600
902,A,33435528,Python 3,WRONG_ANSWER,7169,1513704869,prats1997,CONTESTANT,PRETESTS,2,46,5529600
902,A,33428876,GNU C11,WRONG_ANSWER,4230,1513701930,pratyush7563,CONTESTANT,TESTS,8,15,1843200
902,A,33422060,C++14 (GCC 6-32),WRONG_ANSWER,2005,1513699705,praveenkumar_k,CONTESTANT,PRETESTS,5,15,1945600
902,A,33423927,C++14 (GCC 6-32),WRONG_ANSWER,2527,1513700227,praveenkumar_k,CONTESTANT,PRETESTS,5,15,1945600
902,A,33427463,C++14 (GCC 6-32),WRONG_ANSWER,3680,1513701380,praveenkumar_k,CONTESTANT,PRETESTS,5,15,1945600
902,A,33418256,C++14 (GCC 6-32),WRONG_ANSWER,1150,1513698861,prdx9_abir,CONTESTANT,PRETESTS,3,15,1945600
902,A,33419021,C++14 (GCC 6-32),OK,1303,1513699013,prdx9_abir,CONTESTANT,TESTS,55,15,1945600
902,B,33427552,C++14 (GCC 6-32),OK,3702,1513701413,prdx9_abir,CONTESTANT,TESTS,50,280,2662400
902,A,33417782,C++14 (GCC 6-32),OK,1081,1513698781,precht,CONTESTANT,TESTS,55,15,1945600
902,B,33424944,C++14 (GCC 6-32),OK,2812,1513700512,precht,CONTESTANT,TESTS,50,31,2457600
902,C,33431387,C++14 (GCC 6-32),OK,5306,1513703006,precht,CONTESTANT,TESTS,45,109,2252800
902,A,33417385,C++14 (GCC 6-32),WRONG_ANSWER,1013,1513698713,preda2or,CONTESTANT,PRETESTS,3,15,1843200
902,A,33420235,C++14 (GCC 6-32),WRONG_ANSWER,1566,1513699266,preda2or,CONTESTANT,PRETESTS,3,15,1843200
902,A,33420595,C++14 (GCC 6-32),WRONG_ANSWER,1647,1513699347,preda2or,CONTESTANT,PRETESTS,3,15,1843200
902,A,33421043,C++14 (GCC 6-32),OK,1755,1513699455,preda2or,CONTESTANT,TESTS,55,15,1843200
902,B,33431536,C++14 (GCC 6-32),OK,5379,1513703079,preda2or,CONTESTANT,TESTS,50,265,2560000
902,A,33427164,GNU C11,WRONG_ANSWER,3570,1513701270,preethi_aluru,CONTESTANT,PRETESTS,2,0,1843200
902,A,33428442,GNU C,WRONG_ANSWER,4049,1513701749,preethi_aluru,CONTESTANT,PRETESTS,2,15,1843200
902,A,33429840,GNU C11,WRONG_ANSWER,4628,1513702328,preethi_aluru,CONTESTANT,PRETESTS,2,0,1843200
902,A,33428436,C++14 (GCC 6-32),OK,4047,1513701747,premsagar279,CONTESTANT,TESTS,55,15,1945600
902,A,33422450,C++14 (GCC 6-32),WRONG_ANSWER,2112,1513699812,priabhis92,CONTESTANT,PRETESTS,3,15,1843200
902,A,33424875,C++14 (GCC 6-32),OK,2791,1513700491,priabhis92,CONTESTANT,TESTS,55,15,1945600
902,A,33413116,C++14 (GCC 6-32),OK,334,1513698034,prince,CONTESTANT,TESTS,55,15,1945600
902,B,33420467,C++14 (GCC 6-32),OK,1617,1513699317,prince,CONTESTANT,TESTS,50,15,2048000
902,C,33425970,C++14 (GCC 6-32),WRONG_ANSWER,3142,1513700842,prince,CONTESTANT,PRETESTS,3,15,1945600
902,C,33426385,C++14 (GCC 6-32),WRONG_ANSWER,3286,1513700986,prince,CONTESTANT,PRETESTS,3,15,1945600
902,A,33420432,GNU C++,TIME_LIMIT_EXCEEDED,1599,1513699309,prince9,CONTESTANT,PRETESTS,0,1000,2048000
902,A,33424341,GNU C++,TIME_LIMIT_EXCEEDED,2624,1513700335,prince9,CONTESTANT,PRETESTS,2,1000,2048000
902,A,33425883,GNU C++,WRONG_ANSWER,3103,1513700813,prince9,CONTESTANT,PRETESTS,2,15,2048000
902,A,33426923,GNU C++,WRONG_ANSWER,3467,1513701178,prince9,CONTESTANT,TESTS,41,15,2048000
902,A,33413337,GNU C++11,WRONG_ANSWER,373,1513698073,prins,CONTESTANT,PRETESTS,2,15,2048000
902,A,33413734,GNU C++11,COMPILATION_ERROR,443,1513698143,prins,CONTESTANT,PRETESTS,0,0,0
902,A,33413865,GNU C++11,WRONG_ANSWER,464,1513698164,prins,CONTESTANT,PRETESTS,2,15,2048000
902,A,33414946,GNU C++11,WRONG_ANSWER,637,1513698337,prins,CONTESTANT,PRETESTS,4,15,2048000
902,A,33415612,GNU C++11,WRONG_ANSWER,734,1513698434,prins,CONTESTANT,PRETESTS,4,15,2048000
902,A,33417790,GNU C++11,WRONG_ANSWER,1083,1513698783,prins,CONTESTANT,PRETESTS,0,15,2048000
902,A,33418003,GNU C++11,WRONG_ANSWER,1118,1513698818,prins,CONTESTANT,PRETESTS,4,15,2048000
902,A,33423883,GNU C++11,WRONG_ANSWER,2512,1513700212,prins,CONTESTANT,PRETESTS,6,15,2048000
902,A,33424929,GNU C++11,TIME_LIMIT_EXCEEDED,2808,1513700508,prins,CONTESTANT,PRETESTS,2,1000,2048000
902,A,33425527,GNU C++11,OK,3000,1513700700,prins,CONTESTANT,TESTS,55,15,2048000
902,B,33427947,GNU C++11,OK,3856,1513701556,prins,CONTESTANT,TESTS,50,46,2457600
902,C,33435256,GNU C++11,WRONG_ANSWER,7090,1513704790,prins,CONTESTANT,TESTS,13,311,3686400
902,A,33418604,C++14 (GCC 6-32),OK,1223,1513698923,prithviking98,CONTESTANT,TESTS,55,15,1945600
902,B,33423404,C++14 (GCC 6-32),OK,2380,1513700080,prithviking98,CONTESTANT,TESTS,50,31,2355200
902,C,33430237,C++14 (GCC 6-32),OK,4794,1513702494,prithviking98,CONTESTANT,TESTS,45,77,2355200
902,A,33420771,GNU C,WRONG_ANSWER,1692,1513699392,priya594,CONTESTANT,PRETESTS,2,0,1843200
902,A,33422033,GNU C,WRONG_ANSWER,2001,1513699701,priya594,CONTESTANT,PRETESTS,2,15,1843200
902,A,33423768,GNU C,WRONG_ANSWER,2485,1513700185,priya594,CONTESTANT,PRETESTS,2,15,1843200
902,A,33425161,GNU C,WRONG_ANSWER,2879,1513700579,priya594,CONTESTANT,PRETESTS,2,15,1843200
902,A,33427545,GNU C,WRONG_ANSWER,3712,1513701412,priya594,CONTESTANT,PRETESTS,2,15,1843200
902,A,33429630,GNU C,WRONG_ANSWER,4545,1513702245,priya594,CONTESTANT,PRETESTS,2,15,1843200
902,A,33418808,GNU C++11,WRONG_ANSWER,1264,1513698964,priyaneelima82,CONTESTANT,PRETESTS,2,0,2048000
902,A,33423218,GNU C++11,WRONG_ANSWER,2326,1513700026,priyaneelima82,CONTESTANT,PRETESTS,2,15,2048000
902,A,33415000,GNU C++,WRONG_ANSWER,635,1513698346,priyanka_1998,CONTESTANT,PRETESTS,2,15,2048000
902,A,33419039,GNU C++,OK,1307,1513699017,priyanka_1998,CONTESTANT,TESTS,55,15,2048000
902,B,33424745,C++14 (GCC 6-32),OK,2747,1513700457,priyanka_1998,CONTESTANT,TESTS,50,15,2560000
902,C,33433664,C++14 (GCC 6-32),OK,6399,1513704110,priyanka_1998,CONTESTANT,TESTS,45,109,5836800
902,A,33415416,C++14 (GCC 6-32),OK,708,1513698408,priyatam_sai,CONTESTANT,TESTS,55,15,1945600
902,B,33420826,C++14 (GCC 6-32),OK,1702,1513699402,priyatam_sai,CONTESTANT,TESTS,50,46,2048000
902,C,33428061,C++14 (GCC 6-32),WRONG_ANSWER,3896,1513701596,priyatam_sai,CONTESTANT,PRETESTS,1,15,9830400
902,C,33428381,C++14 (GCC 6-32),OK,4022,1513701722,priyatam_sai,CONTESTANT,TESTS,45,171,11468800
902,D,33432757,C++14 (GCC 6-32),WRONG_ANSWER,5989,1513703689,priyatam_sai,CONTESTANT,PRETESTS,1,15,1945600
902,D,33433741,C++14 (GCC 6-32),WRONG_ANSWER,6443,1513704143,priyatam_sai,CONTESTANT,PRETESTS,2,0,1843200
902,A,33414075,C++14 (GCC 6-32),WRONG_ANSWER,501,1513698201,priyesh001,CONTESTANT,PRETESTS,3,0,1843200
902,A,33415484,C++14 (GCC 6-32),WRONG_ANSWER,719,1513698419,priyesh001,CONTESTANT,PRETESTS,2,15,1945600
902,A,33416694,C++14 (GCC 6-32),WRONG_ANSWER,897,1513698597,priyesh001,CONTESTANT,PRETESTS,4,15,1945600
902,A,33417559,C++14 (GCC 6-32),CHALLENGED,1042,1513698742,priyesh001,CONTESTANT,CHALLENGES,8,15,1945600
902,B,33431798,C++14 (GCC 6-32),WRONG_ANSWER,5515,1513703215,priyesh001,CONTESTANT,PRETESTS,9,15,2560000
902,A,33418988,C++14 (GCC 6-32),OK,1294,1513699005,prjwl132,CONTESTANT,TESTS,55,31,26112000
902,B,33426227,C++14 (GCC 6-32),OK,3231,1513700931,prjwl132,CONTESTANT,TESTS,50,234,34304000
902,A,33412753,C++14 (GCC 6-32),WRONG_ANSWER,230,1513697930,problem_destroyer420,CONTESTANT,PRETESTS,2,15,1945600
902,A,33413535,C++14 (GCC 6-32),WRONG_ANSWER,410,1513698110,problem_destroyer420,CONTESTANT,PRETESTS,2,15,1945600
902,A,33416436,C++14 (GCC 6-32),WRONG_ANSWER,856,1513698556,problem_destroyer420,CONTESTANT,PRETESTS,2,15,1945600
902,A,33416929,C++14 (GCC 6-32),TIME_LIMIT_EXCEEDED,934,1513698634,prodipdatta7,CONTESTANT,PRETESTS,2,1000,4403200
902,A,33417647,C++14 (GCC 6-32),OK,1059,1513698759,prodipdatta7,CONTESTANT,TESTS,55,15,4505600
902,B,33421280,C++14 (GCC 6-32),OK,1814,1513699514,prodipdatta7,CONTESTANT,TESTS,50,15,6246400
902,C,33429665,C++14 (GCC 6-32),WRONG_ANSWER,4556,1513702256,prodipdatta7,CONTESTANT,PRETESTS,1,15,2662400
902,C,33430311,C++14 (GCC 6-32),WRONG_ANSWER,4826,1513702526,prodipdatta7,CONTESTANT,PRETESTS,1,0,2662400
902,C,33431620,C++14 (GCC 6-32),WRONG_ANSWER,5418,1513703118,prodipdatta7,CONTESTANT,PRETESTS,3,15,2662400
902,C,33432503,C++14 (GCC 6-32),WRONG_ANSWER,5867,1513703567,prodipdatta7,CONTESTANT,PRETESTS,3,15,2662400
902,C,33434496,C++14 (GCC 6-32),WRONG_ANSWER,6805,1513704505,prodipdatta7,CONTESTANT,PRETESTS,3,15,2662400
902,A,33431257,GNU C++11,WRONG_ANSWER,5243,1513702943,prof_Hiep,CONTESTANT,PRETESTS,2,15,2048000
902,A,33414782,C++14 (GCC 6-32),OK,610,1513698310,programmer21,CONTESTANT,TESTS,55,15,1945600
902,B,33425301,C++14 (GCC 6-32),OK,2926,1513700626,programmer21,CONTESTANT,TESTS,50,31,2560000
902,C,33431892,C++14 (GCC 6-32),WRONG_ANSWER,5566,1513703266,programmer21,CONTESTANT,PRETESTS,1,0,2252800
902,C,33431969,C++14 (GCC 6-32),WRONG_ANSWER,5600,1513703300,programmer21,CONTESTANT,PRETESTS,1,0,2252800
902,C,33433845,C++14 (GCC 6-32),WRONG_ANSWER,6492,1513704192,programmer21,CONTESTANT,PRETESTS,4,15,2252800
902,C,33434704,C++14 (GCC 6-32),WRONG_ANSWER,6888,1513704588,programmer21,CONTESTANT,PRETESTS,4,15,2252800
902,C,33435011,C++14 (GCC 6-32),WRONG_ANSWER,7007,1513704707,programmer21,CONTESTANT,PRETESTS,4,15,2252800
902,C,33435467,C++14 (GCC 6-32),WRONG_ANSWER,7156,1513704856,programmer21,CONTESTANT,PRETESTS,4,15,2252800
902,A,33414775,C++14 (GCC 6-32),WRONG_ANSWER,597,1513698308,proofbyconstruction,CONTESTANT,PRETESTS,2,15,1945600
902,A,33417033,C++14 (GCC 6-32),OK,939,1513698650,proofbyconstruction,CONTESTANT,TESTS,55,15,1945600
902,B,33423142,C++14 (GCC 6-32),OK,2296,1513700006,proofbyconstruction,CONTESTANT,TESTS,50,15,2560000
902,C,33434116,C++14 (GCC 6-32),OK,6622,1513704332,proofbyconstruction,CONTESTANT,TESTS,45,93,2252800
902,A,33418555,GNU C++,OK,1203,1513698914,protectors,CONTESTANT,TESTS,55,15,2048000
902,A,33415990,C++14 (GCC 6-32),OK,791,1513698491,protiknag08,CONTESTANT,TESTS,55,15,1945600
902,B,33423512,C++14 (GCC 6-32),OK,2409,1513700109,protiknag08,CONTESTANT,TESTS,50,46,1945600
902,C,33432123,C++14 (GCC 6-32),WRONG_ANSWER,5675,1513703375,protiknag08,CONTESTANT,PRETESTS,1,15,1843200
902,C,33432581,C++14 (GCC 6-32),WRONG_ANSWER,5912,1513703612,protiknag08,CONTESTANT,PRETESTS,3,15,1945600
902,C,33434022,C++14 (GCC 6-32),OK,6592,1513704292,protiknag08,CONTESTANT,TESTS,45,155,3481600
902,A,33420720,C++14 (GCC 6-32),WRONG_ANSWER,1677,1513699377,prs-prabodh,CONTESTANT,PRETESTS,4,15,1945600
902,A,33423611,C++14 (GCC 6-32),WRONG_ANSWER,2434,1513700134,prs-prabodh,CONTESTANT,PRETESTS,4,15,1945600
902,A,33424154,C++14 (GCC 6-32),WRONG_ANSWER,2586,1513700286,prs-prabodh,CONTESTANT,PRETESTS,4,15,1945600
902,A,33425803,C++14 (GCC 6-32),WRONG_ANSWER,3090,1513700790,prs-prabodh,CONTESTANT,PRETESTS,4,15,1945600
902,A,33427428,C++14 (GCC 6-32),WRONG_ANSWER,3667,1513701367,prs-prabodh,CONTESTANT,PRETESTS,4,15,1843200
902,A,33432297,C++14 (GCC 6-32),WRONG_ANSWER,5763,1513703463,prs-prabodh,CONTESTANT,PRETESTS,4,15,1945600
902,A,33414181,C++14 (GCC 6-32),OK,516,1513698216,prudent,CONTESTANT,TESTS,55,15,1945600
902,B,33418702,C++14 (GCC 6-32),OK,1244,1513698944,prudent,CONTESTANT,TESTS,50,15,2560000
902,C,33430076,C++14 (GCC 6-32),OK,4732,1513702432,prudent,CONTESTANT,TESTS,45,93,5939200
902,A,33426649,GNU C++11,WRONG_ANSWER,3382,1513701082,prvnkmr,CONTESTANT,PRETESTS,2,0,2048000
902,A,33428933,GNU C++11,WRONG_ANSWER,4250,1513701950,prvnkmr,CONTESTANT,PRETESTS,2,0,2048000
902,A,33422104,GNU C++11,WRONG_ANSWER,2014,1513699714,psonjoy,CONTESTANT,PRETESTS,2,15,2048000
902,A,33423928,GNU C++11,WRONG_ANSWER,2528,1513700228,psonjoy,CONTESTANT,PRETESTS,3,15,2048000
902,A,33424336,GNU C++11,OK,2633,1513700333,psonjoy,CONTESTANT,TESTS,55,15,2048000
902,B,33433040,GNU C++11,OK,6128,1513703828,psonjoy,CONTESTANT,TESTS,50,46,2764800
902,A,33415600,C++14 (GCC 6-32),OK,733,1513698433,psucoder,CONTESTANT,TESTS,55,15,1945600
902,B,33426804,C++14 (GCC 6-32),OK,3426,1513701136,psucoder,CONTESTANT,TESTS,50,30,3072000
902,C,33432011,C++14 (GCC 6-32),WRONG_ANSWER,5610,1513703321,psucoder,CONTESTANT,PRETESTS,1,15,1945600
902,C,33432265,C++14 (GCC 6-32),OK,5735,1513703445,psucoder,CONTESTANT,TESTS,45,93,4300800
902,A,33414570,C++14 (GCC 6-32),OK,579,1513698279,pszk,CONTESTANT,TESTS,55,15,5939200
902,B,33420121,C++14 (GCC 6-32),OK,1539,1513699239,pszk,CONTESTANT,TESTS,50,234,22323200
902,C,33425340,C++14 (GCC 6-32),WRONG_ANSWER,2942,1513700642,pszk,CONTESTANT,PRETESTS,1,15,25907200
902,C,33426750,C++14 (GCC 6-32),WRONG_ANSWER,3416,1513701116,pszk,CONTESTANT,PRETESTS,0,0,25907200
902,C,33426859,C++14 (GCC 6-32),OK,3457,1513701157,pszk,CONTESTANT,TESTS,45,109,28160000
902,A,33416016,C++14 (GCC 6-32),OK,794,1513698494,ptt_kr,CONTESTANT,TESTS,55,15,1945600
902,B,33420222,C++14 (GCC 6-32),OK,1562,1513699262,ptt_kr,CONTESTANT,TESTS,50,31,1945600
902,C,33430134,C++14 (GCC 6-32),WRONG_ANSWER,4756,1513702456,ptt_kr,CONTESTANT,PRETESTS,6,15,1945600
902,C,33431391,C++14 (GCC 6-32),WRONG_ANSWER,5308,1513703008,ptt_kr,CONTESTANT,PRETESTS,6,15,1945600
902,C,33432204,C++14 (GCC 6-32),OK,5713,1513703413,ptt_kr,CONTESTANT,TESTS,45,155,2252800
902,D,33434808,C++14 (GCC 6-32),WRONG_ANSWER,6935,1513704635,ptt_kr,CONTESTANT,PRETESTS,3,15,1843200
902,D,33435450,C++14 (GCC 6-32),WRONG_ANSWER,7152,1513704852,ptt_kr,CONTESTANT,PRETESTS,2,15,1843200
902,A,33413980,C++14 (GCC 6-32),WRONG_ANSWER,485,1513698185,puk_reverse,CONTESTANT,PRETESTS,4,15,1945600
902,A,33414664,C++14 (GCC 6-32),OK,591,1513698291,puk_reverse,CONTESTANT,TESTS,55,15,1945600
902,B,33425496,C++14 (GCC 6-32),OK,2990,1513700690,puk_reverse,CONTESTANT,TESTS,50,218,2560000
902,A,33417700,C++14 (GCC 6-32),WRONG_ANSWER,1066,1513698766,puneetrai04,CONTESTANT,PRETESTS,4,15,1843200
902,A,33420888,C++14 (GCC 6-32),WRONG_ANSWER,1717,1513699417,puneetrai04,CONTESTANT,PRETESTS,3,15,2150400
902,B,33426732,C++14 (GCC 6-32),OK,3409,1513701109,puneetrai04,CONTESTANT,TESTS,50,327,3072000
902,A,33428618,C++14 (GCC 6-32),TIME_LIMIT_EXCEEDED,4125,1513701825,puneetrai04,CONTESTANT,PRETESTS,2,1000,2048000
902,A,33428778,C++14 (GCC 6-32),OK,4193,1513701893,puneetrai04,CONTESTANT,TESTS,55,15,2150400
902,C,33435665,C++14 (GCC 6-32),WRONG_ANSWER,7195,1513704895,puneetrai04,CONTESTANT,PRETESTS,1,0,1843200
902,A,33417871,C++14 (GCC 6-32),WRONG_ANSWER,1097,1513698797,purenoob,CONTESTANT,PRETESTS,2,15,1843200
902,A,33421999,C++14 (GCC 6-32),WRONG_ANSWER,1982,1513699693,purenoob,CONTESTANT,PRETESTS,2,15,1843200
902,A,33427159,C++14 (GCC 6-32),WRONG_ANSWER,3557,1513701268,purenoob,CONTESTANT,PRETESTS,5,15,1945600
902,A,33412918,GNU C++11,OK,289,1513697989,purple_sun,CONTESTANT,TESTS,55,30,2048000
902,B,33418395,GNU C++11,OK,1184,1513698884,purple_sun,CONTESTANT,TESTS,50,31,2457600
902,C,33428903,GNU C++11,WRONG_ANSWER,4237,1513701937,purple_sun,CONTESTANT,PRETESTS,0,0,4505600
902,C,33429050,GNU C++11,WRONG_ANSWER,4298,1513701998,purple_sun,CONTESTANT,PRETESTS,3,0,4505600
902,C,33430484,GNU C++11,OK,4894,1513702594,purple_sun,CONTESTANT,TESTS,45,93,4505600
902,A,33419826,C++14 (GCC 6-32),OK,1474,1513699174,purvampujari,CONTESTANT,TESTS,55,15,1945600
902,A,33415858,C++14 (GCC 6-32),OK,771,1513698471,pushpendra1997,CONTESTANT,TESTS,55,15,2048000
902,B,33420852,C++14 (GCC 6-32),OK,1710,1513699410,pushpendra1997,CONTESTANT,TESTS,50,30,4608000
902,C,33430352,C++14 (GCC 6-32),WRONG_ANSWER,4841,1513702541,pushpendra1997,CONTESTANT,PRETESTS,5,15,5120000
902,C,33430856,C++14 (GCC 6-32),OK,5053,1513702753,pushpendra1997,CONTESTANT,TESTS,45,109,8294400
902,A,33417635,Python 3,WRONG_ANSWER,1056,1513698756,pykay,CONTESTANT,PRETESTS,1,46,5529600
902,A,33418246,Python 3,WRONG_ANSWER,1158,1513698858,pykay,CONTESTANT,PRETESTS,4,61,5529600
902,B,33424564,Python 3,WRONG_ANSWER,2705,1513700405,pykay,CONTESTANT,PRETESTS,0,46,5529600
902,B,33424765,Python 3,WRONG_ANSWER,2763,1513700463,pykay,CONTESTANT,PRETESTS,4,46,5529600
902,A,33429469,Python 3,WRONG_ANSWER,4471,1513702171,pykay,CONTESTANT,PRETESTS,3,46,5529600
902,A,33431947,Python 3,WRONG_ANSWER,5591,1513703291,pykay,CONTESTANT,TESTS,20,62,5529600
902,A,33416264,Python 3,OK,830,1513698530,pylol,CONTESTANT,TESTS,55,77,5529600
902,B,33421070,C++14 (GCC 6-32),OK,1762,1513699462,pylol,CONTESTANT,TESTS,50,30,2560000
902,A,33414652,C++14 (GCC 6-32),OK,590,1513698290,qareken,CONTESTANT,TESTS,55,15,2764800
902,B,33420063,C++14 (GCC 6-32),OK,1527,1513699227,qareken,CONTESTANT,TESTS,50,15,3788800
902,A,33418373,GNU C++,WRONG_ANSWER,1180,1513698880,qbspirit,CONTESTANT,PRETESTS,0,15,2150400
902,A,33420922,GNU C++,WRONG_ANSWER,1724,1513699424,qbspirit,CONTESTANT,PRETESTS,2,0,2048000
902,A,33422349,GNU C++,WRONG_ANSWER,2081,1513699781,qbspirit,CONTESTANT,PRETESTS,0,15,2048000
902,A,33422692,GNU C++,WRONG_ANSWER,2180,1513699880,qbspirit,CONTESTANT,PRETESTS,0,0,2048000
902,A,33423275,GNU C++,WRONG_ANSWER,2346,1513700046,qbspirit,CONTESTANT,PRETESTS,2,15,2048000
902,A,33427611,GNU C++,WRONG_ANSWER,3734,1513701434,qbspirit,CONTESTANT,PRETESTS,5,15,2048000
902,A,33429318,GNU C++,WRONG_ANSWER,4404,1513702104,qbspirit,CONTESTANT,PRETESTS,5,15,2048000
902,A,33431549,GNU C++,OK,5383,1513703083,qbspirit,CONTESTANT,TESTS,55,15,18124800
902,A,33420335,GNU C++,WRONG_ANSWER,1584,1513699284,qgxzf,CONTESTANT,PRETESTS,2,15,2048000
902,A,33420639,GNU C++,WRONG_ANSWER,1658,1513699358,qgxzf,CONTESTANT,PRETESTS,2,15,2048000
902,A,33421852,GNU C++,WRONG_ANSWER,1954,1513699654,qgxzf,CONTESTANT,PRETESTS,2,15,2048000
902,A,33424512,GNU C++,OK,2691,1513700391,qgxzf,CONTESTANT,TESTS,55,15,2048000
902,A,33413020,GNU C++,OK,313,1513698013,qkoqhh,CONTESTANT,TESTS,55,15,2048000
902,B,33416512,GNU C++,RUNTIME_ERROR,870,1513698570,qkoqhh,CONTESTANT,PRETESTS,5,15,2150400
902,B,33416881,GNU C++,OK,926,1513698626,qkoqhh,CONTESTANT,TESTS,50,15,4915200
902,C,33425630,GNU C++,WRONG_ANSWER,3031,1513700731,qkoqhh,CONTESTANT,PRETESTS,3,15,3686400
902,C,33427012,GNU C++,WRONG_ANSWER,3508,1513701208,qkoqhh,CONTESTANT,PRETESTS,3,15,3686400
902,C,33427529,GNU C++,WRONG_ANSWER,3708,1513701408,qkoqhh,CONTESTANT,PRETESTS,3,15,5222400
902,C,33429510,GNU C++,WRONG_ANSWER,4489,1513702189,qkoqhh,CONTESTANT,PRETESTS,3,15,5324800
902,C,33431009,GNU C++,WRONG_ANSWER,5122,1513702822,qkoqhh,CONTESTANT,PRETESTS,3,15,5324800
902,C,33432463,GNU C++,WRONG_ANSWER,5845,1513703545,qkoqhh,CONTESTANT,PRETESTS,3,0,5324800
902,C,33432834,GNU C++,WRONG_ANSWER,6031,1513703731,qkoqhh,CONTESTANT,PRETESTS,6,15,5324800
902,C,33433229,GNU C++,WRONG_ANSWER,6216,1513703916,qkoqhh,CONTESTANT,PRETESTS,6,15,6860800
902,A,33412995,GNU C++,WRONG_ANSWER,297,1513698008,qq986002738,CONTESTANT,PRETESTS,2,0,2048000
902,A,33413890,GNU C++,OK,458,1513698168,qq986002738,CONTESTANT,TESTS,55,15,2048000
902,A,33412835,GNU C++,OK,263,1513697963,qqqqwtx,CONTESTANT,TESTS,55,15,2048000
902,B,33415144,GNU C++,OK,667,1513698367,qqqqwtx,CONTESTANT,TESTS,50,31,2560000
902,C,33420004,GNU C++,WRONG_ANSWER,1513,1513699213,qqqqwtx,CONTESTANT,PRETESTS,1,15,2457600
902,C,33420634,GNU C++,OK,1656,1513699356,qqqqwtx,CONTESTANT,TESTS,45,264,2457600
902,D,33426122,GNU C++,OK,3197,1513700897,qqqqwtx,CONTESTANT,TESTS,150,15,2048000
902,A,33414712,C++14 (GCC 6-32),WRONG_ANSWER,587,1513698297,qrfkickit,CONTESTANT,PRETESTS,2,15,1843200
902,A,33417749,C++14 (GCC 6-32),WRONG_ANSWER,1065,1513698775,qrfkickit,CONTESTANT,PRETESTS,2,15,1843200
902,A,33420583,C++14 (GCC 6-32),OK,1644,1513699344,qrfkickit,CONTESTANT,TESTS,55,15,1843200
902,B,33429781,C++14 (GCC 6-32),OK,4605,1513702305,qrfkickit,CONTESTANT,TESTS,50,15,2457600
902,A,33415050,C++14 (GCC 6-32),OK,653,1513698353,quachtridat,CONTESTANT,TESTS,55,15,1945600
902,B,33426386,C++14 (GCC 6-32),WRONG_ANSWER,3287,1513700987,quachtridat,CONTESTANT,PRETESTS,4,15,1843200
902,A,33414669,C++14 (GCC 6-32),WRONG_ANSWER,591,1513698291,quanpham0805,CONTESTANT,PRETESTS,3,15,1945600
902,A,33418498,GNU C++11,WRONG_ANSWER,1202,1513698902,quanpham0805,CONTESTANT,PRETESTS,3,15,2048000
902,A,33419756,GNU C++11,OK,1457,1513699157,quanpham0805,CONTESTANT,TESTS,55,15,2048000
902,B,33429504,GNU C++11,OK,4487,1513702187,quanpham0805,CONTESTANT,TESTS,50,30,2150400
902,A,33417788,Java 8,WRONG_ANSWER,1082,1513698782,quark7993,CONTESTANT,PRETESTS,4,109,20582400
902,A,33418884,Java 8,WRONG_ANSWER,1282,1513698982,quark7993,CONTESTANT,PRETESTS,4,124,20582400
902,A,33428655,Java 8,WRONG_ANSWER,4142,1513701842,quark7993,CONTESTANT,PRETESTS,3,93,20582400
902,A,33429823,Java 8,WRONG_ANSWER,4625,1513702325,quark7993,CONTESTANT,PRETESTS,4,109,20582400
902,A,33417295,C++14 (GCC 6-32),WRONG_ANSWER,997,1513698697,quazi_adib,CONTESTANT,PRETESTS,1,0,1843200
902,A,33421671,C++14 (GCC 6-32),OK,1907,1513699607,quazi_adib,CONTESTANT,TESTS,55,15,1945600
902,A,33417216,C++14 (GCC 6-32),OK,985,1513698685,quoccuonglqd,CONTESTANT,TESTS,55,15,2048000
902,B,33425323,C++14 (GCC 6-32),OK,2934,1513700634,quoccuonglqd,CONTESTANT,TESTS,50,31,2662400
902,A,33412715,C++14 (GCC 6-32),OK,214,1513697914,quotitquot,CONTESTANT,TESTS,55,15,1945600
902,B,33414489,C++14 (GCC 6-32),OK,565,1513698265,quotitquot,CONTESTANT,TESTS,50,31,2560000
902,C,33424140,C++14 (GCC 6-32),WRONG_ANSWER,2582,1513700282,quotitquot,CONTESTANT,PRETESTS,3,15,5529600
902,C,33425397,C++14 (GCC 6-32),WRONG_ANSWER,2960,1513700660,quotitquot,CONTESTANT,PRETESTS,3,15,5529600
902,C,33429111,C++14 (GCC 6-32),OK,4322,1513702022,quotitquot,CONTESTANT,TESTS,45,77,5529600
902,A,33418318,C++14 (GCC 6-32),WRONG_ANSWER,1171,1513698871,qwertybek,CONTESTANT,PRETESTS,2,15,1945600
902,A,33418997,C++14 (GCC 6-32),WRONG_ANSWER,1307,1513699007,qwertybek,CONTESTANT,PRETESTS,0,0,1843200
902,A,33419940,C++14 (GCC 6-32),WRONG_ANSWER,1498,1513699198,qwertybek,CONTESTANT,PRETESTS,2,15,1945600
902,A,33420356,C++14 (GCC 6-32),WRONG_ANSWER,1590,1513699290,qwertybek,CONTESTANT,PRETESTS,4,15,1945600
902,A,33423610,C++14 (GCC 6-32),WRONG_ANSWER,2433,1513700134,qwertybek,CONTESTANT,PRETESTS,2,15,1945600
902,A,33427313,C++14 (GCC 6-32),WRONG_ANSWER,3632,1513701332,qwertybek,CONTESTANT,PRETESTS,3,15,1945600
902,A,33427520,C++14 (GCC 6-32),WRONG_ANSWER,3706,1513701406,qwertybek,CONTESTANT,PRETESTS,3,15,1945600
902,A,33427896,C++14 (GCC 6-32),WRONG_ANSWER,3838,1513701538,qwertybek,CONTESTANT,PRETESTS,2,15,1945600
902,A,33429080,C++14 (GCC 6-32),WRONG_ANSWER,4310,1513702010,qwertybek,CONTESTANT,PRETESTS,4,15,1945600
902,A,33429500,C++14 (GCC 6-32),COMPILATION_ERROR,4486,1513702186,qwertybek,CONTESTANT,PRETESTS,0,0,0
902,A,33429560,C++14 (GCC 6-32),WRONG_ANSWER,4513,1513702213,qwertybek,CONTESTANT,PRETESTS,1,0,1843200
902,A,33413004,GNU C++11,OK,309,1513698009,qwertyiu,CONTESTANT,TESTS,55,15,2048000
902,B,33416445,GNU C++11,OK,857,1513698557,qwertyiu,CONTESTANT,TESTS,50,31,2764800
902,C,33422319,GNU C++11,WRONG_ANSWER,2071,1513699771,qwertyiu,CONTESTANT,PRETESTS,1,15,3686400
902,C,33422959,GNU C++11,WRONG_ANSWER,2249,1513699949,qwertyiu,CONTESTANT,PRETESTS,1,0,3686400
902,C,33423253,GNU C++11,WRONG_ANSWER,2342,1513700042,qwertyiu,CONTESTANT,PRETESTS,3,15,3686400
902,C,33423954,GNU C++11,WRONG_ANSWER,2533,1513700233,qwertyiu,CONTESTANT,PRETESTS,3,15,3686400
902,C,33426174,GNU C++11,OK,3213,1513700913,qwertyiu,CONTESTANT,TESTS,45,249,3686400
902,D,33428582,GNU C++11,WRONG_ANSWER,4107,1513701807,qwertyiu,CONTESTANT,PRETESTS,6,15,2048000
902,D,33431726,GNU C++11,WRONG_ANSWER,5476,1513703176,qwertyiu,CONTESTANT,PRETESTS,0,15,2355200
902,D,33431783,GNU C++11,WRONG_ANSWER,5504,1513703204,qwertyiu,CONTESTANT,PRETESTS,2,15,2457600
902,A,33415671,C++14 (GCC 6-32),WRONG_ANSWER,743,1513698443,qwuer,CONTESTANT,PRETESTS,6,15,7782400
902,A,33416631,C++14 (GCC 6-32),WRONG_ANSWER,877,1513698587,qwuer,CONTESTANT,PRETESTS,4,15,6963200
902,A,33418060,C++14 (GCC 6-32),WRONG_ANSWER,1115,1513698825,qwuer,CONTESTANT,PRETESTS,4,15,6963200
902,A,33418882,C++14 (GCC 6-32),WRONG_ANSWER,1270,1513698981,qwuer,CONTESTANT,PRETESTS,4,15,6963200
902,A,33420352,C++14 (GCC 6-32),WRONG_ANSWER,1578,1513699289,qwuer,CONTESTANT,PRETESTS,4,15,6963200
902,A,33421935,C++14 (GCC 6-32),WRONG_ANSWER,1965,1513699676,qwuer,CONTESTANT,PRETESTS,0,15,50176000
902,A,33422293,C++14 (GCC 6-32),WRONG_ANSWER,2052,1513699762,qwuer,CONTESTANT,PRETESTS,0,31,146432000
902,A,33422562,C++14 (GCC 6-32),WRONG_ANSWER,2131,1513699841,qwuer,CONTESTANT,PRETESTS,4,62,146227200
902,A,33422770,C++14 (GCC 6-32),WRONG_ANSWER,2193,1513699903,qwuer,CONTESTANT,PRETESTS,6,15,7782400
902,A,33422976,C++14 (GCC 6-32),WRONG_ANSWER,2241,1513699952,qwuer,CONTESTANT,PRETESTS,4,15,7782400
902,A,33423842,C++14 (GCC 6-32),WRONG_ANSWER,2490,1513700201,qwuer,CONTESTANT,PRETESTS,4,0,7782400
902,A,33425603,C++14 (GCC 6-32),WRONG_ANSWER,3014,1513700724,qwuer,CONTESTANT,PRETESTS,2,15,7782400
902,A,33425825,C++14 (GCC 6-32),WRONG_ANSWER,3086,1513700797,qwuer,CONTESTANT,PRETESTS,2,15,7782400
902,A,33427828,C++14 (GCC 6-32),MEMORY_LIMIT_EXCEEDED,3801,1513701512,qwuer,CONTESTANT,PRETESTS,0,109,268390400
902,A,33428089,C++14 (GCC 6-32),WRONG_ANSWER,3902,1513701613,qwuer,CONTESTANT,PRETESTS,2,15,2969600
902,A,33428278,C++14 (GCC 6-32),WRONG_ANSWER,3973,1513701684,qwuer,CONTESTANT,PRETESTS,2,15,2969600
902,A,33428486,C++14 (GCC 6-32),WRONG_ANSWER,4060,1513701770,qwuer,CONTESTANT,PRETESTS,2,15,2969600
902,A,33429046,C++14 (GCC 6-32),WRONG_ANSWER,4286,1513701996,qwuer,CONTESTANT,PRETESTS,2,15,2969600
902,B,33433278,C++14 (GCC 6-32),OK,6229,1513703940,qwuer,CONTESTANT,TESTS,50,312,4300800
902,A,33434615,C++14 (GCC 6-32),WRONG_ANSWER,6841,1513704551,qwuer,CONTESTANT,PRETESTS,2,15,7782400
902,A,33413107,C++14 (GCC 6-32),OK,332,1513698032,r.i,CONTESTANT,TESTS,55,15,1945600
902,B,33415992,C++14 (GCC 6-32),OK,791,1513698491,r.i,CONTESTANT,TESTS,50,15,2560000
902,C,33421658,C++14 (GCC 6-32),WRONG_ANSWER,1904,1513699604,r.i,CONTESTANT,PRETESTS,1,15,3072000
902,C,33423279,C++14 (GCC 6-32),WRONG_ANSWER,2347,1513700047,r.i,CONTESTANT,PRETESTS,12,93,3072000
902,C,33424546,C++14 (GCC 6-32),WRONG_ANSWER,2700,1513700400,r.i,CONTESTANT,PRETESTS,12,93,3072000
902,C,33426771,C++14 (GCC 6-32),OK,3423,1513701123,r.i,CONTESTANT,TESTS,45,93,5529600
902,D,33432543,C++14 (GCC 6-32),WRONG_ANSWER,5891,1513703591,r.i,CONTESTANT,PRETESTS,6,15,1945600
902,D,33432824,C++14 (GCC 6-32),WRONG_ANSWER,6026,1513703726,r.i,CONTESTANT,PRETESTS,2,15,1843200
902,D,33433523,C++14 (GCC 6-32),WRONG_ANSWER,6344,1513704044,r.i,CONTESTANT,PRETESTS,6,15,1945600
902,D,33433808,C++14 (GCC 6-32),WRONG_ANSWER,6472,1513704172,r.i,CONTESTANT,PRETESTS,4,15,1945600
902,D,33434033,C++14 (GCC 6-32),WRONG_ANSWER,6597,1513704297,r.i,CONTESTANT,PRETESTS,6,0,1945600
902,D,33434255,C++14 (GCC 6-32),WRONG_ANSWER,6695,1513704395,r.i,CONTESTANT,PRETESTS,8,15,1945600
902,D,33434430,C++14 (GCC 6-32),WRONG_ANSWER,6770,1513704470,r.i,CONTESTANT,TESTS,10,15,1945600
902,A,33413800,Java 8,OK,455,1513698155,r_h_r,CONTESTANT,TESTS,55,140,20684800
902,A,33416017,C++14 (GCC 6-32),WRONG_ANSWER,794,1513698494,r_pandaa,CONTESTANT,PRETESTS,2,15,1945600
902,A,33418752,C++14 (GCC 6-32),WRONG_ANSWER,1253,1513698953,r_pandaa,CONTESTANT,PRETESTS,2,15,1843200
902,A,33421217,C++14 (GCC 6-32),WRONG_ANSWER,1797,1513699497,r_pandaa,CONTESTANT,PRETESTS,3,15,1843200
902,A,33415870,GNU C++,OK,773,1513698473,rachelnotbad,CONTESTANT,TESTS,55,31,2048000
902,B,33418669,GNU C++,OK,1235,1513698935,rachelnotbad,CONTESTANT,TESTS,50,46,2560000
902,C,33424572,GNU C++,WRONG_ANSWER,2706,1513700406,rachelnotbad,CONTESTANT,TESTS,13,62,3276800
902,A,33412840,GNU C++11,WRONG_ANSWER,254,1513697964,racheriunicolae,CONTESTANT,PRETESTS,2,15,2048000
902,A,33413313,GNU C++11,WRONG_ANSWER,358,1513698069,racheriunicolae,CONTESTANT,PRETESTS,2,15,2048000
902,A,33416293,GNU C++11,OK,825,1513698536,racheriunicolae,CONTESTANT,TESTS,55,31,2048000
902,B,33427383,GNU C++11,TIME_LIMIT_EXCEEDED,3641,1513701352,racheriunicolae,CONTESTANT,TESTS,17,1000,202752000
902,A,33415905,C++14 (GCC 6-32),RUNTIME_ERROR,778,1513698478,rachit_jain,CONTESTANT,PRETESTS,3,0,1945600
902,A,33416594,C++14 (GCC 6-32),OK,883,1513698583,rachit_jain,CONTESTANT,TESTS,55,15,1945600
902,B,33420968,C++14 (GCC 6-32),OK,1737,1513699437,rachit_jain,CONTESTANT,TESTS,50,46,4403200
902,C,33427245,C++14 (GCC 6-32),SKIPPED,3601,1513701301,rachit_jain,CONTESTANT,PRETESTS,13,31,2867200
902,C,33427394,C++14 (GCC 6-32),OK,3656,1513701356,rachit_jain,CONTESTANT,TESTS,45,93,4505600
902,A,33420147,C++14 (GCC 6-32),CHALLENGED,1544,1513699244,radar2301,CONTESTANT,CHALLENGES,8,15,1945600
902,B,33427121,C++14 (GCC 6-32),OK,3550,1513701250,radar2301,CONTESTANT,TESTS,50,46,2457600
902,A,33433913,C++14 (GCC 6-32),WRONG_ANSWER,6528,1513704228,radar2301,CONTESTANT,CHALLENGES,0,15,1945600
902,C,33435433,C++14 (GCC 6-32),RUNTIME_ERROR,7147,1513704847,radar2301,CONTESTANT,PRETESTS,0,0,4505600
902,C,33435629,C++14 (GCC 6-32),WRONG_ANSWER,7188,1513704888,radar2301,CONTESTANT,PRETESTS,1,0,4300800
902,A,33413716,GNU C++11,OK,441,1513698141,rafalk342,CONTESTANT,TESTS,55,30,2048000
902,B,33417466,GNU C++11,OK,1026,1513698726,rafalk342,CONTESTANT,TESTS,50,31,2662400
902,C,33422804,GNU C++11,OK,2210,1513699910,rafalk342,CONTESTANT,TESTS,45,296,4198400
902,A,33427275,GNU C++11,WRONG_ANSWER,3614,1513701314,rafsan_babu,CONTESTANT,PRETESTS,4,15,2048000
902,A,33432153,GNU C++11,TIME_LIMIT_EXCEEDED,5691,1513703391,rafsan_babu,CONTESTANT,PRETESTS,2,1000,11980800
902,A,33433070,GNU C++11,WRONG_ANSWER,6144,1513703844,rafsan_babu,CONTESTANT,PRETESTS,0,15,2048000
902,A,33435389,GNU C++11,WRONG_ANSWER,7132,1513704832,rafsan_babu,CONTESTANT,TESTS,16,15,2048000
902,A,33414548,C++14 (GCC 6-32),WRONG_ANSWER,575,1513698275,rafsan_rana,CONTESTANT,PRETESTS,5,0,1945600
902,A,33418736,C++14 (GCC 6-32),OK,1250,1513698950,rafsan_rana,CONTESTANT,TESTS,55,15,2048000
902,B,33423007,C++14 (GCC 6-32),OK,2260,1513699960,rafsan_rana,CONTESTANT,TESTS,50,31,2560000
902,C,33429374,C++14 (GCC 6-32),OK,4429,1513702129,rafsan_rana,CONTESTANT,TESTS,45,186,10444800
902,A,33414831,GNU C++11,OK,619,1513698319,rafy,CONTESTANT,TESTS,55,15,2048000
902,B,33421397,GNU C++11,OK,1840,1513699540,rafy,CONTESTANT,TESTS,50,31,2560000
902,C,33429797,GNU C++11,OK,4613,1513702313,rafy,CONTESTANT,TESTS,45,202,6553600
902,A,33416287,Java 8,WRONG_ANSWER,835,1513698535,rahee15,CONTESTANT,PRETESTS,2,140,20992000
902,A,33419400,Java 8,COMPILATION_ERROR,1384,1513699084,rahee15,CONTESTANT,PRETESTS,0,0,0
902,A,33420097,Java 8,WRONG_ANSWER,1534,1513699234,rahee15,CONTESTANT,PRETESTS,2,139,20992000
902,A,33424132,Java 8,WRONG_ANSWER,2580,1513700280,rahee15,CONTESTANT,PRETESTS,2,139,20992000
902,A,33418900,GNU C++,WRONG_ANSWER,1285,1513698985,rahl23,CONTESTANT,PRETESTS,0,0,2048000
902,A,33419437,GNU C++,WRONG_ANSWER,1395,1513699095,rahl23,CONTESTANT,PRETESTS,2,15,2048000
902,A,33420441,GNU C++,WRONG_ANSWER,1611,1513699311,rahl23,CONTESTANT,PRETESTS,2,0,2048000
902,A,33422749,GNU C++,WRONG_ANSWER,2196,1513699896,rahl23,CONTESTANT,PRETESTS,2,15,2048000
902,A,33425080,GNU C++,WRONG_ANSWER,2856,1513700556,rahl23,CONTESTANT,PRETESTS,2,15,2048000
902,A,33428332,GNU C++,WRONG_ANSWER,4003,1513701703,rahl23,CONTESTANT,PRETESTS,2,15,2048000
902,A,33431290,GNU C++,CHALLENGED,5257,1513702957,rahl23,CONTESTANT,CHALLENGES,8,15,2048000
902,A,33433376,GNU C++,WRONG_ANSWER,6283,1513703983,rahl23,CONTESTANT,CHALLENGES,0,15,2048000
902,A,33416548,GNU C,WRONG_ANSWER,865,1513698576,rahul16173,CONTESTANT,PRETESTS,2,0,1843200
902,A,33417774,GNU C,COMPILATION_ERROR,1069,1513698779,rahul16173,CONTESTANT,PRETESTS,0,0,0
902,A,33418551,GNU C,WRONG_ANSWER,1203,1513698914,rahul16173,CONTESTANT,PRETESTS,2,15,1843200
902,A,33419667,GNU C,WRONG_ANSWER,1433,1513699143,rahul16173,CONTESTANT,PRETESTS,2,15,1843200
902,A,33421244,GNU C,WRONG_ANSWER,1793,1513699503,rahul16173,CONTESTANT,PRETESTS,2,0,1843200
902,A,33422534,GNU C,WRONG_ANSWER,2125,1513699835,rahul16173,CONTESTANT,PRETESTS,0,0,1843200
902,A,33423066,GNU C,WRONG_ANSWER,2270,1513699980,rahul16173,CONTESTANT,PRETESTS,4,0,1843200
902,A,33423388,GNU C,WRONG_ANSWER,2365,1513700075,rahul16173,CONTESTANT,PRETESTS,4,15,1843200
902,A,33423094,GNU C++,OK,2287,1513699987,rahul1995,CONTESTANT,TESTS,55,15,2048000
902,B,33430119,GNU C++,OK,4750,1513702450,rahul1995,CONTESTANT,TESTS,50,46,2662400
902,C,33433826,GNU C++,OK,6481,1513704181,rahul1995,CONTESTANT,TESTS,45,327,2457600
902,A,33416090,C++14 (GCC 6-32),OK,804,1513698504,rahul972,CONTESTANT,TESTS,55,15,1945600
902,B,33421287,C++14 (GCC 6-32),RUNTIME_ERROR,1815,1513699515,rahul972,CONTESTANT,PRETESTS,5,15,2150400
902,B,33422894,C++14 (GCC 6-32),RUNTIME_ERROR,2232,1513699932,rahul972,CONTESTANT,PRETESTS,0,0,2252800
902,B,33423060,C++14 (GCC 6-32),OK,2279,1513699979,rahul972,CONTESTANT,TESTS,50,15,2457600
902,C,33427433,C++14 (GCC 6-32),OK,3669,1513701369,rahul972,CONTESTANT,TESTS,45,78,2662400
902,A,33413303,C++14 (GCC 6-32),OK,357,1513698067,rahul_iit,CONTESTANT,TESTS,55,15,5120000
902,B,33420699,C++14 (GCC 6-32),OK,1660,1513699371,rahul_iit,CONTESTANT,TESTS,50,31,3174400
902,C,33428939,C++14 (GCC 6-32),OK,4243,1513701954,rahul_iit,CONTESTANT,TESTS,45,108,6656000
902,A,33414515,Java 8,OK,568,1513698268,rahulkhairwar,CONTESTANT,TESTS,55,155,21811200
902,B,33418538,Java 8,OK,1211,1513698911,rahulkhairwar,CONTESTANT,TESTS,50,140,22016000
902,C,33424184,Java 8,OK,2593,1513700293,rahulkhairwar,CONTESTANT,TESTS,45,233,22528000
902,A,33418966,C++14 (GCC 6-32),OK,1300,1513699000,rahulkumarsk2015,CONTESTANT,TESTS,55,15,2048000
902,A,33422898,GNU C++,WRONG_ANSWER,2233,1513699933,rai.abhijeet,CONTESTANT,PRETESTS,3,15,2048000
902,A,33424661,GNU C++,WRONG_ANSWER,2732,1513700432,rai.abhijeet,CONTESTANT,TESTS,51,31,2048000
902,A,33413339,C++14 (GCC 6-32),OK,364,1513698074,raiden_11,CONTESTANT,TESTS,55,15,2048000
902,B,33422705,C++14 (GCC 6-32),OK,2173,1513699883,raiden_11,CONTESTANT,TESTS,50,30,2560000
902,C,33428676,C++14 (GCC 6-32),OK,4141,1513701851,raiden_11,CONTESTANT,TESTS,45,93,27545600
902,A,33419214,C++14 (GCC 6-32),WRONG_ANSWER,1352,1513699052,rain_you_ka,CONTESTANT,PRETESTS,2,15,1843200
902,A,33414098,GNU C++11,TIME_LIMIT_EXCEEDED,503,1513698203,raja1999,CONTESTANT,TESTS,13,1000,2150400
902,B,33418292,GNU C++11,OK,1166,1513698866,raja1999,CONTESTANT,TESTS,50,31,2560000
902,C,33422488,GNU C++11,OK,2124,1513699824,raja1999,CONTESTANT,TESTS,45,249,2457600
902,A,33413391,GNU C++11,CHALLENGED,373,1513698083,rajat2797,CONTESTANT,CHALLENGES,8,15,2048000
902,A,33416872,GNU C++11,WRONG_ANSWER,925,1513698625,rajatpaliwal2812,CONTESTANT,PRETESTS,4,15,2048000
902,A,33428110,GNU C++11,CHALLENGED,3920,1513701620,rajatpaliwal2812,CONTESTANT,CHALLENGES,8,15,2048000
902,A,33433852,GNU C++11,WRONG_ANSWER,6500,1513704200,rajatpaliwal2812,CONTESTANT,CHALLENGES,0,15,2048000
902,A,33415423,GNU C++,WRONG_ANSWER,709,1513698409,rajeshkumarsinha12,CONTESTANT,PRETESTS,2,15,2048000
902,B,33420305,GNU C++,OK,1579,1513699279,rajeshkumarsinha12,CONTESTANT,TESTS,50,31,2560000
902,A,33422121,GNU C++,OK,2018,1513699718,rajeshkumarsinha12,CONTESTANT,TESTS,55,15,2048000
902,C,33434219,GNU C++,OK,6679,1513704379,rajeshkumarsinha12,CONTESTANT,TESTS,45,249,4096000
902,A,33423340,GNU C++,WRONG_ANSWER,2351,1513700062,rajiv.vaidyanathan4,CONTESTANT,PRETESTS,2,15,2048000
902,A,33426544,GNU C++,WRONG_ANSWER,3329,1513701040,rajiv.vaidyanathan4,CONTESTANT,PRETESTS,2,15,2048000
902,A,33430975,GNU C++,CHALLENGED,5098,1513702809,rajiv.vaidyanathan4,CONTESTANT,CHALLENGES,8,15,2048000
902,A,33418004,C++14 (GCC 6-32),WRONG_ANSWER,1118,1513698818,rajkumaar23,CONTESTANT,PRETESTS,2,15,1843200
902,A,33420616,C++14 (GCC 6-32),WRONG_ANSWER,1652,1513699352,rajkumaar23,CONTESTANT,PRETESTS,0,0,1843200
902,A,33420731,C++14 (GCC 6-32),WRONG_ANSWER,1679,1513699379,rajkumaar23,CONTESTANT,PRETESTS,2,15,1843200
902,A,33412898,GNU C++11,OK,284,1513697984,rajpm,CONTESTANT,TESTS,55,15,2048000
902,B,33418051,GNU C++11,OK,1125,1513698825,rajpm,CONTESTANT,TESTS,50,46,2560000
902,C,33422044,GNU C++11,WRONG_ANSWER,2002,1513699702,rajpm,CONTESTANT,PRETESTS,1,0,2048000
902,C,33424640,GNU C++11,WRONG_ANSWER,2726,1513700426,rajpm,CONTESTANT,PRETESTS,3,15,2048000
902,C,33426325,GNU C++11,OK,3261,1513700961,rajpm,CONTESTANT,TESTS,45,312,2457600
902,A,33425174,C++14 (GCC 6-32),WRONG_ANSWER,2884,1513700584,raju_31416,CONTESTANT,PRETESTS,2,0,1945600
902,A,33418766,GNU C++11,OK,1245,1513698955,rakib_ruet_13,CONTESTANT,TESTS,55,15,2048000
902,B,33427337,GNU C++11,OK,3628,1513701338,rakib_ruet_13,CONTESTANT,TESTS,50,265,2764800
902,A,33415549,GNU C++,COMPILATION_ERROR,728,1513698428,ramini1996,CONTESTANT,PRETESTS,0,0,0
902,A,33415804,C++14 (GCC 6-32),WRONG_ANSWER,765,1513698465,ramini1996,CONTESTANT,PRETESTS,2,15,1945600
902,A,33416796,C++14 (GCC 6-32),WRONG_ANSWER,914,1513698614,ramini1996,CONTESTANT,PRETESTS,2,15,1843200
902,A,33417353,C++14 (GCC 6-32),WRONG_ANSWER,1007,1513698707,ramini1996,CONTESTANT,PRETESTS,2,0,1843200
902,A,33419692,C++14 (GCC 6-32),WRONG_ANSWER,1448,1513699148,ramini1996,CONTESTANT,PRETESTS,2,15,1843200
902,A,33419414,GNU C++11,OK,1389,1513699089,ramozaxaya,CONTESTANT,TESTS,55,30,2048000
902,B,33426315,GNU C++11,OK,3259,1513700959,ramozaxaya,CONTESTANT,TESTS,50,46,2355200
902,A,33428176,C++14 (GCC 6-32),WRONG_ANSWER,3948,1513701648,ramya_,CONTESTANT,PRETESTS,5,15,1945600
902,A,33428675,C++14 (GCC 6-32),WRONG_ANSWER,4150,1513701850,ramya_,CONTESTANT,PRETESTS,5,0,1843200
902,A,33431027,C++14 (GCC 6-32),WRONG_ANSWER,5130,1513702830,ramya_,CONTESTANT,PRETESTS,4,15,1843200
902,A,33431204,C++14 (GCC 6-32),WRONG_ANSWER,5216,1513702916,ramya_,CONTESTANT,PRETESTS,4,0,1843200
902,A,33419470,GNU C++,COMPILATION_ERROR,1401,1513699101,ranasl6262,CONTESTANT,PRETESTS,0,0,0
902,A,33420547,GNU C++,WRONG_ANSWER,1637,1513699337,ranasl6262,CONTESTANT,PRETESTS,2,15,2048000
902,A,33421684,GNU C++,WRONG_ANSWER,1911,1513699611,ranasl6262,CONTESTANT,PRETESTS,2,15,2048000
902,A,33422966,GNU C++,WRONG_ANSWER,2251,1513699951,ranasl6262,CONTESTANT,PRETESTS,0,0,2048000
902,A,33423636,GNU C++,WRONG_ANSWER,2442,1513700142,ranasl6262,CONTESTANT,PRETESTS,2,15,2048000
902,A,33425393,GNU C++,WRONG_ANSWER,2959,1513700659,ranasl6262,CONTESTANT,PRETESTS,2,15,2048000
902,A,33425926,GNU C++,WRONG_ANSWER,3128,1513700828,ranasl6262,CONTESTANT,PRETESTS,2,0,2048000
902,A,33426558,C++14 (GCC 6-32),WRONG_ANSWER,3343,1513701043,ranasl6262,CONTESTANT,PRETESTS,2,0,1945600
902,A,33427682,GNU C++,WRONG_ANSWER,3761,1513701461,ranasl6262,CONTESTANT,PRETESTS,2,0,2048000
902,A,33428597,GNU C++,COMPILATION_ERROR,4114,1513701814,ranasl6262,CONTESTANT,PRETESTS,0,0,0
902,A,33428684,C++14 (GCC 6-32),WRONG_ANSWER,4154,1513701854,ranasl6262,CONTESTANT,PRETESTS,3,0,1945600
902,A,33429430,GNU C++,CHALLENGED,4456,1513702156,ranasl6262,CONTESTANT,CHALLENGES,8,15,2048000
902,A,33431381,GNU C++11,WRONG_ANSWER,5303,1513703003,ranasl6262,CONTESTANT,CHALLENGES,0,15,2048000
902,A,33431807,C++14 (GCC 6-32),WRONG_ANSWER,5521,1513703221,ranasl6262,CONTESTANT,PRETESTS,3,15,1945600
902,A,33432205,GNU C++,COMPILATION_ERROR,5713,1513703413,ranasl6262,CONTESTANT,PRETESTS,0,0,0
902,A,33432241,C++14 (GCC 6-32),WRONG_ANSWER,5734,1513703434,ranasl6262,CONTESTANT,PRETESTS,3,0,1843200
902,A,33432815,C++14 (GCC 6-32),CHALLENGED,6021,1513703721,ranasl6262,CONTESTANT,CHALLENGES,8,15,1945600
902,A,33433740,C++14 (GCC 6-32),OK,6442,1513704142,ranasl6262,CONTESTANT,TESTS,55,15,1945600
902,C,33420711,C++14 (GCC 6-32),OK,1675,1513699375,randaam_oozham,CONTESTANT,TESTS,45,171,8499200
902,A,33424210,C++14 (GCC 6-32),OK,2597,1513700297,randaam_oozham,CONTESTANT,TESTS,55,15,1945600
902,B,33427266,C++14 (GCC 6-32),OK,3611,1513701311,randaam_oozham,CONTESTANT,TESTS,50,31,2764800
902,A,33414411,C++14 (GCC 6-32),OK,554,1513698254,ransac,CONTESTANT,TESTS,55,15,1945600
902,B,33425333,C++14 (GCC 6-32),OK,2939,1513700639,ransac,CONTESTANT,TESTS,50,31,2764800
902,C,33433381,C++14 (GCC 6-32),WRONG_ANSWER,6285,1513703985,ransac,CONTESTANT,PRETESTS,5,15,2662400
902,C,33433905,C++14 (GCC 6-32),OK,6525,1513704225,ransac,CONTESTANT,TESTS,45,186,11878400
902,A,33415907,GNU C++,OK,778,1513698478,ransewhale,CONTESTANT,TESTS,55,15,2048000
902,B,33421796,GNU C++,RUNTIME_ERROR,1939,1513699639,ransewhale,CONTESTANT,PRETESTS,5,30,2150400
902,B,33422282,GNU C++,OK,2059,1513699759,ransewhale,CONTESTANT,TESTS,50,46,2355200
902,C,33426762,GNU C++,OK,3419,1513701119,ransewhale,CONTESTANT,TESTS,45,312,2457600
902,A,33415150,GNU C++11,OK,668,1513698368,ranu123,CONTESTANT,TESTS,55,15,2048000
902,B,33424672,GNU C++11,OK,2736,1513700436,ranu123,CONTESTANT,TESTS,50,31,2662400
902,A,33418189,Python 3,WRONG_ANSWER,1148,1513698848,rappel,CONTESTANT,PRETESTS,2,61,5529600
902,A,33418973,Python 3,OK,1301,1513699001,rappel,CONTESTANT,TESTS,55,62,5529600
902,B,33423206,Python 3,RUNTIME_ERROR,2324,1513700024,rappel,CONTESTANT,TESTS,17,77,7782400
902,C,33427891,Python 3,TIME_LIMIT_EXCEEDED,3836,1513701536,rappel,CONTESTANT,TESTS,13,2000,11161600
902,D,33434974,Python 3,WRONG_ANSWER,6994,1513704694,rappel,CONTESTANT,PRETESTS,0,46,5529600
902,D,33435263,Python 3,OK,7091,1513704791,rappel,CONTESTANT,TESTS,150,77,5632000
902,A,33414324,GNU C++11,WRONG_ANSWER,537,1513698237,raresdanut,CONTESTANT,TESTS,11,15,2048000
902,B,33419123,GNU C++11,WRONG_ANSWER,1337,1513699037,raresdanut,CONTESTANT,PRETESTS,5,0,2048000
902,B,33420610,GNU C++11,OK,1651,1513699351,raresdanut,CONTESTANT,TESTS,50,31,2560000
902,C,33426255,GNU C++11,WRONG_ANSWER,3240,1513700940,raresdanut,CONTESTANT,PRETESTS,3,15,7680000
902,C,33427476,GNU C++11,OK,3686,1513701386,raresdanut,CONTESTANT,TESTS,45,264,7680000
902,A,33415809,GNU C++11,WRONG_ANSWER,765,1513698465,rashish2202,CONTESTANT,PRETESTS,4,15,2048000
902,C,33419926,GNU C++11,OK,1496,1513699196,rashish2202,CONTESTANT,TESTS,45,249,2867200
902,B,33424777,GNU C++11,WRONG_ANSWER,2766,1513700466,rashish2202,CONTESTANT,PRETESTS,0,0,2355200
902,B,33426066,GNU C++11,WRONG_ANSWER,3176,1513700876,rashish2202,CONTESTANT,PRETESTS,4,15,2355200
902,A,33427493,GNU C++11,OK,3691,1513701391,rashish2202,CONTESTANT,TESTS,55,15,2048000
902,B,33430676,GNU C++11,WRONG_ANSWER,4983,1513702683,rashish2202,CONTESTANT,PRETESTS,4,15,2355200
902,D,33434151,GNU C++11,OK,6648,1513704348,rashish2202,CONTESTANT,TESTS,150,31,2048000
902,C,33419771,C++14 (GCC 6-32),OK,1460,1513699160,rasterize,CONTESTANT,TESTS,45,124,11571200
902,A,33420893,C++14 (GCC 6-32),OK,1717,1513699417,rasterize,CONTESTANT,TESTS,55,15,2252800
902,B,33422078,C++14 (GCC 6-32),OK,2007,1513699707,rasterize,CONTESTANT,TESTS,50,30,7475200
902,A,33418780,GNU C++11,WRONG_ANSWER,1258,1513698958,rathore12,CONTESTANT,PRETESTS,2,15,2048000
902,A,33419870,GNU C++11,WRONG_ANSWER,1483,1513699183,rathore12,CONTESTANT,PRETESTS,2,15,2048000
902,A,33423745,GNU C++11,OK,2474,1513700174,rathore12,CONTESTANT,TESTS,55,30,2048000
902,B,33428287,GNU C++11,OK,3986,1513701686,rathore12,CONTESTANT,TESTS,50,46,2560000
902,A,33413600,C++14 (GCC 6-32),WRONG_ANSWER,411,1513698121,rationalex,CONTESTANT,PRETESTS,3,15,1843200
902,A,33415662,C++14 (GCC 6-32),WRONG_ANSWER,742,1513698442,rationalex,CONTESTANT,PRETESTS,2,15,1843200
902,A,33417483,C++14 (GCC 6-32),WRONG_ANSWER,1018,1513698729,rationalex,CONTESTANT,PRETESTS,5,15,1843200
902,A,33419251,C++14 (GCC 6-32),OK,1361,1513699061,rationalex,CONTESTANT,TESTS,55,15,2048000
902,C,33428762,C++14 (GCC 6-32),WRONG_ANSWER,4177,1513701888,rationalex,CONTESTANT,PRETESTS,1,15,1843200
902,C,33428983,C++14 (GCC 6-32),OK,4262,1513701973,rationalex,CONTESTANT,TESTS,45,217,7577600
902,B,33432761,C++14 (GCC 6-32),OK,5980,1513703691,rationalex,CONTESTANT,TESTS,50,31,2560000
902,A,33421267,C++14 (GCC 6-32),WRONG_ANSWER,1810,1513699510,rattanjotsingh,CONTESTANT,PRETESTS,2,15,1843200
902,A,33424193,C++14 (GCC 6-32),CHALLENGED,2594,1513700294,rattanjotsingh,CONTESTANT,CHALLENGES,8,0,1945600
902,A,33426171,C++14 (GCC 6-32),WRONG_ANSWER,3212,1513700912,rattanjotsingh,CONTESTANT,PRETESTS,0,0,1945600
902,A,33428396,C++14 (GCC 6-32),WRONG_ANSWER,4031,1513701731,rattanjotsingh,CONTESTANT,PRETESTS,3,15,1945600
902,A,33430565,C++14 (GCC 6-32),WRONG_ANSWER,4931,1513702631,rattanjotsingh,CONTESTANT,CHALLENGES,0,15,1945600
902,A,33430746,C++14 (GCC 6-32),OK,5013,1513702713,rattanjotsingh,CONTESTANT,TESTS,55,15,1945600
902,A,33426712,GNU C,WRONG_ANSWER,3405,1513701105,ravali_55,CONTESTANT,PRETESTS,0,0,1843200
902,A,33413537,C++14 (GCC 6-32),WRONG_ANSWER,410,1513698110,ravibitsgoa,CONTESTANT,PRETESTS,1,15,1945600
902,A,33414280,C++14 (GCC 6-32),OK,530,1513698230,ravibitsgoa,CONTESTANT,TESTS,55,15,1945600
902,B,33419916,C++14 (GCC 6-32),OK,1494,1513699194,ravibitsgoa,CONTESTANT,TESTS,50,15,2560000
902,C,33424544,C++14 (GCC 6-32),WRONG_ANSWER,2699,1513700399,ravibitsgoa,CONTESTANT,PRETESTS,3,15,1843200
902,C,33428065,C++14 (GCC 6-32),WRONG_ANSWER,3900,1513701600,ravibitsgoa,CONTESTANT,PRETESTS,6,15,1843200
902,C,33428249,C++14 (GCC 6-32),OK,3973,1513701673,ravibitsgoa,CONTESTANT,TESTS,45,78,2252800
902,D,33434405,C++14 (GCC 6-32),WRONG_ANSWER,6758,1513704458,ravibitsgoa,CONTESTANT,PRETESTS,2,15,1843200
902,A,33413966,GNU C++11,OK,483,1513698183,ravimsr06,CONTESTANT,TESTS,55,15,2048000
902,B,33423431,GNU C++11,OK,2386,1513700086,ravimsr06,CONTESTANT,TESTS,50,46,3276800
902,A,33416452,GNU C++11,CHALLENGED,858,1513698558,ravor,CONTESTANT,CHALLENGES,8,15,3686400
902,B,33425844,GNU C++11,OK,3103,1513700803,ravor,CONTESTANT,TESTS,50,46,4300800
902,A,33426623,GNU C++11,WRONG_ANSWER,3373,1513701073,ravor,CONTESTANT,TESTS,16,15,3686400
902,A,33414646,C++14 (GCC 6-32),OK,590,1513698290,rayhan50001,CONTESTANT,TESTS,55,15,1945600
902,B,33424386,C++14 (GCC 6-32),OK,2649,1513700349,rayhan50001,CONTESTANT,TESTS,50,31,4403200
902,C,33431636,C++14 (GCC 6-32),WRONG_ANSWER,5430,1513703130,rayhan50001,CONTESTANT,PRETESTS,3,15,5939200
902,C,33431813,C++14 (GCC 6-32),WRONG_ANSWER,5524,1513703224,rayhan50001,CONTESTANT,PRETESTS,3,15,5939200
902,C,33432170,C++14 (GCC 6-32),WRONG_ANSWER,5697,1513703397,rayhan50001,CONTESTANT,PRETESTS,0,15,5939200
902,C,33432257,C++14 (GCC 6-32),WRONG_ANSWER,5741,1513703441,rayhan50001,CONTESTANT,PRETESTS,0,0,5939200
902,C,33432345,C++14 (GCC 6-32),WRONG_ANSWER,5786,1513703486,rayhan50001,CONTESTANT,PRETESTS,4,15,5939200
902,C,33432907,C++14 (GCC 6-32),WRONG_ANSWER,6069,1513703769,rayhan50001,CONTESTANT,PRETESTS,4,15,5939200
902,C,33433456,C++14 (GCC 6-32),WRONG_ANSWER,6316,1513704016,rayhan50001,CONTESTANT,PRETESTS,1,0,5939200
902,C,33433777,C++14 (GCC 6-32),WRONG_ANSWER,6460,1513704160,rayhan50001,CONTESTANT,PRETESTS,4,0,5939200
902,C,33434275,C++14 (GCC 6-32),WRONG_ANSWER,6705,1513704405,rayhan50001,CONTESTANT,PRETESTS,0,15,5939200
902,C,33434325,C++14 (GCC 6-32),WRONG_ANSWER,6724,1513704424,rayhan50001,CONTESTANT,PRETESTS,3,15,5939200
902,C,33434994,C++14 (GCC 6-32),COMPILATION_ERROR,7001,1513704701,rayhan50001,CONTESTANT,PRETESTS,0,0,0
902,C,33435096,C++14 (GCC 6-32),COMPILATION_ERROR,7032,1513704732,rayhan50001,CONTESTANT,PRETESTS,0,0,0
902,C,33435166,C++14 (GCC 6-32),WRONG_ANSWER,7059,1513704759,rayhan50001,CONTESTANT,PRETESTS,0,15,5836800
902,A,33414283,C++14 (GCC 6-32),OK,530,1513698230,razouq,CONTESTANT,TESTS,55,15,1945600
902,B,33426342,C++14 (GCC 6-32),OK,3267,1513700967,razouq,CONTESTANT,TESTS,50,249,2355200
902,C,33433240,C++14 (GCC 6-32),WRONG_ANSWER,6222,1513703922,razouq,CONTESTANT,PRETESTS,3,15,1843200
902,C,33433643,C++14 (GCC 6-32),OK,6401,1513704101,razouq,CONTESTANT,TESTS,45,93,5632000
902,A,33420152,GNU C++11,WRONG_ANSWER,1535,1513699246,rcrs4,CONTESTANT,PRETESTS,2,0,2048000
902,A,33421979,GNU C++11,WRONG_ANSWER,1977,1513699688,rcrs4,CONTESTANT,PRETESTS,2,0,2048000
902,A,33426387,GNU C++11,WRONG_ANSWER,3276,1513700987,rcrs4,CONTESTANT,PRETESTS,2,15,2048000
902,A,33430308,GNU C++11,WRONG_ANSWER,4814,1513702525,rcrs4,CONTESTANT,PRETESTS,2,15,2048000
902,A,33431728,GNU C++,WRONG_ANSWER,5466,1513703176,rcrs4,CONTESTANT,PRETESTS,2,15,2048000
902,A,33432129,GNU C++11,OK,5669,1513703379,rcrs4,CONTESTANT,TESTS,55,15,2048000
902,A,33415546,GNU C++11,WRONG_ANSWER,728,1513698428,rcseven,CONTESTANT,TESTS,47,15,2048000
902,B,33422235,GNU C++11,OK,2046,1513699746,rcseven,CONTESTANT,TESTS,50,46,2662400
902,C,33430485,GNU C++11,OK,4894,1513702594,rcseven,CONTESTANT,TESTS,45,311,4096000
902,A,33417082,C++14 (GCC 6-32),MEMORY_LIMIT_EXCEEDED,948,1513698659,rdd6584,CONTESTANT,PRETESTS,3,124,268390400
902,A,33419558,C++14 (GCC 6-32),OK,1413,1513699124,rdd6584,CONTESTANT,TESTS,55,30,1843200
902,B,33425018,C++14 (GCC 6-32),OK,2824,1513700535,rdd6584,CONTESTANT,TESTS,50,15,1945600
902,A,33413156,GNU C++11,OK,340,1513698040,rebornplusplus,CONTESTANT,TESTS,55,15,2048000
902,B,33417710,GNU C++11,OK,1068,1513698768,rebornplusplus,CONTESTANT,TESTS,50,31,2560000
902,C,33427501,GNU C++11,OK,3695,1513701395,rebornplusplus,CONTESTANT,TESTS,45,280,15462400
902,D,33432133,GNU C++11,WRONG_ANSWER,5682,1513703382,rebornplusplus,CONTESTANT,PRETESTS,2,0,2048000
902,D,33434877,GNU C++11,WRONG_ANSWER,6960,1513704660,rebornplusplus,CONTESTANT,PRETESTS,9,15,2048000
902,A,33414795,Python 2,WRONG_ANSWER,613,1513698313,recurze,CONTESTANT,PRETESTS,4,62,4505600
902,A,33421344,C++14 (GCC 6-32),WRONG_ANSWER,1829,1513699529,recurze,CONTESTANT,PRETESTS,4,0,1945600
902,D,33428193,Python 2,WRONG_ANSWER,3954,1513701654,recurze,CONTESTANT,PRETESTS,2,61,4608000
902,A,33431379,Python 2,OK,5302,1513703002,recurze,CONTESTANT,TESTS,55,78,4608000
902,D,33434949,Python 2,WRONG_ANSWER,6986,1513704686,recurze,CONTESTANT,PRETESTS,2,46,4505600
902,A,33430612,C++14 (GCC 6-32),WRONG_ANSWER,4953,1513702653,redhatx,CONTESTANT,PRETESTS,2,15,1945600
902,A,33430897,C++14 (GCC 6-32),WRONG_ANSWER,5072,1513702772,redhatx,CONTESTANT,PRETESTS,2,0,1843200
902,A,33431954,C++14 (GCC 6-32),WRONG_ANSWER,5593,1513703293,redhatx,CONTESTANT,PRETESTS,2,15,1843200
902,A,33432235,C++14 (GCC 6-32),WRONG_ANSWER,5730,1513703430,redhatx,CONTESTANT,PRETESTS,2,15,1843200
902,A,33418585,GNU C++11,WRONG_ANSWER,1209,1513698920,redhotchilli,CONTESTANT,PRETESTS,2,15,2048000
902,A,33420980,GNU C++11,WRONG_ANSWER,1730,1513699440,redhotchilli,CONTESTANT,PRETESTS,2,0,2048000
902,A,33423194,GNU C++11,WRONG_ANSWER,2310,1513700021,redhotchilli,CONTESTANT,PRETESTS,4,15,2048000
902,A,33423881,GNU C++11,WRONG_ANSWER,2501,1513700212,redhotchilli,CONTESTANT,PRETESTS,0,15,2048000
902,B,33424394,GNU C++11,OK,2642,1513700352,redhotchilli,CONTESTANT,TESTS,50,280,2560000
902,A,33424920,GNU C++11,WRONG_ANSWER,2794,1513700504,redhotchilli,CONTESTANT,PRETESTS,1,0,2048000
902,A,33425189,GNU C++11,WRONG_ANSWER,2878,1513700588,redhotchilli,CONTESTANT,PRETESTS,1,15,2048000
902,A,33426193,GNU C++11,CHALLENGED,3209,1513700919,redhotchilli,CONTESTANT,CHALLENGES,8,15,2048000
902,C,33430970,GNU C++11,WRONG_ANSWER,5094,1513702804,redhotchilli,CONTESTANT,PRETESTS,0,0,2867200
902,C,33431463,GNU C++11,OK,5334,1513703045,redhotchilli,CONTESTANT,TESTS,45,249,2457600
902,A,33434286,GNU C++11,WRONG_ANSWER,6699,1513704409,redhotchilli,CONTESTANT,TESTS,41,15,3686400
902,A,33414253,Java 8,WRONG_ANSWER,527,1513698227,redwings,CONTESTANT,PRETESTS,2,140,20992000
902,A,33415624,Java 8,WRONG_ANSWER,736,1513698436,redwings,CONTESTANT,TESTS,14,155,20992000
902,B,33422341,Java 8,OK,2077,1513699777,redwings,CONTESTANT,TESTS,50,202,21094400
902,C,33430934,Java 8,WRONG_ANSWER,5084,1513702784,redwings,CONTESTANT,PRETESTS,4,140,20992000
902,C,33432482,Java 8,WRONG_ANSWER,5855,1513703555,redwings,CONTESTANT,PRETESTS,3,140,20992000
902,C,33433066,Java 8,WRONG_ANSWER,6143,1513703843,redwings,CONTESTANT,PRETESTS,3,139,20992000
902,C,33434493,Java 8,OK,6802,1513704502,redwings,CONTESTANT,TESTS,45,1435,83148800
902,A,33413356,C++14 (GCC 6-32),OK,367,1513698077,reeWorld,CONTESTANT,TESTS,55,15,1945600
902,B,33418418,C++14 (GCC 6-32),OK,1178,1513698888,reeWorld,CONTESTANT,TESTS,50,31,2560000
902,C,33424042,C++14 (GCC 6-32),WRONG_ANSWER,2545,1513700255,reeWorld,CONTESTANT,PRETESTS,1,15,1843200
902,C,33424842,C++14 (GCC 6-32),OK,2773,1513700483,reeWorld,CONTESTANT,TESTS,45,93,5120000
902,A,33412867,GNU C++11,OK,273,1513697973,reedef,CONTESTANT,TESTS,55,31,2048000
902,B,33416176,GNU C++11,OK,818,1513698518,reedef,CONTESTANT,TESTS,50,46,2252800
902,C,33422801,GNU C++11,WRONG_ANSWER,2210,1513699910,reedef,CONTESTANT,PRETESTS,4,15,2048000
902,C,33424534,GNU C++11,WRONG_ANSWER,2697,1513700397,reedef,CONTESTANT,PRETESTS,4,15,2048000
902,C,33425278,GNU C++11,OK,2918,1513700618,reedef,CONTESTANT,TESTS,45,312,5529600
902,A,33415996,Python 3,WRONG_ANSWER,791,1513698491,reetika.singla25,CONTESTANT,PRETESTS,2,46,5529600
902,A,33418924,Python 3,OK,1290,1513698990,reetika.singla25,CONTESTANT,TESTS,55,62,5529600
902,A,33417775,GNU C++11,WRONG_ANSWER,1080,1513698780,regnarock35,CONTESTANT,PRETESTS,2,15,2048000
902,A,33419792,GNU C++11,WRONG_ANSWER,1466,1513699166,regnarock35,CONTESTANT,PRETESTS,2,15,2048000
902,A,33420457,GNU C++11,COMPILATION_ERROR,1615,1513699315,regnarock35,CONTESTANT,PRETESTS,0,0,0
902,A,33422972,GNU C++11,WRONG_ANSWER,2252,1513699952,regnarock35,CONTESTANT,PRETESTS,1,15,2048000
902,A,33423511,GNU C++11,WRONG_ANSWER,2408,1513700108,regnarock35,CONTESTANT,PRETESTS,1,15,2048000
902,A,33424045,GNU C++11,WRONG_ANSWER,2556,1513700256,regnarock35,CONTESTANT,PRETESTS,4,15,2048000
902,A,33422039,C++14 (GCC 6-32),WRONG_ANSWER,2002,1513699702,rejsuti1234,CONTESTANT,PRETESTS,2,15,1945600
902,A,33422681,C++14 (GCC 6-32),WRONG_ANSWER,2177,1513699877,rejsuti1234,CONTESTANT,PRETESTS,2,15,1945600
902,A,33424823,C++14 (GCC 6-32),WRONG_ANSWER,2778,1513700478,rejsuti1234,CONTESTANT,PRETESTS,2,15,1945600
902,A,33427431,C++14 (GCC 6-32),COMPILATION_ERROR,3668,1513701368,rejsuti1234,CONTESTANT,PRETESTS,0,0,0
902,A,33427600,C++14 (GCC 6-32),WRONG_ANSWER,3730,1513701430,rejsuti1234,CONTESTANT,PRETESTS,2,15,1945600
902,A,33427974,C++14 (GCC 6-32),WRONG_ANSWER,3865,1513701565,rejsuti1234,CONTESTANT,PRETESTS,2,15,1945600
902,A,33430160,C++14 (GCC 6-32),WRONG_ANSWER,4767,1513702467,rejsuti1234,CONTESTANT,PRETESTS,2,0,1945600
902,A,33413450,C++14 (GCC 6-32),OK,394,1513698094,renqiuyu,CONTESTANT,TESTS,55,30,3072000
902,B,33416827,C++14 (GCC 6-32),OK,919,1513698619,renqiuyu,CONTESTANT,TESTS,50,15,2764800
902,C,33422765,C++14 (GCC 6-32),WRONG_ANSWER,2201,1513699901,renqiuyu,CONTESTANT,PRETESTS,1,0,2252800
902,C,33426567,C++14 (GCC 6-32),OK,3348,1513701048,renqiuyu,CONTESTANT,TESTS,45,93,2355200
902,D,33430627,C++14 (GCC 6-32),OK,4962,1513702662,renqiuyu,CONTESTANT,TESTS,150,31,2048000
902,A,33426484,GNU C11,WRONG_ANSWER,3316,1513701016,renuka_gattem,CONTESTANT,PRETESTS,4,15,1843200
902,B,33416147,Python 3,RUNTIME_ERROR,805,1513698515,rep777,CONTESTANT,TESTS,17,499,47513600
902,A,33418159,Python 3,WRONG_ANSWER,1132,1513698842,rep777,CONTESTANT,PRETESTS,2,46,5529600
902,A,33419532,Python 3,WRONG_ANSWER,1406,1513699117,rep777,CONTESTANT,PRETESTS,0,46,5529600
902,A,33419782,Python 3,OK,1453,1513699163,rep777,CONTESTANT,TESTS,55,78,5529600
902,C,33423356,Python 3,OK,2355,1513700066,rep777,CONTESTANT,TESTS,45,1044,10956800
902,D,33429973,Python 3,WRONG_ANSWER,4674,1513702384,rep777,CONTESTANT,PRETESTS,6,61,5529600
902,D,33432006,Python 3,WRONG_ANSWER,5609,1513703320,rep777,CONTESTANT,PRETESTS,6,62,5529600
902,D,33433892,Python 3,WRONG_ANSWER,6509,1513704219,rep777,CONTESTANT,TESTS,12,62,5529600
902,A,33413284,C++14 (GCC 6-32),OK,365,1513698065,resolute,CONTESTANT,TESTS,55,15,1945600
902,B,33419674,C++14 (GCC 6-32),OK,1444,1513699144,resolute,CONTESTANT,TESTS,50,15,2457600
902,C,33428607,C++14 (GCC 6-32),WRONG_ANSWER,4118,1513701818,resolute,CONTESTANT,PRETESTS,3,15,1945600
902,C,33431182,C++14 (GCC 6-32),WRONG_ANSWER,5208,1513702908,resolute,CONTESTANT,PRETESTS,3,15,1945600
902,C,33433399,C++14 (GCC 6-32),RUNTIME_ERROR,6294,1513703994,resolute,CONTESTANT,PRETESTS,12,15,1945600
902,C,33433505,C++14 (GCC 6-32),OK,6334,1513704034,resolute,CONTESTANT,TESTS,45,93,4300800
902,A,33414344,C++14 (GCC 6-32),WRONG_ANSWER,530,1513698241,restart__,CONTESTANT,PRETESTS,4,15,9932800
902,B,33420291,C++14 (GCC 6-32),OK,1566,1513699277,restart__,CONTESTANT,TESTS,50,31,23552000
902,A,33422985,C++14 (GCC 6-32),WRONG_ANSWER,2244,1513699955,restart__,CONTESTANT,PRETESTS,2,15,1843200
902,A,33425958,C++14 (GCC 6-32),OK,3128,1513700838,restart__,CONTESTANT,TESTS,55,15,1945600
902,A,33413773,GNU C++,WRONG_ANSWER,451,1513698151,return_zero,CONTESTANT,PRETESTS,4,15,2048000
902,A,33414648,GNU C++,WRONG_ANSWER,590,1513698290,return_zero,CONTESTANT,PRETESTS,4,15,2048000
902,A,33417227,GNU C++,OK,987,1513698687,return_zero,CONTESTANT,TESTS,55,15,2048000
902,B,33421149,GNU C++,OK,1781,1513699481,return_zero,CONTESTANT,TESTS,50,15,2457600
902,C,33427798,GNU C++,WRONG_ANSWER,3804,1513701504,return_zero,CONTESTANT,PRETESTS,1,15,3276800
902,C,33431972,GNU C++,WRONG_ANSWER,5603,1513703303,return_zero,CONTESTANT,PRETESTS,1,0,3276800
902,C,33433712,GNU C++,WRONG_ANSWER,6430,1513704130,return_zero,CONTESTANT,PRETESTS,1,0,4505600
902,A,33416239,GNU C++,WRONG_ANSWER,827,1513698527,reviewluminous,CONTESTANT,PRETESTS,1,0,2048000
902,A,33421798,GNU C++,WRONG_ANSWER,1939,1513699639,reviewluminous,CONTESTANT,PRETESTS,4,15,2048000
902,A,33423802,GNU C++,WRONG_ANSWER,2492,1513700192,reviewluminous,CONTESTANT,PRETESTS,4,15,2048000
902,A,33425734,GNU C++,WRONG_ANSWER,3066,1513700766,reviewluminous,CONTESTANT,PRETESTS,3,15,2048000
902,C,33423784,C++14 (GCC 6-32),WRONG_ANSWER,2489,1513700189,revival,CONTESTANT,PRETESTS,5,15,4300800
902,C,33428205,C++14 (GCC 6-32),WRONG_ANSWER,3958,1513701658,revival,CONTESTANT,PRETESTS,5,15,4300800
902,A,33427644,C++14 (GCC 6-32),WRONG_ANSWER,3735,1513701446,rezapa99,CONTESTANT,PRETESTS,2,15,1843200
902,A,33432068,C++14 (GCC 6-32),WRONG_ANSWER,5634,1513703344,rezapa99,CONTESTANT,PRETESTS,3,15,1843200
902,A,33433506,C++14 (GCC 6-32),WRONG_ANSWER,6324,1513704034,rezapa99,CONTESTANT,PRETESTS,3,0,1843200
902,A,33422294,C++14 (GCC 6-32),WRONG_ANSWER,2062,1513699762,rezcoder_,CONTESTANT,PRETESTS,2,0,1843200
902,A,33429994,C++14 (GCC 6-32),WRONG_ANSWER,4693,1513702393,rezcoder_,CONTESTANT,PRETESTS,2,0,1843200
902,A,33416744,GNU C++11,WRONG_ANSWER,906,1513698606,rht20,CONTESTANT,PRETESTS,2,0,2048000
902,A,33417314,GNU C++11,WRONG_ANSWER,1000,1513698700,rht20,CONTESTANT,PRETESTS,2,0,2048000
902,A,33421197,GNU C++11,WRONG_ANSWER,1793,1513699493,rht20,CONTESTANT,PRETESTS,5,15,2048000
902,A,33422696,GNU C++11,WRONG_ANSWER,2180,1513699881,rht20,CONTESTANT,PRETESTS,5,15,2048000
902,A,33424730,GNU C++11,OK,2750,1513700450,rht20,CONTESTANT,TESTS,55,15,2048000
902,B,33427412,GNU C++11,OK,3661,1513701361,rht20,CONTESTANT,TESTS,50,31,4096000
902,C,33434499,GNU C++11,WRONG_ANSWER,6805,1513704505,rht20,CONTESTANT,PRETESTS,1,15,6041600
902,A,33418345,MS C++,WRONG_ANSWER,1175,1513698875,richard0326,CONTESTANT,PRETESTS,3,15,2048000
902,A,33419163,MS C++,OK,1343,1513699043,richard0326,CONTESTANT,TESTS,55,15,2048000
902,B,33424524,MS C++,OK,2694,1513700394,richard0326,CONTESTANT,TESTS,50,249,2457600
902,A,33417019,GNU C++11,OK,948,1513698648,ricky_shen,CONTESTANT,TESTS,55,30,2048000
902,B,33419644,GNU C++11,OK,1438,1513699138,ricky_shen,CONTESTANT,TESTS,50,233,2457600
902,C,33426423,GNU C++11,OK,3296,1513700996,ricky_shen,CONTESTANT,TESTS,45,249,5427200
902,A,33413715,C++14 (GCC 6-32),OK,441,1513698141,rigzsingh,CONTESTANT,TESTS,55,15,5222400
902,B,33421171,C++14 (GCC 6-32),WRONG_ANSWER,1787,1513699487,rigzsingh,CONTESTANT,TESTS,14,30,2355200
902,C,33426709,C++14 (GCC 6-32),WRONG_ANSWER,3404,1513701104,rigzsingh,CONTESTANT,PRETESTS,1,0,1843200
902,C,33429439,C++14 (GCC 6-32),WRONG_ANSWER,4460,1513702160,rigzsingh,CONTESTANT,PRETESTS,3,15,1843200
902,A,33423277,Python 3,WRONG_ANSWER,2346,1513700046,rinem,CONTESTANT,PRETESTS,2,46,5529600
902,A,33426468,Python 3,WRONG_ANSWER,3310,1513701010,rinem,CONTESTANT,PRETESTS,2,77,5529600
902,A,33417667,Go,OK,1051,1513698762,risenrigel,CONTESTANT,TESTS,55,31,24883200
902,B,33427694,Go,MEMORY_LIMIT_EXCEEDED,3754,1513701465,risenrigel,CONTESTANT,PRETESTS,5,31,268390400
902,B,33429198,Go,WRONG_ANSWER,4347,1513702057,risenrigel,CONTESTANT,PRETESTS,9,15,24678400
902,A,33414037,C++14 (GCC 6-32),WRONG_ANSWER,495,1513698195,rishabh05,CONTESTANT,PRETESTS,2,0,1843200
902,A,33415986,C++14 (GCC 6-32),WRONG_ANSWER,791,1513698491,rishabh05,CONTESTANT,TESTS,47,15,1945600
902,B,33421881,C++14 (GCC 6-32),OK,1960,1513699660,rishabh05,CONTESTANT,TESTS,50,15,2457600
902,C,33435126,C++14 (GCC 6-32),WRONG_ANSWER,7042,1513704742,rishabh05,CONTESTANT,PRETESTS,1,0,4300800
902,A,33422724,C++14 (GCC 6-32),WRONG_ANSWER,2189,1513699889,rishabhm123,CONTESTANT,TESTS,11,15,1945600
902,B,33430269,C++14 (GCC 6-32),OK,4807,1513702507,rishabhm123,CONTESTANT,TESTS,50,202,2560000
902,A,33413384,C++14 (GCC 6-32),WRONG_ANSWER,381,1513698081,rishi_07,CONTESTANT,PRETESTS,3,15,1945600
902,A,33413749,C++14 (GCC 6-32),OK,445,1513698145,rishi_07,CONTESTANT,TESTS,55,15,1945600
902,B,33420118,C++14 (GCC 6-32),OK,1539,1513699239,rishi_07,CONTESTANT,TESTS,50,30,6553600
902,C,33427256,C++14 (GCC 6-32),OK,3605,1513701305,rishi_07,CONTESTANT,TESTS,45,109,3891200
902,A,33414686,C++14 (GCC 6-32),OK,593,1513698293,rishshah,CONTESTANT,TESTS,55,15,1945600
902,B,33422230,C++14 (GCC 6-32),OK,2045,1513699745,rishshah,CONTESTANT,TESTS,50,15,2457600
902,C,33428586,C++14 (GCC 6-32),OK,4109,1513701809,rishshah,CONTESTANT,TESTS,45,93,2252800
902,A,33414136,C++14 (GCC 6-32),OK,499,1513698209,river11355,CONTESTANT,TESTS,55,15,1945600
902,B,33419538,C++14 (GCC 6-32),OK,1407,1513699117,river11355,CONTESTANT,TESTS,50,15,2457600
902,C,33426011,C++14 (GCC 6-32),WRONG_ANSWER,3144,1513700855,river11355,CONTESTANT,TESTS,16,93,5939200
902,A,33418716,GNU C++,WRONG_ANSWER,1245,1513698945,riya_goyal,CONTESTANT,PRETESTS,5,15,2048000
902,A,33419300,GNU C++11,OK,1368,1513699068,rizvianikcse13,CONTESTANT,TESTS,55,15,2150400
902,B,33431600,GNU C++11,OK,5408,1513703108,rizvianikcse13,CONTESTANT,TESTS,50,202,2457600
902,A,33413327,C++14 (GCC 6-32),OK,371,1513698071,rmm_0304,CONTESTANT,TESTS,55,31,1945600
902,B,33419770,C++14 (GCC 6-32),OK,1460,1513699160,rmm_0304,CONTESTANT,TESTS,50,15,2355200
902,C,33428472,C++14 (GCC 6-32),OK,4060,1513701760,rmm_0304,CONTESTANT,TESTS,45,108,2662400
902,D,33435135,C++14 (GCC 6-32),WRONG_ANSWER,7045,1513704745,rmm_0304,CONTESTANT,PRETESTS,2,15,1843200
902,A,33420466,GNU C++,OK,1617,1513699317,roamingAlpaca,CONTESTANT,TESTS,55,15,2048000
902,B,33430686,GNU C++,OK,4989,1513702689,roamingAlpaca,CONTESTANT,TESTS,50,31,2150400
902,A,33416530,C++14 (GCC 6-32),WRONG_ANSWER,872,1513698572,robin_aust,CONTESTANT,PRETESTS,4,0,1945600
902,A,33417244,C++14 (GCC 6-32),WRONG_ANSWER,989,1513698689,robin_aust,CONTESTANT,PRETESTS,4,15,1945600
902,A,33419504,C++14 (GCC 6-32),WRONG_ANSWER,1409,1513699109,robin_aust,CONTESTANT,PRETESTS,0,0,1945600
902,A,33420178,C++14 (GCC 6-32),WRONG_ANSWER,1552,1513699252,robin_aust,CONTESTANT,PRETESTS,3,15,1945600
902,A,33425902,C++14 (GCC 6-32),WRONG_ANSWER,3120,1513700820,robin_aust,CONTESTANT,PRETESTS,1,15,1945600
902,A,33426019,C++14 (GCC 6-32),WRONG_ANSWER,3156,1513700856,robin_aust,CONTESTANT,PRETESTS,3,15,1945600
902,A,33427543,C++14 (GCC 6-32),OK,3711,1513701411,robin_aust,CONTESTANT,TESTS,55,15,1945600
902,A,33414036,GNU C++11,WRONG_ANSWER,494,1513698194,robincse14,CONTESTANT,PRETESTS,2,0,2048000
902,A,33416533,GNU C++11,OK,873,1513698573,robincse14,CONTESTANT,TESTS,55,31,2048000
902,B,33422939,GNU C++11,OK,2246,1513699946,robincse14,CONTESTANT,TESTS,50,15,2560000
902,A,33413533,C++14 (GCC 6-32),WRONG_ANSWER,399,1513698109,rock19,CONTESTANT,PRETESTS,2,15,1843200
902,A,33418208,C++14 (GCC 6-32),TIME_LIMIT_EXCEEDED,1140,1513698851,rock19,CONTESTANT,PRETESTS,2,1000,1945600
902,A,33419588,C++14 (GCC 6-32),OK,1419,1513699130,rock19,CONTESTANT,TESTS,55,15,1945600
902,B,33424275,C++14 (GCC 6-32),WRONG_ANSWER,2605,1513700316,rock19,CONTESTANT,PRETESTS,5,15,2560000
902,B,33425443,C++14 (GCC 6-32),OK,2963,1513700673,rock19,CONTESTANT,TESTS,50,30,2764800
902,C,33430009,C++14 (GCC 6-32),OK,4689,1513702400,rock19,CONTESTANT,TESTS,45,93,2662400
902,D,33431820,C++14 (GCC 6-32),WRONG_ANSWER,5519,1513703229,rock19,CONTESTANT,PRETESTS,0,15,1843200
902,D,33432236,C++14 (GCC 6-32),WRONG_ANSWER,5721,1513703431,rock19,CONTESTANT,PRETESTS,2,15,1843200
902,A,33416991,C++14 (GCC 6-32),WRONG_ANSWER,932,1513698643,rohan1506,CONTESTANT,PRETESTS,2,15,1843200
902,A,33418273,C++14 (GCC 6-32),WRONG_ANSWER,1153,1513698864,rohan1506,CONTESTANT,PRETESTS,2,0,1945600
902,A,33420050,C++14 (GCC 6-32),WRONG_ANSWER,1513,1513699223,rohan1506,CONTESTANT,PRETESTS,1,0,1843200
902,A,33420788,C++14 (GCC 6-32),WRONG_ANSWER,1685,1513699396,rohan1506,CONTESTANT,PRETESTS,4,15,1843200
902,A,33424671,C++14 (GCC 6-32),WRONG_ANSWER,2726,1513700436,rohan1506,CONTESTANT,PRETESTS,4,15,1945600
902,A,33429012,C++14 (GCC 6-32),WRONG_ANSWER,4272,1513701983,rohan1506,CONTESTANT,PRETESTS,5,15,1945600
902,A,33413363,C++14 (GCC 6-32),WRONG_ANSWER,378,1513698078,rohank196196,CONTESTANT,TESTS,47,15,1945600
902,B,33420257,C++14 (GCC 6-32),OK,1570,1513699270,rohank196196,CONTESTANT,TESTS,50,31,2764800
902,C,33428090,C++14 (GCC 6-32),WRONG_ANSWER,3913,1513701613,rohank196196,CONTESTANT,PRETESTS,1,15,1843200
902,C,33429558,C++14 (GCC 6-32),OK,4512,1513702212,rohank196196,CONTESTANT,TESTS,45,124,11264000
902,A,33421240,C++14 (GCC 6-32),OK,1802,1513699502,rohijulislam,CONTESTANT,TESTS,55,15,1945600
902,A,33417433,C++14 (GCC 6-32),WRONG_ANSWER,1008,1513698719,rohit.surana3008,CONTESTANT,PRETESTS,2,0,1843200
902,A,33419823,C++14 (GCC 6-32),WRONG_ANSWER,1463,1513699174,rohit.surana3008,CONTESTANT,PRETESTS,2,15,1843200
902,A,33420602,C++14 (GCC 6-32),WRONG_ANSWER,1638,1513699349,rohit.surana3008,CONTESTANT,PRETESTS,2,30,1945600
902,A,33422403,C++14 (GCC 6-32),WRONG_ANSWER,2090,1513699801,rohit.surana3008,CONTESTANT,PRETESTS,2,15,1843200
902,A,33415215,C++14 (GCC 6-32),WRONG_ANSWER,678,1513698378,rohit_l,CONTESTANT,PRETESTS,0,0,1843200
902,A,33416069,C++14 (GCC 6-32),OK,801,1513698501,rohit_l,CONTESTANT,TESTS,55,15,1945600
902,B,33422653,C++14 (GCC 6-32),OK,2170,1513699870,rohit_l,CONTESTANT,TESTS,50,15,1945600
902,C,33427951,C++14 (GCC 6-32),WRONG_ANSWER,3857,1513701557,rohit_l,CONTESTANT,PRETESTS,4,0,1945600
902,C,33428728,C++14 (GCC 6-32),OK,4171,1513701871,rohit_l,CONTESTANT,TESTS,45,92,2252800
902,A,33414330,C++14 (GCC 6-32),WRONG_ANSWER,538,1513698238,rohitthapliyal,CONTESTANT,PRETESTS,2,15,1843200
902,A,33415503,C++14 (GCC 6-32),WRONG_ANSWER,722,1513698422,rohitthapliyal,CONTESTANT,PRETESTS,3,15,1945600
902,A,33418794,C++14 (GCC 6-32),WRONG_ANSWER,1260,1513698960,rohitthapliyal,CONTESTANT,PRETESTS,4,15,1945600
902,A,33420377,C++14 (GCC 6-32),WRONG_ANSWER,1596,1513699296,rohitthapliyal,CONTESTANT,PRETESTS,4,15,1945600
902,A,33420714,C++14 (GCC 6-32),WRONG_ANSWER,1676,1513699376,romaa_3,CONTESTANT,PRETESTS,0,0,1843200
902,A,33421463,GNU C++11,WRONG_ANSWER,1858,1513699558,romanovkirill,CONTESTANT,PRETESTS,2,15,2048000
902,A,33425497,GNU C++11,WRONG_ANSWER,2990,1513700690,romanovkirill,CONTESTANT,PRETESTS,3,15,2048000
902,A,33425772,GNU C++11,CHALLENGED,3080,1513700780,romanovkirill,CONTESTANT,CHALLENGES,8,15,2048000
902,A,33426489,GNU C++11,WRONG_ANSWER,3319,1513701019,romanovkirill,CONTESTANT,PRETESTS,0,0,2048000
902,A,33427324,GNU C++11,RUNTIME_ERROR,3636,1513701336,romanovkirill,CONTESTANT,PRETESTS,0,15,2048000
902,A,33427397,GNU C++11,OK,3657,1513701357,romanovkirill,CONTESTANT,TESTS,55,15,2048000
902,B,33432000,GNU C++11,RUNTIME_ERROR,5619,1513703319,romanovkirill,CONTESTANT,PRETESTS,0,0,2048000
902,B,33432145,GNU C++11,OK,5687,1513703387,romanovkirill,CONTESTANT,TESTS,50,46,2457600
902,A,33413693,C++14 (GCC 6-32),OK,438,1513698138,romanovsavelij,CONTESTANT,TESTS,55,15,1945600
902,B,33419089,C++14 (GCC 6-32),OK,1329,1513699029,romanovsavelij,CONTESTANT,TESTS,50,46,2560000
902,C,33424391,C++14 (GCC 6-32),OK,2650,1513700350,romanovsavelij,CONTESTANT,TESTS,45,155,2355200
902,A,33413516,C++14 (GCC 6-32),OK,396,1513698107,romanychev,CONTESTANT,TESTS,55,15,1945600
902,B,33420241,C++14 (GCC 6-32),OK,1558,1513699268,romanychev,CONTESTANT,TESTS,50,30,2764800
902,C,33430730,C++14 (GCC 6-32),WRONG_ANSWER,4996,1513702706,romanychev,CONTESTANT,PRETESTS,1,0,1945600
902,C,33431135,C++14 (GCC 6-32),WRONG_ANSWER,5169,1513702879,romanychev,CONTESTANT,PRETESTS,1,0,1945600
902,C,33431477,C++14 (GCC 6-32),WRONG_ANSWER,5339,1513703050,romanychev,CONTESTANT,PRETESTS,3,15,1945600
902,C,33432655,C++14 (GCC 6-32),WRONG_ANSWER,5934,1513703644,romanychev,CONTESTANT,TESTS,37,108,4300800
902,A,33414464,C++14 (GCC 6-32),WRONG_ANSWER,560,1513698260,romasimperm,CONTESTANT,PRETESTS,2,15,1945600
902,A,33422989,C++14 (GCC 6-32),OK,2255,1513699955,romasimperm,CONTESTANT,TESTS,55,15,1945600
902,A,33413072,GNU C++,OK,324,1513698024,ronin,CONTESTANT,TESTS,55,30,2867200
902,B,33418309,GNU C++,OK,1169,1513698869,ronin,CONTESTANT,TESTS,50,46,4505600
902,C,33424270,GNU C++,OK,2614,1513700314,ronin,CONTESTANT,TESTS,45,327,2867200
902,D,33434027,GNU C++,OK,6594,1513704294,ronin,CONTESTANT,TESTS,150,30,2150400
902,A,33421143,GNU C++11,WRONG_ANSWER,1770,1513699480,rony160136rr,CONTESTANT,PRETESTS,5,15,2048000
902,A,33432805,GNU C++11,WRONG_ANSWER,6004,1513703715,rony160136rr,CONTESTANT,PRETESTS,0,0,2048000
902,A,33413350,GNU C++,WRONG_ANSWER,376,1513698076,root4,CONTESTANT,PRETESTS,2,15,2048000
902,A,33420061,GNU C++,OK,1526,1513699226,root4,CONTESTANT,TESTS,55,15,2150400
902,B,33424688,GNU C++,RUNTIME_ERROR,2740,1513700440,root4,CONTESTANT,PRETESTS,5,15,6041600
902,B,33426072,GNU C++,MEMORY_LIMIT_EXCEEDED,3179,1513700879,root4,CONTESTANT,PRETESTS,0,0,268390400
902,B,33427093,GNU C++,OK,3542,1513701242,root4,CONTESTANT,TESTS,50,218,2457600
902,A,33414346,C++14 (GCC 6-32),WRONG_ANSWER,541,1513698241,roy,CONTESTANT,PRETESTS,2,15,1843200
902,A,33416225,C++14 (GCC 6-32),WRONG_ANSWER,825,1513698525,roy,CONTESTANT,PRETESTS,4,15,1843200
902,A,33419236,C++14 (GCC 6-32),OK,1347,1513699058,roy,CONTESTANT,TESTS,55,15,1945600
902,B,33425451,C++14 (GCC 6-32),OK,2977,1513700677,roy,CONTESTANT,TESTS,50,280,2560000
902,C,33435657,C++14 (GCC 6-32),WRONG_ANSWER,7193,1513704893,roy,CONTESTANT,PRETESTS,1,0,6656000
902,A,33417328,C++14 (GCC 6-32),WRONG_ANSWER,1002,1513698702,royaldragon,CONTESTANT,TESTS,16,15,3481600
902,B,33421237,C++14 (GCC 6-32),OK,1801,1513699501,royaldragon,CONTESTANT,TESTS,50,46,4608000
902,A,33413477,GNU C++11,WRONG_ANSWER,398,1513698098,rprtr300,CONTESTANT,PRETESTS,3,15,2048000
902,A,33414314,GNU C++11,OK,536,1513698236,rprtr300,CONTESTANT,TESTS,55,31,2048000
902,B,33417252,GNU C++11,OK,990,1513698690,rprtr300,CONTESTANT,TESTS,50,31,2560000
902,D,33422462,GNU C++11,WRONG_ANSWER,2116,1513699816,rprtr300,CONTESTANT,PRETESTS,2,15,2048000
902,D,33423973,GNU C++11,WRONG_ANSWER,2539,1513700239,rprtr300,CONTESTANT,PRETESTS,2,15,2048000
902,C,33429330,GNU C++11,WRONG_ANSWER,4409,1513702109,rprtr300,CONTESTANT,PRETESTS,1,15,4505600
902,C,33429425,GNU C++11,WRONG_ANSWER,4452,1513702152,rprtr300,CONTESTANT,PRETESTS,1,0,4505600
902,C,33429508,GNU C++11,WRONG_ANSWER,4489,1513702189,rprtr300,CONTESTANT,PRETESTS,5,15,4505600
902,C,33429892,GNU C++11,WRONG_ANSWER,4647,1513702347,rprtr300,CONTESTANT,PRETESTS,4,15,4505600
902,C,33429936,GNU C++11,WRONG_ANSWER,4666,1513702366,rprtr300,CONTESTANT,PRETESTS,4,15,4505600
902,C,33431860,GNU C++11,WRONG_ANSWER,5549,1513703249,rprtr300,CONTESTANT,PRETESTS,4,15,4505600
902,A,33427531,C++14 (GCC 6-32),WRONG_ANSWER,3709,1513701409,rpsg35,CONTESTANT,PRETESTS,0,0,1843200
902,A,33428186,C++14 (GCC 6-32),WRONG_ANSWER,3950,1513701650,rpsg35,CONTESTANT,PRETESTS,0,0,1843200
902,A,33428361,C++14 (GCC 6-32),OK,4014,1513701714,rpsg35,CONTESTANT,TESTS,55,15,1945600
902,A,33413122,GNU C++11,WRONG_ANSWER,335,1513698035,rrah97,CONTESTANT,PRETESTS,3,15,2048000
902,A,33413487,GNU C++11,WRONG_ANSWER,400,1513698100,rrah97,CONTESTANT,PRETESTS,4,15,2048000
902,A,33416100,GNU C++11,OK,806,1513698506,rrah97,CONTESTANT,TESTS,55,15,2048000
902,B,33421605,GNU C++11,OK,1892,1513699592,rrah97,CONTESTANT,TESTS,50,30,3993600
902,A,33414864,C++14 (GCC 6-32),OK,626,1513698326,rranjan,CONTESTANT,TESTS,55,15,1945600
902,B,33421220,C++14 (GCC 6-32),OK,1798,1513699498,rranjan,CONTESTANT,TESTS,50,46,3993600
902,C,33429983,C++14 (GCC 6-32),OK,4688,1513702388,rranjan,CONTESTANT,TESTS,45,93,8806400
902,A,33427024,Java 8,OK,3513,1513701213,rrezahatam,CONTESTANT,TESTS,55,155,20889600
902,B,33435259,Java 8,OK,7090,1513704790,rrezahatam,CONTESTANT,TESTS,50,748,21196800
902,A,33414373,C++14 (GCC 6-32),OK,545,1513698245,rsazid99,CONTESTANT,TESTS,55,15,1945600
902,B,33420449,C++14 (GCC 6-32),OK,1613,1513699313,rsazid99,CONTESTANT,TESTS,50,15,3891200
902,C,33431951,C++14 (GCC 6-32),WRONG_ANSWER,5592,1513703292,rsazid99,CONTESTANT,PRETESTS,1,15,4710400
902,C,33435605,C++14 (GCC 6-32),WRONG_ANSWER,7184,1513704884,rsazid99,CONTESTANT,PRETESTS,1,15,11161600
902,A,33419166,C++14 (GCC 6-32),WRONG_ANSWER,1333,1513699043,rsingh20,CONTESTANT,PRETESTS,2,15,1843200
902,A,33420505,C++14 (GCC 6-32),WRONG_ANSWER,1626,1513699326,rsingh20,CONTESTANT,PRETESTS,2,15,1843200
902,A,33422862,C++14 (GCC 6-32),WRONG_ANSWER,2225,1513699925,rsingh20,CONTESTANT,PRETESTS,2,15,1843200
902,A,33423700,C++14 (GCC 6-32),WRONG_ANSWER,2462,1513700162,rsingh20,CONTESTANT,PRETESTS,2,0,1945600
902,A,33429215,C++14 (GCC 6-32),WRONG_ANSWER,4364,1513702064,rsingh20,CONTESTANT,PRETESTS,2,15,1843200
902,A,33419288,GNU C++,WRONG_ANSWER,1365,1513699065,rtwk.kumar,CONTESTANT,PRETESTS,1,15,2048000
902,A,33425031,GNU C++,WRONG_ANSWER,2841,1513700541,rtwk.kumar,CONTESTANT,PRETESTS,0,0,2048000
902,A,33425693,GNU C++,OK,3054,1513700754,rtwk.kumar,CONTESTANT,TESTS,55,15,2048000
902,A,33413497,C++14 (GCC 6-32),WRONG_ANSWER,404,1513698104,ru_98,CONTESTANT,PRETESTS,2,15,1843200
902,A,33414223,C++14 (GCC 6-32),WRONG_ANSWER,522,1513698222,ru_98,CONTESTANT,PRETESTS,3,0,1843200
902,A,33417637,C++14 (GCC 6-32),WRONG_ANSWER,1057,1513698757,ru_98,CONTESTANT,PRETESTS,4,15,1945600
902,B,33421226,C++14 (GCC 6-32),WRONG_ANSWER,1799,1513699499,ru_98,CONTESTANT,PRETESTS,3,15,1945600
902,A,33421929,C++14 (GCC 6-32),WRONG_ANSWER,1974,1513699674,ru_98,CONTESTANT,PRETESTS,4,15,1843200
902,B,33422388,C++14 (GCC 6-32),OK,2095,1513699795,ru_98,CONTESTANT,TESTS,50,31,1945600
902,A,33423808,C++14 (GCC 6-32),WRONG_ANSWER,2493,1513700193,ru_98,CONTESTANT,PRETESTS,4,15,1945600
902,A,33426726,C++14 (GCC 6-32),WRONG_ANSWER,3409,1513701109,ru_98,CONTESTANT,PRETESTS,4,0,1945600
902,A,33429177,C++14 (GCC 6-32),CHALLENGED,4347,1513702047,ru_98,CONTESTANT,CHALLENGES,8,15,1945600
902,C,33433903,C++14 (GCC 6-32),OK,6524,1513704224,ru_98,CONTESTANT,TESTS,45,77,2662400
902,A,33413912,Delphi,OK,462,1513698173,ruban,CONTESTANT,TESTS,55,15,34611200
902,B,33420510,Delphi,OK,1618,1513699329,ruban,CONTESTANT,TESTS,50,15,197529600
902,C,33427426,Delphi,OK,3656,1513701367,ruban,CONTESTANT,TESTS,45,108,50585600
902,D,33432919,Delphi,WRONG_ANSWER,6064,1513703774,ruban,CONTESTANT,PRETESTS,0,0,2560000
902,D,33433078,Delphi,WRONG_ANSWER,6137,1513703848,ruban,CONTESTANT,PRETESTS,2,0,2560000
902,D,33435029,Delphi,WRONG_ANSWER,7004,1513704715,ruban,CONTESTANT,TESTS,10,15,18534400
902,A,33416005,Python 3,RUNTIME_ERROR,782,1513698492,rubel_hosen,CONTESTANT,PRETESTS,3,46,5529600
902,A,33415071,GNU C++,OK,657,1513698357,ruddradev,CONTESTANT,TESTS,55,15,2048000
902,A,33412951,GNU C++11,WRONG_ANSWER,298,1513697998,rudr,CONTESTANT,PRETESTS,2,0,2048000
902,A,33413507,GNU C++11,WRONG_ANSWER,405,1513698105,rudr,CONTESTANT,PRETESTS,2,0,2048000
902,A,33414794,GNU C++11,WRONG_ANSWER,612,1513698313,rudr,CONTESTANT,PRETESTS,2,0,2048000
902,A,33417583,GNU C++11,OK,1047,1513698747,rudr,CONTESTANT,TESTS,55,15,2048000
902,B,33426552,GNU C++11,SKIPPED,3342,1513701042,rudr,CONTESTANT,PRETESTS,10,30,4198400
902,C,33432059,GNU C++11,WRONG_ANSWER,5640,1513703340,rudr,CONTESTANT,PRETESTS,1,15,6041600
902,C,33433325,GNU C++11,WRONG_ANSWER,6258,1513703958,rudr,CONTESTANT,PRETESTS,3,15,6041600
902,C,33433485,GNU C++11,OK,6327,1513704027,rudr,CONTESTANT,TESTS,45,280,9523200
902,B,33433900,GNU C++11,OK,6523,1513704223,rudr,CONTESTANT,TESTS,50,296,5836800
902,A,33414254,C++14 (GCC 6-32),WRONG_ANSWER,516,1513698227,rudrakh97,CONTESTANT,PRETESTS,2,15,1945600
902,A,33415313,C++14 (GCC 6-32),WRONG_ANSWER,683,1513698394,rudrakh97,CONTESTANT,PRETESTS,2,15,1945600
902,A,33415543,C++14 (GCC 6-32),WRONG_ANSWER,717,1513698427,rudrakh97,CONTESTANT,PRETESTS,2,0,1945600
902,A,33418342,C++14 (GCC 6-32),OK,1165,1513698875,rudrakh97,CONTESTANT,TESTS,55,30,1945600
902,B,33425299,C++14 (GCC 6-32),OK,2915,1513700625,rudrakh97,CONTESTANT,TESTS,50,46,2457600
902,C,33431071,C++14 (GCC 6-32),OK,5141,1513702851,rudrakh97,CONTESTANT,TESTS,45,156,2252800
902,D,33433417,C++14 (GCC 6-32),WRONG_ANSWER,6292,1513704002,rudrakh97,CONTESTANT,PRETESTS,1,15,1843200
902,D,33433737,C++14 (GCC 6-32),WRONG_ANSWER,6431,1513704142,rudrakh97,CONTESTANT,PRETESTS,0,0,1843200
902,D,33434007,C++14 (GCC 6-32),WRONG_ANSWER,6571,1513704282,rudrakh97,CONTESTANT,PRETESTS,2,15,1843200
902,D,33434368,C++14 (GCC 6-32),WRONG_ANSWER,6735,1513704445,rudrakh97,CONTESTANT,PRETESTS,0,15,1843200
902,D,33435313,C++14 (GCC 6-32),WRONG_ANSWER,7097,1513704808,rudrakh97,CONTESTANT,PRETESTS,0,0,1945600
902,D,33435398,C++14 (GCC 6-32),WRONG_ANSWER,7122,1513704833,rudrakh97,CONTESTANT,PRETESTS,0,15,1843200
902,A,33420284,GNU C++11,OK,1575,1513699275,ruoran,CONTESTANT,TESTS,55,15,2048000
902,B,33424741,GNU C++11,OK,2755,1513700455,ruoran,CONTESTANT,TESTS,50,31,2867200
902,C,33429871,GNU C++11,RUNTIME_ERROR,4641,1513702341,ruoran,CONTESTANT,TESTS,13,156,2867200
902,A,33413922,Java 8,WRONG_ANSWER,475,1513698175,rupert21,CONTESTANT,PRETESTS,4,109,20684800
902,A,33415417,Java 8,WRONG_ANSWER,708,1513698408,rupert21,CONTESTANT,PRETESTS,4,109,20684800
902,A,33417965,Java 8,WRONG_ANSWER,1110,1513698810,rupert21,CONTESTANT,PRETESTS,2,109,20684800
902,A,33421681,Java 8,WRONG_ANSWER,1911,1513699611,rupert21,CONTESTANT,PRETESTS,4,109,20684800
902,A,33423995,Java 8,WRONG_ANSWER,2544,1513700244,rupert21,CONTESTANT,PRETESTS,2,93,20684800
902,A,33424331,Java 8,WRONG_ANSWER,2631,1513700331,rupert21,CONTESTANT,PRETESTS,0,93,20582400
902,A,33424517,Java 8,WRONG_ANSWER,2691,1513700391,rupert21,CONTESTANT,PRETESTS,3,124,20582400
902,A,33425931,Java 8,OK,3129,1513700829,rupert21,CONTESTANT,TESTS,55,139,20684800
902,B,33430749,Java 8,OK,5015,1513702715,rupert21,CONTESTANT,TESTS,50,140,20684800
902,C,33434963,Java 8,WRONG_ANSWER,6991,1513704691,rupert21,CONTESTANT,PRETESTS,2,124,20684800
902,C,33435337,Java 8,WRONG_ANSWER,7115,1513704815,rupert21,CONTESTANT,PRETESTS,2,109,20684800
902,A,33416180,C++14 (GCC 6-32),COMPILATION_ERROR,819,1513698519,rusins,CONTESTANT,PRETESTS,0,0,0
902,A,33416479,C++14 (GCC 6-32),OK,865,1513698565,rusins,CONTESTANT,TESTS,55,15,1945600
902,B,33419838,C++14 (GCC 6-32),OK,1475,1513699175,rusins,CONTESTANT,TESTS,50,31,2560000
902,C,33427404,C++14 (GCC 6-32),WRONG_ANSWER,3659,1513701359,rusins,CONTESTANT,PRETESTS,4,15,3891200
902,C,33428590,C++14 (GCC 6-32),OK,4111,1513701811,rusins,CONTESTANT,TESTS,45,78,3891200
902,A,33415039,C++14 (GCC 6-32),OK,642,1513698352,rustemislamov,CONTESTANT,TESTS,55,15,1945600
902,B,33423831,C++14 (GCC 6-32),SKIPPED,2489,1513700199,rustemislamov,CONTESTANT,PRETESTS,10,30,2457600
902,B,33423868,C++14 (GCC 6-32),OK,2498,1513700208,rustemislamov,CONTESTANT,TESTS,50,46,2560000
902,C,33431802,C++14 (GCC 6-32),WRONG_ANSWER,5507,1513703218,rustemislamov,CONTESTANT,PRETESTS,1,0,1843200
902,C,33432066,C++14 (GCC 6-32),WRONG_ANSWER,5633,1513703343,rustemislamov,CONTESTANT,PRETESTS,3,15,1843200
902,C,33432266,C++14 (GCC 6-32),WRONG_ANSWER,5735,1513703445,rustemislamov,CONTESTANT,PRETESTS,3,15,1945600
902,C,33433781,C++14 (GCC 6-32),WRONG_ANSWER,6451,1513704161,rustemislamov,CONTESTANT,PRETESTS,1,15,1843200
902,C,33434570,C++14 (GCC 6-32),OK,6821,1513704531,rustemislamov,CONTESTANT,TESTS,45,186,2355200
902,A,33413120,C++14 (GCC 6-32),WRONG_ANSWER,335,1513698035,rvsmr,CONTESTANT,PRETESTS,2,15,1945600
902,A,33413808,C++14 (GCC 6-32),OK,456,1513698156,rvsmr,CONTESTANT,TESTS,55,15,1945600
902,B,33422422,C++14 (GCC 6-32),OK,2105,1513699805,rvsmr,CONTESTANT,TESTS,50,218,2457600
902,A,33412712,GNU C++11,WRONG_ANSWER,213,1513697913,rwk_03,CONTESTANT,PRETESTS,2,0,2048000
902,A,33413335,GNU C++11,WRONG_ANSWER,372,1513698072,rwk_03,CONTESTANT,PRETESTS,1,0,2048000
902,A,33415303,GNU C++11,OK,692,1513698392,rwk_03,CONTESTANT,TESTS,55,15,2048000
902,B,33421177,GNU C++11,OK,1787,1513699487,rwk_03,CONTESTANT,TESTS,50,15,2560000
902,C,33428166,GNU C++11,WRONG_ANSWER,3943,1513701643,rwk_03,CONTESTANT,PRETESTS,1,0,2048000
902,C,33429171,GNU C++11,WRONG_ANSWER,4345,1513702045,rwk_03,CONTESTANT,PRETESTS,3,15,2048000
902,C,33429864,GNU C++11,WRONG_ANSWER,4639,1513702339,rwk_03,CONTESTANT,PRETESTS,1,15,2867200
902,C,33430018,GNU C++11,WRONG_ANSWER,4705,1513702405,rwk_03,CONTESTANT,PRETESTS,6,15,2867200
902,C,33432575,GNU C++11,WRONG_ANSWER,5907,1513703607,rwk_03,CONTESTANT,PRETESTS,6,15,2867200
902,C,33433822,GNU C++11,WRONG_ANSWER,6480,1513704180,rwk_03,CONTESTANT,PRETESTS,7,15,2867200
902,C,33434046,GNU C++11,WRONG_ANSWER,6603,1513704303,rwk_03,CONTESTANT,PRETESTS,7,15,2867200
902,C,33435276,GNU C++11,OK,7096,1513704796,rwk_03,CONTESTANT,TESTS,45,109,3686400
902,A,33416494,GNU C++,COMPILATION_ERROR,867,1513698567,ryuxin,CONTESTANT,PRETESTS,0,0,0
902,A,33416780,GNU C++,OK,912,1513698612,ryuxin,CONTESTANT,TESTS,55,15,2048000
902,B,33423219,GNU C++,OK,2327,1513700027,ryuxin,CONTESTANT,TESTS,50,15,2457600
902,C,33427279,GNU C++,OK,3615,1513701315,ryuxin,CONTESTANT,TESTS,45,109,2457600
902,A,33422674,MS C++,OK,2175,1513699875,s.0_0.martha,CONTESTANT,TESTS,55,15,2048000
902,A,33418814,GNU C++,OK,1264,1513698964,s_circle,CONTESTANT,TESTS,55,30,2048000
902,B,33421719,GNU C++,OK,1919,1513699619,s_circle,CONTESTANT,TESTS,50,15,2355200
902,C,33425465,GNU C++,OK,2980,1513700680,s_circle,CONTESTANT,TESTS,45,109,2457600
902,A,33423499,GNU C++,OK,2405,1513700105,s_g,CONTESTANT,TESTS,55,15,2150400
902,A,33416874,C++14 (GCC 6-32),WRONG_ANSWER,926,1513698626,s_hertelli,CONTESTANT,PRETESTS,3,15,1843200
902,A,33417732,C++14 (GCC 6-32),WRONG_ANSWER,1072,1513698772,s_hertelli,CONTESTANT,PRETESTS,3,15,1843200
902,A,33420436,C++14 (GCC 6-32),WRONG_ANSWER,1610,1513699310,s_hertelli,CONTESTANT,PRETESTS,3,15,1945600
902,A,33420789,C++14 (GCC 6-32),OK,1696,1513699396,s_hertelli,CONTESTANT,TESTS,55,15,1945600
902,B,33431540,C++14 (GCC 6-32),RUNTIME_ERROR,5381,1513703081,s_hertelli,CONTESTANT,PRETESTS,5,15,2048000
902,B,33433711,C++14 (GCC 6-32),MEMORY_LIMIT_EXCEEDED,6430,1513704130,s_hertelli,CONTESTANT,PRETESTS,5,15,268390400
902,B,33433786,C++14 (GCC 6-32),RUNTIME_ERROR,6464,1513704164,s_hertelli,CONTESTANT,PRETESTS,5,15,2150400
902,B,33433914,C++14 (GCC 6-32),OK,6528,1513704228,s_hertelli,CONTESTANT,TESTS,50,280,2457600
902,A,33418330,C++14 (GCC 6-32),WRONG_ANSWER,1173,1513698873,sabbir-hasan-anik,CONTESTANT,PRETESTS,2,0,1843200
902,A,33419738,C++14 (GCC 6-32),WRONG_ANSWER,1454,1513699154,sabbir-hasan-anik,CONTESTANT,PRETESTS,2,0,1843200
902,A,33421478,C++14 (GCC 6-32),OK,1863,1513699563,sabbir-hasan-anik,CONTESTANT,TESTS,55,15,1945600
902,A,33412960,GNU C++11,WRONG_ANSWER,301,1513698001,sabertooth,CONTESTANT,PRETESTS,2,0,2048000
902,A,33413255,GNU C++11,WRONG_ANSWER,361,1513698061,sabertooth,CONTESTANT,PRETESTS,2,15,2048000
902,A,33418852,GNU C++11,WRONG_ANSWER,1272,1513698972,sabertooth,CONTESTANT,PRETESTS,1,0,2048000
902,A,33419342,GNU C++11,OK,1373,1513699073,sabertooth,CONTESTANT,TESTS,55,15,2048000
902,A,33425727,GNU C,WRONG_ANSWER,3065,1513700765,sabuj_kumar,CONTESTANT,PRETESTS,0,0,1843200
902,A,33430935,GNU C,WRONG_ANSWER,5084,1513702784,sabuj_kumar,CONTESTANT,PRETESTS,2,15,1843200
902,A,33432490,GNU C,WRONG_ANSWER,5859,1513703559,sabuj_kumar,CONTESTANT,PRETESTS,2,15,1843200
902,A,33416290,C++14 (GCC 6-32),WRONG_ANSWER,835,1513698535,sac5081,CONTESTANT,TESTS,11,15,1945600
902,B,33422902,C++14 (GCC 6-32),OK,2234,1513699934,sac5081,CONTESTANT,TESTS,50,31,2560000
902,A,33419329,Java 8,OK,1371,1513699071,sachinmukherjee,CONTESTANT,TESTS,55,124,20684800
902,A,33415317,C++14 (GCC 6-32),WRONG_ANSWER,683,1513698394,sad,CONTESTANT,TESTS,11,15,3481600
902,B,33418099,C++14 (GCC 6-32),OK,1121,1513698832,sad,CONTESTANT,TESTS,50,31,3993600
902,C,33428615,C++14 (GCC 6-32),OK,4112,1513701823,sad,CONTESTANT,TESTS,45,124,13619200
902,A,33417075,GNU C++11,OK,957,1513698657,saddam,CONTESTANT,TESTS,55,15,2048000
902,B,33421948,GNU C++11,OK,1979,1513699679,saddam,CONTESTANT,TESTS,50,46,3891200
902,C,33428377,GNU C++11,WRONG_ANSWER,4020,1513701720,saddam,CONTESTANT,PRETESTS,3,15,2457600
902,C,33433275,GNU C++11,OK,6239,1513703939,saddam,CONTESTANT,TESTS,45,327,2867200
902,A,33414784,C++14 (GCC 6-32),OK,610,1513698310,sagar_97,CONTESTANT,TESTS,55,15,1945600
902,B,33421668,C++14 (GCC 6-32),OK,1907,1513699607,sagar_97,CONTESTANT,TESTS,50,15,2560000
902,C,33430636,C++14 (GCC 6-32),OK,4965,1513702665,sagar_97,CONTESTANT,TESTS,45,93,8908800
902,A,33414194,C++14 (GCC 6-32),OK,518,1513698218,sagar_kaushal,CONTESTANT,TESTS,55,15,1945600
902,B,33418840,C++14 (GCC 6-32),OK,1270,1513698970,sagar_kaushal,CONTESTANT,TESTS,50,30,2662400
902,C,33425683,C++14 (GCC 6-32),OK,3050,1513700750,sagar_kaushal,CONTESTANT,TESTS,45,124,3481600
902,A,33417426,C++14 (GCC 6-32),WRONG_ANSWER,1017,1513698717,sagarthecoder2,CONTESTANT,PRETESTS,2,15,1843200
902,A,33426058,C++14 (GCC 6-32),OK,3173,1513700873,sagarthecoder2,CONTESTANT,TESTS,55,30,1945600
902,B,33432592,C++14 (GCC 6-32),OK,5916,1513703616,sagarthecoder2,CONTESTANT,TESTS,50,46,2457600
902,A,33413288,C++14 (GCC 6-32),WRONG_ANSWER,366,1513698066,sahil070197,CONTESTANT,PRETESTS,2,15,1843200
902,A,33413641,C++14 (GCC 6-32),OK,427,1513698127,sahil070197,CONTESTANT,TESTS,55,31,1945600
902,B,33419222,C++14 (GCC 6-32),OK,1355,1513699055,sahil070197,CONTESTANT,TESTS,50,46,1945600
902,C,33426299,C++14 (GCC 6-32),WRONG_ANSWER,3253,1513700953,sahil070197,CONTESTANT,PRETESTS,1,0,1843200
902,C,33428060,C++14 (GCC 6-32),WRONG_ANSWER,3895,1513701595,sahil070197,CONTESTANT,PRETESTS,3,15,1945600
902,C,33428528,C++14 (GCC 6-32),WRONG_ANSWER,4089,1513701789,sahil070197,CONTESTANT,PRETESTS,5,15,1945600
902,C,33433068,C++14 (GCC 6-32),WRONG_ANSWER,6143,1513703843,sahil070197,CONTESTANT,PRETESTS,7,0,1945600
902,C,33433268,C++14 (GCC 6-32),OK,6236,1513703936,sahil070197,CONTESTANT,TESTS,45,156,2252800
902,A,33428335,GNU C++,WRONG_ANSWER,4004,1513701704,saieswari123,CONTESTANT,PRETESTS,4,15,2048000
902,A,33429270,GNU C++,WRONG_ANSWER,4384,1513702084,saieswari123,CONTESTANT,PRETESTS,4,15,2048000
902,A,33429942,GNU C++,WRONG_ANSWER,4669,1513702369,saieswari123,CONTESTANT,PRETESTS,4,15,2048000
902,A,33414440,C++14 (GCC 6-32),WRONG_ANSWER,558,1513698258,saif_husain,CONTESTANT,PRETESTS,2,0,1843200
902,A,33416120,C++14 (GCC 6-32),WRONG_ANSWER,809,1513698509,saif_husain,CONTESTANT,PRETESTS,3,15,1945600
902,A,33420101,C++14 (GCC 6-32),WRONG_ANSWER,1535,1513699235,saif_husain,CONTESTANT,PRETESTS,3,15,1945600
902,A,33420455,C++14 (GCC 6-32),WRONG_ANSWER,1615,1513699315,saif_husain,CONTESTANT,PRETESTS,3,15,1945600
902,A,33422489,C++14 (GCC 6-32),WRONG_ANSWER,2124,1513699824,saif_husain,CONTESTANT,PRETESTS,3,0,1843200
902,A,33423581,C++14 (GCC 6-32),OK,2427,1513700127,saif_husain,CONTESTANT,TESTS,55,15,1945600
902,B,33432390,C++14 (GCC 6-32),WRONG_ANSWER,5809,1513703509,saif_husain,CONTESTANT,PRETESTS,4,15,1945600
902,A,33423813,C++14 (GCC 6-32),SKIPPED,2493,1513700193,saifhaider0z,CONTESTANT,PRETESTS,8,15,1945600
902,A,33424374,C++14 (GCC 6-32),WRONG_ANSWER,2646,1513700346,saifhaider0z,CONTESTANT,TESTS,11,15,1945600
902,A,33427044,C++14 (GCC 6-32),WRONG_ANSWER,3522,1513701222,saihemanth9019,CONTESTANT,PRETESTS,0,0,1843200
902,A,33427550,C++14 (GCC 6-32),WRONG_ANSWER,3713,1513701413,saihemanth9019,CONTESTANT,TESTS,11,15,1945600
902,B,33432191,C++14 (GCC 6-32),OK,5707,1513703407,saihemanth9019,CONTESTANT,TESTS,50,31,2457600
902,A,33422238,GNU C++11,WRONG_ANSWER,2046,1513699746,saikamal.98,CONTESTANT,PRETESTS,2,15,2048000
902,A,33423596,GNU C++11,WRONG_ANSWER,2431,1513700131,saikamal.98,CONTESTANT,PRETESTS,2,31,2048000
902,A,33424957,GNU C++11,OK,2816,1513700516,saikamal.98,CONTESTANT,TESTS,55,15,2048000
902,B,33432008,GNU C++11,RUNTIME_ERROR,5620,1513703320,saikamal.98,CONTESTANT,PRETESTS,0,0,2048000
902,B,33434326,GNU C++11,OK,6724,1513704424,saikamal.98,CONTESTANT,TESTS,50,15,2662400
902,A,33413831,C++14 (GCC 6-32),WRONG_ANSWER,449,1513698159,saikat041,CONTESTANT,PRETESTS,2,15,1843200
902,A,33414844,C++14 (GCC 6-32),WRONG_ANSWER,611,1513698321,saikat041,CONTESTANT,PRETESTS,2,15,1843200
902,A,33420215,C++14 (GCC 6-32),OK,1551,1513699261,saikat041,CONTESTANT,TESTS,55,15,1945600
902,B,33427838,C++14 (GCC 6-32),OK,3805,1513701515,saikat041,CONTESTANT,TESTS,50,46,2457600
902,A,33428003,GNU C,WRONG_ANSWER,3878,1513701578,saipranavi4,CONTESTANT,PRETESTS,3,15,1843200
902,A,33430769,GNU C,WRONG_ANSWER,5023,1513702723,saipranavi4,CONTESTANT,PRETESTS,3,15,1843200
902,A,33415460,C++14 (GCC 6-32),WRONG_ANSWER,704,1513698415,saisurya027,CONTESTANT,PRETESTS,3,0,1945600
902,A,33416139,C++14 (GCC 6-32),OK,803,1513698513,saisurya027,CONTESTANT,TESTS,55,30,1945600
902,B,33419948,C++14 (GCC 6-32),OK,1489,1513699200,saisurya027,CONTESTANT,TESTS,50,31,5427200
902,C,33431474,C++14 (GCC 6-32),WRONG_ANSWER,5339,1513703049,saisurya027,CONTESTANT,PRETESTS,4,15,1843200
902,C,33431925,C++14 (GCC 6-32),WRONG_ANSWER,5569,1513703279,saisurya027,CONTESTANT,PRETESTS,4,15,1843200
902,C,33432271,C++14 (GCC 6-32),OK,5740,1513703450,saisurya027,CONTESTANT,TESTS,45,109,5836800
902,A,33417063,GNU C++11,OK,955,1513698655,sajibreadd,CONTESTANT,TESTS,55,15,2048000
902,B,33423353,GNU C++11,OK,2365,1513700065,sajibreadd,CONTESTANT,TESTS,50,15,2662400
902,C,33430888,GNU C++11,OK,5067,1513702767,sajibreadd,CONTESTANT,TESTS,45,140,8908800
902,A,33416175,GNU C++,OK,808,1513698518,saksham2405,CONTESTANT,TESTS,55,15,2048000
902,B,33422637,GNU C++,OK,2154,1513699865,saksham2405,CONTESTANT,TESTS,50,15,3993600
902,C,33428638,GNU C++,TIME_LIMIT_EXCEEDED,4125,1513701836,saksham2405,CONTESTANT,PRETESTS,12,2000,15872000
902,C,33428973,GNU C++,OK,4257,1513701967,saksham2405,CONTESTANT,TESTS,45,93,10035200
902,A,33412832,C++14 (GCC 6-32),OK,252,1513697962,samar.sharipov,CONTESTANT,TESTS,55,15,1945600
902,B,33415309,C++14 (GCC 6-32),OK,682,1513698393,samar.sharipov,CONTESTANT,TESTS,50,46,3788800
902,C,33423347,C++14 (GCC 6-32),OK,2353,1513700064,samar.sharipov,CONTESTANT,TESTS,45,171,3891200
902,A,33413523,C++14 (GCC 6-32),CHALLENGED,408,1513698108,sambit25,CONTESTANT,CHALLENGES,8,15,1945600
902,B,33417816,C++14 (GCC 6-32),OK,1086,1513698786,sambit25,CONTESTANT,TESTS,50,30,2457600
902,A,33424881,C++14 (GCC 6-32),OK,2793,1513700493,sambit25,CONTESTANT,TESTS,55,15,1945600
902,C,33429536,C++14 (GCC 6-32),WRONG_ANSWER,4502,1513702202,sambit25,CONTESTANT,PRETESTS,1,0,1843200
902,C,33429654,C++14 (GCC 6-32),OK,4553,1513702253,sambit25,CONTESTANT,TESTS,45,140,2252800
902,A,33415591,GNU C++,OK,733,1513698433,saminrahmankhan,CONTESTANT,TESTS,55,31,2048000
902,A,33414842,C++14 (GCC 6-32),WRONG_ANSWER,621,1513698321,samshad.ru,CONTESTANT,PRETESTS,2,15,1843200
902,A,33415187,C++14 (GCC 6-32),WRONG_ANSWER,673,1513698373,samshad.ru,CONTESTANT,PRETESTS,2,15,1843200
902,A,33420812,C++14 (GCC 6-32),WRONG_ANSWER,1700,1513699400,samshad.ru,CONTESTANT,PRETESTS,2,0,1843200
902,A,33423752,C++14 (GCC 6-32),WRONG_ANSWER,2477,1513700177,samshad.ru,CONTESTANT,PRETESTS,2,15,1843200
902,A,33428966,C++14 (GCC 6-32),CHALLENGED,4264,1513701964,samshad.ru,CONTESTANT,CHALLENGES,8,15,2048000
902,A,33430740,C++14 (GCC 6-32),OK,5009,1513702709,samshad.ru,CONTESTANT,TESTS,55,15,2048000
902,B,33432454,C++14 (GCC 6-32),OK,5843,1513703543,samshad.ru,CONTESTANT,TESTS,50,15,2457600
902,A,33416213,C++14 (GCC 6-32),OK,823,1513698523,samudraneel24,CONTESTANT,TESTS,55,15,1945600
902,A,33415424,C++14 (GCC 6-32),WRONG_ANSWER,698,1513698409,samuraiexx,CONTESTANT,PRETESTS,4,15,1945600
902,A,33416684,C++14 (GCC 6-32),OK,886,1513698596,samuraiexx,CONTESTANT,TESTS,55,15,1945600
902,B,33421606,C++14 (GCC 6-32),WRONG_ANSWER,1882,1513699592,samuraiexx,CONTESTANT,PRETESTS,0,0,2048000
902,B,33421857,C++14 (GCC 6-32),OK,1944,1513699655,samuraiexx,CONTESTANT,TESTS,50,31,2560000
902,C,33427670,C++14 (GCC 6-32),WRONG_ANSWER,3745,1513701455,samuraiexx,CONTESTANT,PRETESTS,4,15,2662400
902,C,33428789,C++14 (GCC 6-32),WRONG_ANSWER,4186,1513701896,samuraiexx,CONTESTANT,PRETESTS,4,15,2662400
902,D,33434335,C++14 (GCC 6-32),WRONG_ANSWER,6719,1513704429,samuraiexx,CONTESTANT,PRETESTS,1,15,1945600
902,C,33434817,C++14 (GCC 6-32),WRONG_ANSWER,6929,1513704640,samuraiexx,CONTESTANT,PRETESTS,4,15,4300800
902,C,33435271,C++14 (GCC 6-32),WRONG_ANSWER,7084,1513704795,samuraiexx,CONTESTANT,PRETESTS,4,15,4300800
902,C,33435330,C++14 (GCC 6-32),WRONG_ANSWER,7103,1513704813,samuraiexx,CONTESTANT,PRETESTS,4,15,4300800
902,C,33435541,C++14 (GCC 6-32),WRONG_ANSWER,7161,1513704872,samuraiexx,CONTESTANT,PRETESTS,4,15,4300800
902,C,33435645,C++14 (GCC 6-32),OK,7181,1513704892,samuraiexx,CONTESTANT,TESTS,45,171,4300800
902,A,33415412,C++14 (GCC 6-32),WRONG_ANSWER,707,1513698407,samyak3098,CONTESTANT,PRETESTS,2,15,1945600
902,A,33416663,C++14 (GCC 6-32),OK,892,1513698592,samyak3098,CONTESTANT,TESTS,55,15,1945600
902,B,33425460,C++14 (GCC 6-32),OK,2979,1513700679,samyak3098,CONTESTANT,TESTS,50,30,2355200
902,C,33431792,C++14 (GCC 6-32),OK,5513,1513703213,samyak3098,CONTESTANT,TESTS,45,93,4812800
902,A,33412908,GNU C++11,WRONG_ANSWER,286,1513697986,samyakjain,CONTESTANT,PRETESTS,2,15,2048000
902,A,33414230,GNU C++11,WRONG_ANSWER,523,1513698223,samyakjain,CONTESTANT,PRETESTS,4,15,2048000
902,A,33415823,GNU C++11,OK,767,1513698467,samyakjain,CONTESTANT,TESTS,55,30,2048000
902,B,33424617,GNU C++11,RUNTIME_ERROR,2721,1513700421,samyakjain,CONTESTANT,PRETESTS,5,15,2048000
902,B,33424827,GNU C++11,OK,2779,1513700479,samyakjain,CONTESTANT,TESTS,50,62,2662400
902,C,33431270,GNU C++11,WRONG_ANSWER,5249,1513702949,samyakjain,CONTESTANT,PRETESTS,3,15,2867200
902,C,33432417,GNU C++11,WRONG_ANSWER,5824,1513703524,samyakjain,CONTESTANT,PRETESTS,3,15,3379200
902,C,33435554,GNU C++11,WRONG_ANSWER,7175,1513704875,samyakjain,CONTESTANT,PRETESTS,3,15,42598400
902,A,33425308,GNU C,WRONG_ANSWER,2929,1513700629,sana137,CONTESTANT,PRETESTS,2,15,1843200
902,A,33429479,GNU C,WRONG_ANSWER,4478,1513702178,sana137,CONTESTANT,PRETESTS,2,0,1843200
902,A,33430619,GNU C,WRONG_ANSWER,4958,1513702658,sana137,CONTESTANT,PRETESTS,5,15,1843200
902,A,33413984,GNU C++,WRONG_ANSWER,485,1513698185,sandeep007,CONTESTANT,PRETESTS,2,15,2048000
902,A,33419413,GNU C++,CHALLENGED,1389,1513699089,sandeep007,CONTESTANT,CHALLENGES,8,15,2048000
902,A,33426993,GNU C++,OK,3500,1513701200,sandeep007,CONTESTANT,TESTS,55,15,2048000
902,B,33430121,GNU C++,OK,4752,1513702452,sandeep007,CONTESTANT,TESTS,50,31,2560000
902,A,33419990,GNU C++11,OK,1509,1513699209,sandeep8650,CONTESTANT,TESTS,55,31,2048000
902,B,33430549,GNU C++11,OK,4924,1513702624,sandeep8650,CONTESTANT,TESTS,50,31,2355200
902,A,33416019,C++14 (GCC 6-32),OK,794,1513698494,sandeshghanta,CONTESTANT,TESTS,55,15,1945600
902,B,33422551,C++14 (GCC 6-32),OK,2140,1513699840,sandeshghanta,CONTESTANT,TESTS,50,31,2560000
902,A,33415640,GNU C++11,WRONG_ANSWER,729,1513698440,sanfercho,CONTESTANT,TESTS,47,15,2048000
902,B,33424071,GNU C++11,OK,2553,1513700264,sanfercho,CONTESTANT,TESTS,50,46,2662400
902,C,33431698,GNU C++11,WRONG_ANSWER,5447,1513703158,sanfercho,CONTESTANT,PRETESTS,4,15,2048000
902,C,33432317,GNU C++11,WRONG_ANSWER,5761,1513703472,sanfercho,CONTESTANT,PRETESTS,4,15,2048000
902,C,33432676,GNU C++11,WRONG_ANSWER,5943,1513703653,sanfercho,CONTESTANT,PRETESTS,4,15,2048000
902,A,33418413,GNU C,WRONG_ANSWER,1187,1513698887,sanidhay_21,CONTESTANT,PRETESTS,4,15,1843200
902,A,33419492,GNU C,WRONG_ANSWER,1406,1513699106,sanidhay_21,CONTESTANT,PRETESTS,4,15,1843200
902,A,33420892,GNU C,WRONG_ANSWER,1717,1513699417,sanidhay_21,CONTESTANT,PRETESTS,4,15,1843200
902,A,33426301,GNU C,WRONG_ANSWER,3254,1513700954,sanidhay_21,CONTESTANT,PRETESTS,4,15,1843200
902,A,33427684,GNU C,WRONG_ANSWER,3761,1513701461,sanidhay_21,CONTESTANT,PRETESTS,4,15,1843200
902,A,33417931,C++14 (GCC 6-32),WRONG_ANSWER,1106,1513698806,sanjay.gidwani,CONTESTANT,PRETESTS,2,0,1945600
902,A,33423105,C++14 (GCC 6-32),OK,2291,1513699991,sanjay.gidwani,CONTESTANT,TESTS,55,15,1945600
902,B,33427902,C++14 (GCC 6-32),OK,3840,1513701540,sanjay.gidwani,CONTESTANT,TESTS,50,15,2560000
902,A,33419938,GNU C++,WRONG_ANSWER,1487,1513699197,sanjida_ict,CONTESTANT,PRETESTS,2,15,2048000
902,A,33423032,GNU C++,WRONG_ANSWER,2261,1513699971,sanjida_ict,CONTESTANT,PRETESTS,2,15,2048000
902,A,33427541,GNU C++,WRONG_ANSWER,3701,1513701411,sanjida_ict,CONTESTANT,PRETESTS,4,15,2048000
902,A,33428526,GNU C++,OK,4078,1513701788,sanjida_ict,CONTESTANT,TESTS,55,15,2048000
902,A,33419865,GNU C++,WRONG_ANSWER,1482,1513699182,sankalp_ag,CONTESTANT,PRETESTS,4,15,2048000
902,A,33412642,C++14 (GCC 6-32),OK,147,1513697847,sanketM,CONTESTANT,TESTS,55,15,1945600
902,B,33414228,C++14 (GCC 6-32),OK,523,1513698223,sanketM,CONTESTANT,TESTS,50,46,7168000
902,C,33420551,C++14 (GCC 6-32),OK,1638,1513699338,sanketM,CONTESTANT,TESTS,45,140,3072000
902,A,33412863,C++14 (GCC 6-32),WRONG_ANSWER,272,1513697972,sansae,CONTESTANT,PRETESTS,0,15,1843200
902,A,33413008,C++14 (GCC 6-32),WRONG_ANSWER,310,1513698010,sansae,CONTESTANT,PRETESTS,2,15,1843200
902,A,33413276,C++14 (GCC 6-32),WRONG_ANSWER,364,1513698064,sansae,CONTESTANT,PRETESTS,2,15,1843200
902,A,33416916,C++14 (GCC 6-32),OK,932,1513698632,sansae,CONTESTANT,TESTS,55,15,1843200
902,D,33423267,C++14 (GCC 6-32),WRONG_ANSWER,2344,1513700044,sansae,CONTESTANT,PRETESTS,0,0,1843200
902,D,33432362,C++14 (GCC 6-32),OK,5791,1513703491,sansae,CONTESTANT,TESTS,150,31,1843200
902,C,33435477,C++14 (GCC 6-32),WRONG_ANSWER,7159,1513704859,sansae,CONTESTANT,PRETESTS,1,15,1843200
902,A,33414468,C++14 (GCC 6-32),OK,550,1513698261,sarthak0797,CONTESTANT,TESTS,55,15,1945600
902,B,33423054,C++14 (GCC 6-32),OK,2266,1513699976,sarthak0797,CONTESTANT,TESTS,50,218,2560000
902,A,33424330,GNU C,TIME_LIMIT_EXCEEDED,2631,1513700331,sarthak2007,CONTESTANT,PRETESTS,2,1000,1843200
902,A,33414512,GNU C++11,WRONG_ANSWER,568,1513698268,sarthakag,CONTESTANT,PRETESTS,2,15,2048000
902,A,33416603,GNU C++11,OK,883,1513698583,sarthakag,CONTESTANT,TESTS,55,15,2048000
902,B,33422896,GNU C++11,OK,2233,1513699933,sarthakag,CONTESTANT,TESTS,50,61,2662400
902,C,33429752,GNU C++11,WRONG_ANSWER,4593,1513702293,sarthakag,CONTESTANT,PRETESTS,1,15,2048000
902,C,33433032,GNU C++11,WRONG_ANSWER,6125,1513703825,sarthakag,CONTESTANT,PRETESTS,3,15,2048000
902,C,33433212,GNU C++11,WRONG_ANSWER,6209,1513703909,sarthakag,CONTESTANT,PRETESTS,3,15,2048000
902,A,33416732,C++14 (GCC 6-32),OK,894,1513698604,sarthakjindal,CONTESTANT,TESTS,55,15,1945600
902,B,33424582,C++14 (GCC 6-32),OK,2699,1513700409,sarthakjindal,CONTESTANT,TESTS,50,30,2764800
902,A,33427667,GNU C,WRONG_ANSWER,3754,1513701454,satyataruni,CONTESTANT,PRETESTS,0,0,1843200
902,A,33428921,GNU C,WRONG_ANSWER,4245,1513701945,satyataruni,CONTESTANT,PRETESTS,2,15,1843200
902,A,33430894,GNU C,WRONG_ANSWER,5071,1513702771,satyataruni,CONTESTANT,PRETESTS,1,0,1843200
902,A,33432899,GNU C,WRONG_ANSWER,6066,1513703766,satyataruni,CONTESTANT,PRETESTS,2,0,1843200
902,A,33435411,GNU C,WRONG_ANSWER,7139,1513704839,satyataruni,CONTESTANT,PRETESTS,5,15,1843200
902,A,33419688,GNU C++,WRONG_ANSWER,1446,1513699146,saul.rojas,CONTESTANT,PRETESTS,2,15,2048000
902,A,33421746,GNU C++,OK,1926,1513699626,saul.rojas,CONTESTANT,TESTS,55,15,2048000
902,A,33418430,Ruby,WRONG_ANSWER,1191,1513698891,saurabh7717,CONTESTANT,PRETESTS,3,93,6451200
902,A,33419360,Ruby,WRONG_ANSWER,1365,1513699075,saurabh7717,CONTESTANT,PRETESTS,3,46,6451200
902,A,33415856,C++14 (GCC 6-32),WRONG_ANSWER,761,1513698471,sauravborse,CONTESTANT,PRETESTS,4,15,1945600
902,A,33417645,C++14 (GCC 6-32),WRONG_ANSWER,1048,1513698759,sauravborse,CONTESTANT,PRETESTS,4,15,1843200
902,A,33420862,C++14 (GCC 6-32),WRONG_ANSWER,1702,1513699412,sauravborse,CONTESTANT,PRETESTS,4,15,1843200
902,A,33423293,C++14 (GCC 6-32),OK,2339,1513700049,sauravborse,CONTESTANT,TESTS,55,15,1945600
902,B,33430844,C++14 (GCC 6-32),OK,5040,1513702750,sauravborse,CONTESTANT,TESTS,50,374,2355200
902,A,33417655,C++14 (GCC 6-32),OK,1050,1513698760,sauravraj62,CONTESTANT,TESTS,55,30,2048000
902,A,33416619,C++14 (GCC 6-32),CHALLENGED,885,1513698585,savager,CONTESTANT,CHALLENGES,8,15,1945600
902,B,33424000,C++14 (GCC 6-32),RUNTIME_ERROR,2545,1513700245,savager,CONTESTANT,PRETESTS,5,0,2048000
902,B,33424263,C++14 (GCC 6-32),OK,2614,1513700314,savager,CONTESTANT,TESTS,50,15,2560000
902,A,33417923,C++14 (GCC 6-32),OK,1104,1513698804,say_my_name,CONTESTANT,TESTS,55,15,1945600
902,B,33422325,C++14 (GCC 6-32),OK,2072,1513699772,say_my_name,CONTESTANT,TESTS,50,30,2662400
902,C,33429796,C++14 (GCC 6-32),TIME_LIMIT_EXCEEDED,4613,1513702313,say_my_name,CONTESTANT,PRETESTS,12,2000,15462400
902,C,33430192,C++14 (GCC 6-32),OK,4777,1513702477,say_my_name,CONTESTANT,TESTS,45,124,11161600
902,D,33432849,C++14 (GCC 6-32),WRONG_ANSWER,6039,1513703739,say_my_name,CONTESTANT,PRETESTS,0,0,1843200
902,D,33433129,C++14 (GCC 6-32),WRONG_ANSWER,6172,1513703872,say_my_name,CONTESTANT,PRETESTS,2,0,1945600
902,A,33414076,GNU C++11,OK,501,1513698201,sayedgkm,CONTESTANT,TESTS,55,15,2867200
902,B,33420404,GNU C++11,OK,1602,1513699302,sayedgkm,CONTESTANT,TESTS,50,30,5529600
902,C,33430296,GNU C++11,WRONG_ANSWER,4817,1513702517,sayedgkm,CONTESTANT,PRETESTS,3,15,3686400
902,A,33418876,C++14 (GCC 6-32),WRONG_ANSWER,1280,1513698980,sayemPasha,CONTESTANT,PRETESTS,2,15,1945600
902,A,33421024,C++14 (GCC 6-32),OK,1751,1513699451,sayemPasha,CONTESTANT,TESTS,55,15,2150400
902,B,33429719,C++14 (GCC 6-32),RUNTIME_ERROR,4579,1513702279,sayemPasha,CONTESTANT,PRETESTS,5,15,2048000
902,B,33429873,C++14 (GCC 6-32),WRONG_ANSWER,4641,1513702341,sayemPasha,CONTESTANT,PRETESTS,5,46,4198400
902,B,33430332,C++14 (GCC 6-32),WRONG_ANSWER,4833,1513702533,sayemPasha,CONTESTANT,PRETESTS,2,15,3891200
902,B,33430499,C++14 (GCC 6-32),OK,4902,1513702602,sayemPasha,CONTESTANT,TESTS,50,280,4608000
902,A,33416621,GNU C,WRONG_ANSWER,885,1513698585,sayem_zaman,CONTESTANT,PRETESTS,2,15,1843200
902,A,33422358,GNU C,WRONG_ANSWER,2084,1513699784,sayem_zaman,CONTESTANT,PRETESTS,3,15,1843200
902,A,33424276,GNU C,WRONG_ANSWER,2616,1513700316,sayem_zaman,CONTESTANT,TESTS,16,15,1843200
902,A,33413329,C++14 (GCC 6-32),OK,362,1513698072,sayori,CONTESTANT,TESTS,55,15,1945600
902,B,33419986,C++14 (GCC 6-32),WRONG_ANSWER,1499,1513699209,sayori,CONTESTANT,PRETESTS,4,0,2150400
902,B,33425395,C++14 (GCC 6-32),WRONG_ANSWER,2949,1513700659,sayori,CONTESTANT,PRETESTS,4,15,2252800
902,B,33425817,C++14 (GCC 6-32),WRONG_ANSWER,3084,1513700794,sayori,CONTESTANT,PRETESTS,4,0,2252800
902,B,33426306,C++14 (GCC 6-32),WRONG_ANSWER,3245,1513700956,sayori,CONTESTANT,PRETESTS,4,15,2252800
902,B,33426867,C++14 (GCC 6-32),WRONG_ANSWER,3448,1513701158,sayori,CONTESTANT,PRETESTS,4,15,2252800
902,A,33414095,GNU C++11,OK,503,1513698203,sazzach,CONTESTANT,TESTS,55,15,2048000
902,B,33419125,GNU C++11,OK,1337,1513699037,sazzach,CONTESTANT,TESTS,50,46,2662400
902,C,33424076,GNU C++11,RUNTIME_ERROR,2565,1513700265,sazzach,CONTESTANT,PRETESTS,0,0,2048000
902,C,33424491,GNU C++11,OK,2686,1513700386,sazzach,CONTESTANT,TESTS,45,342,5427200
902,A,33414329,GNU C++11,WRONG_ANSWER,527,1513698238,sb35_R,CONTESTANT,PRETESTS,2,15,2048000
902,A,33415166,GNU C++11,WRONG_ANSWER,659,1513698370,sb35_R,CONTESTANT,PRETESTS,3,15,2048000
902,A,33416382,GNU C++11,OK,836,1513698547,sb35_R,CONTESTANT,TESTS,55,15,2048000
902,B,33430271,GNU C++11,SKIPPED,4797,1513702507,sb35_R,CONTESTANT,PRETESTS,10,15,2457600
902,B,33431664,GNU C++11,OK,5431,1513703142,sb35_R,CONTESTANT,TESTS,50,15,2560000
902,A,33414020,C++14 (GCC 6-32),WRONG_ANSWER,491,1513698191,sb_14,CONTESTANT,PRETESTS,0,0,1843200
902,A,33414397,C++14 (GCC 6-32),WRONG_ANSWER,551,1513698251,sb_14,CONTESTANT,PRETESTS,2,15,1843200
902,A,33416115,C++14 (GCC 6-32),WRONG_ANSWER,808,1513698508,sb_14,CONTESTANT,PRETESTS,2,15,1843200
902,A,33417569,C++14 (GCC 6-32),WRONG_ANSWER,1044,1513698744,sb_14,CONTESTANT,PRETESTS,2,15,1843200
902,A,33418618,C++14 (GCC 6-32),WRONG_ANSWER,1225,1513698925,sb_14,CONTESTANT,PRETESTS,2,15,1945600
902,A,33420751,C++14 (GCC 6-32),WRONG_ANSWER,1687,1513699387,sb_14,CONTESTANT,PRETESTS,0,0,1945600
902,A,33421557,C++14 (GCC 6-32),WRONG_ANSWER,1882,1513699582,sb_14,CONTESTANT,PRETESTS,4,15,1945600
902,A,33422372,C++14 (GCC 6-32),WRONG_ANSWER,2088,1513699788,sb_14,CONTESTANT,PRETESTS,0,15,1945600
902,A,33423781,C++14 (GCC 6-32),WRONG_ANSWER,2488,1513700188,sb_14,CONTESTANT,PRETESTS,0,0,1945600
902,A,33424495,C++14 (GCC 6-32),OK,2686,1513700386,sb_14,CONTESTANT,TESTS,55,15,1945600
902,A,33416528,Java 8,OK,872,1513698572,sbk,CONTESTANT,TESTS,55,171,21094400
902,A,33414708,GNU C++11,OK,597,1513698297,sbztx,CONTESTANT,TESTS,55,15,2048000
902,B,33419030,GNU C++11,OK,1314,1513699014,sbztx,CONTESTANT,TESTS,50,46,2150400
902,C,33427662,GNU C++11,WRONG_ANSWER,3751,1513701451,sbztx,CONTESTANT,PRETESTS,0,15,2867200
902,C,33428000,GNU C++11,WRONG_ANSWER,3874,1513701574,sbztx,CONTESTANT,PRETESTS,0,15,2867200
902,C,33429106,GNU C++11,WRONG_ANSWER,4321,1513702021,sbztx,CONTESTANT,PRETESTS,0,15,2867200
902,C,33431258,GNU C++11,WRONG_ANSWER,5243,1513702943,sbztx,CONTESTANT,PRETESTS,0,15,2867200
902,C,33431606,GNU C++11,WRONG_ANSWER,5411,1513703111,sbztx,CONTESTANT,PRETESTS,0,0,2867200
902,C,33432298,GNU C++11,WRONG_ANSWER,5763,1513703463,sbztx,CONTESTANT,PRETESTS,0,15,2867200
902,A,33413582,GNU C++11,WRONG_ANSWER,418,1513698118,scbjtu,CONTESTANT,PRETESTS,2,15,2048000
902,A,33414244,GNU C++11,OK,525,1513698225,scbjtu,CONTESTANT,TESTS,55,31,2048000
902,B,33420015,GNU C++11,WRONG_ANSWER,1516,1513699216,scbjtu,CONTESTANT,PRETESTS,4,15,2457600
902,B,33421467,GNU C++11,WRONG_ANSWER,1858,1513699558,scbjtu,CONTESTANT,PRETESTS,4,0,2252800
902,B,33421845,GNU C++11,OK,1951,1513699651,scbjtu,CONTESTANT,TESTS,50,264,2560000
902,C,33427193,GNU C++11,OK,3585,1513701285,scbjtu,CONTESTANT,TESTS,45,124,7168000
902,A,33418082,GNU C++11,WRONG_ANSWER,1129,1513698829,sccs,CONTESTANT,PRETESTS,2,15,2048000
902,A,33419096,GNU C++11,WRONG_ANSWER,1330,1513699030,sccs,CONTESTANT,PRETESTS,5,15,2048000
902,A,33420183,GNU C++11,CHALLENGED,1552,1513699252,sccs,CONTESTANT,CHALLENGES,8,15,2048000
902,B,33424084,GNU C++11,OK,2566,1513700266,sccs,CONTESTANT,TESTS,50,46,2457600
902,A,33426548,GNU C++11,OK,3341,1513701041,sccs,CONTESTANT,TESTS,55,15,2048000
902,C,33433623,GNU C++11,OK,6392,1513704092,sccs,CONTESTANT,TESTS,45,311,2457600
902,A,33418518,Python 3,WRONG_ANSWER,1207,1513698907,schen1337,CONTESTANT,PRETESTS,2,46,5529600
902,A,33419146,Python 3,WRONG_ANSWER,1339,1513699039,schen1337,CONTESTANT,PRETESTS,2,62,5529600
902,A,33420744,Python 3,WRONG_ANSWER,1684,1513699384,schen1337,CONTESTANT,PRETESTS,2,62,5529600
902,A,33417005,C++14 (GCC 6-32),WRONG_ANSWER,945,1513698645,scribbler_01,CONTESTANT,PRETESTS,3,15,1843200
902,A,33419587,C++14 (GCC 6-32),OK,1429,1513699129,scribbler_01,CONTESTANT,TESTS,55,15,1945600
902,A,33418187,GNU C++,TIME_LIMIT_EXCEEDED,1148,1513698848,scube0211,CONTESTANT,PRETESTS,2,1000,2048000
902,A,33421564,GNU C++,WRONG_ANSWER,1884,1513699584,scube0211,CONTESTANT,TESTS,46,15,2048000
902,B,33426086,GNU C++,WRONG_ANSWER,3185,1513700885,scube0211,CONTESTANT,PRETESTS,9,46,6553600
902,B,33427081,GNU C++,OK,3538,1513701238,scube0211,CONTESTANT,TESTS,50,46,6553600
902,C,33431377,GNU C++,WRONG_ANSWER,5301,1513703001,scube0211,CONTESTANT,PRETESTS,1,0,2048000
902,C,33431632,GNU C++,WRONG_ANSWER,5429,1513703129,scube0211,CONTESTANT,PRETESTS,1,15,2048000
902,C,33433842,GNU C++,WRONG_ANSWER,6490,1513704190,scube0211,CONTESTANT,PRETESTS,3,15,2048000
902,C,33434366,GNU C++,WRONG_ANSWER,6745,1513704445,scube0211,CONTESTANT,PRETESTS,3,15,2048000
902,C,33435216,GNU C++,WRONG_ANSWER,7076,1513704776,scube0211,CONTESTANT,PRETESTS,3,0,2048000
902,A,33414148,C++14 (GCC 6-32),SKIPPED,511,1513698211,scube97,CONTESTANT,PRETESTS,8,15,10035200
902,B,33426320,C++14 (GCC 6-32),OK,3259,1513700959,scube97,CONTESTANT,TESTS,50,218,11059200
902,A,33428917,Python 3,COMPILATION_ERROR,4244,1513701944,scube97,CONTESTANT,PRETESTS,0,0,0
902,A,33429325,C++14 (GCC 6-32),WRONG_ANSWER,4406,1513702106,scube97,CONTESTANT,TESTS,47,15,10035200
902,A,33425643,C++14 (GCC 6-32),OK,3035,1513700735,sdandrzejczak,CONTESTANT,TESTS,55,31,1945600
902,C,33422954,PyPy 3,WRONG_ANSWER,2248,1513699948,sdore,CONTESTANT,PRETESTS,1,93,23040000
902,C,33425439,PyPy 3,WRONG_ANSWER,2973,1513700673,sdore,CONTESTANT,PRETESTS,4,93,23040000
902,A,33414836,C++14 (GCC 6-32),OK,620,1513698320,sdpsarker88,CONTESTANT,TESTS,55,15,2048000
902,B,33419268,C++14 (GCC 6-32),OK,1362,1513699062,sdpsarker88,CONTESTANT,TESTS,50,15,2457600
902,C,33428333,C++14 (GCC 6-32),OK,4004,1513701704,sdpsarker88,CONTESTANT,TESTS,45,77,2252800
902,A,33413967,C++14 (GCC 6-32),OK,483,1513698183,sdssudhu,CONTESTANT,TESTS,55,15,1945600
902,B,33416933,C++14 (GCC 6-32),OK,935,1513698635,sdssudhu,CONTESTANT,TESTS,50,15,4710400
902,C,33421617,C++14 (GCC 6-32),WRONG_ANSWER,1895,1513699595,sdssudhu,CONTESTANT,PRETESTS,1,15,1843200
902,C,33422220,C++14 (GCC 6-32),WRONG_ANSWER,2041,1513699741,sdssudhu,CONTESTANT,TESTS,37,78,2252800
902,D,33424948,C++14 (GCC 6-32),WRONG_ANSWER,2814,1513700514,sdssudhu,CONTESTANT,PRETESTS,3,0,1945600
902,D,33430174,C++14 (GCC 6-32),WRONG_ANSWER,4771,1513702471,sdssudhu,CONTESTANT,PRETESTS,2,15,1843200
902,A,33422799,Java 8,WRONG_ANSWER,2209,1513699909,sea,CONTESTANT,PRETESTS,2,139,20992000
902,A,33413393,GNU C++11,WRONG_ANSWER,383,1513698083,sebi110,CONTESTANT,PRETESTS,4,15,2048000
902,A,33415701,GNU C++11,OK,748,1513698448,sebi110,CONTESTANT,TESTS,55,15,2048000
902,B,33418807,GNU C++11,OK,1264,1513698964,sebi110,CONTESTANT,TESTS,50,46,2560000
902,C,33424219,GNU C++11,WRONG_ANSWER,2599,1513700299,sebi110,CONTESTANT,PRETESTS,1,0,2867200
902,C,33424698,GNU C++11,WRONG_ANSWER,2743,1513700443,sebi110,CONTESTANT,PRETESTS,1,15,3276800
902,C,33426280,GNU C++11,OK,3248,1513700948,sebi110,CONTESTANT,TESTS,45,342,3276800
902,D,33431730,GNU C++11,WRONG_ANSWER,5478,1513703178,sebi110,CONTESTANT,PRETESTS,2,15,2048000
902,D,33431910,GNU C++11,WRONG_ANSWER,5575,1513703275,sebi110,CONTESTANT,PRETESTS,2,15,2048000
902,A,33415247,GNU C++11,CHALLENGED,684,1513698384,secondhand,CONTESTANT,CHALLENGES,8,15,2048000
902,B,33422923,GNU C++11,OK,2242,1513699942,secondhand,CONTESTANT,TESTS,50,280,119193600
902,C,33427221,GNU C++11,OK,3592,1513701292,secondhand,CONTESTANT,TESTS,45,826,8704000
902,A,33431507,GNU C++11,WRONG_ANSWER,5366,1513703066,secondhand,CONTESTANT,PRETESTS,0,0,2048000
902,A,33431577,GNU C++11,WRONG_ANSWER,5398,1513703098,secondhand,CONTESTANT,PRETESTS,1,15,2048000
902,A,33431803,GNU C++11,OK,5518,1513703218,secondhand,CONTESTANT,TESTS,55,30,2048000
902,D,33434543,GNU C++11,WRONG_ANSWER,6819,1513704519,secondhand,CONTESTANT,PRETESTS,3,0,2048000
902,A,33417500,C++14 (GCC 6-32),OK,1022,1513698732,secondwtq,CONTESTANT,TESTS,55,31,1945600
902,B,33423804,C++14 (GCC 6-32),OK,2482,1513700192,secondwtq,CONTESTANT,TESTS,50,77,2355200
902,C,33430157,C++14 (GCC 6-32),WRONG_ANSWER,4756,1513702466,secondwtq,CONTESTANT,PRETESTS,3,0,1843200
902,C,33432758,C++14 (GCC 6-32),WRONG_ANSWER,5979,1513703689,secondwtq,CONTESTANT,TESTS,13,140,6246400
902,A,33420877,Python 2,OK,1715,1513699415,sectumsempra,CONTESTANT,TESTS,55,62,4608000
902,A,33434921,C++14 (GCC 6-32),WRONG_ANSWER,6978,1513704678,sedativehypnotic,CONTESTANT,PRETESTS,0,15,1843200
902,A,33435062,C++14 (GCC 6-32),TIME_LIMIT_EXCEEDED,7023,1513704723,sedativehypnotic,CONTESTANT,TESTS,53,1000,1843200
902,A,33416764,C++14 (GCC 6-32),WRONG_ANSWER,910,1513698610,segnateai,CONTESTANT,PRETESTS,4,15,1843200
902,A,33417447,C++14 (GCC 6-32),WRONG_ANSWER,1023,1513698723,segnateai,CONTESTANT,PRETESTS,4,15,1843200
902,A,33419392,C++14 (GCC 6-32),WRONG_ANSWER,1382,1513699082,segnateai,CONTESTANT,PRETESTS,4,15,1843200
902,A,33424053,C++14 (GCC 6-32),WRONG_ANSWER,2558,1513700258,segnateai,CONTESTANT,PRETESTS,2,0,1945600
902,A,33425813,C++14 (GCC 6-32),WRONG_ANSWER,3093,1513700793,segnateai,CONTESTANT,PRETESTS,2,0,1843200
902,A,33419308,C++14 (GCC 6-32),WRONG_ANSWER,1369,1513699069,seif__,CONTESTANT,PRETESTS,2,15,2048000
902,A,33426169,Python 3,WRONG_ANSWER,3212,1513700912,sekuu,CONTESTANT,PRETESTS,2,62,5529600
902,A,33427200,Python 3,WRONG_ANSWER,3587,1513701287,sekuu,CONTESTANT,PRETESTS,2,46,5529600
902,A,33428115,Python 3,WRONG_ANSWER,3921,1513701621,sekuu,CONTESTANT,PRETESTS,0,30,5529600
902,A,33434314,Python 3,WRONG_ANSWER,6721,1513704421,sekuu,CONTESTANT,PRETESTS,2,46,5529600
902,A,33435193,Python 3,COMPILATION_ERROR,7069,1513704769,sekuu,CONTESTANT,PRETESTS,0,0,0
902,A,33417018,GNU C++11,COMPILATION_ERROR,947,1513698647,semjon.00,CONTESTANT,PRETESTS,0,0,0
902,A,33417247,GNU C++11,WRONG_ANSWER,989,1513698689,semjon.00,CONTESTANT,PRETESTS,2,0,2048000
902,A,33418128,GNU C++11,SKIPPED,1138,1513698838,semjon.00,CONTESTANT,PRETESTS,8,15,2048000
902,B,33424352,GNU C++11,OK,2638,1513700338,semjon.00,CONTESTANT,TESTS,50,46,2150400
902,C,33429294,GNU C++11,SKIPPED,4394,1513702094,semjon.00,CONTESTANT,PRETESTS,13,109,2457600
902,C,33430400,GNU C++11,COMPILATION_ERROR,4860,1513702560,semjon.00,CONTESTANT,PRETESTS,0,0,0
902,C,33430593,GNU C++11,SKIPPED,4945,1513702645,semjon.00,CONTESTANT,PRETESTS,13,108,2457600
902,C,33430720,GNU C++11,OK,5003,1513702703,semjon.00,CONTESTANT,TESTS,45,312,2457600
902,A,33431227,GNU C++11,OK,5229,1513702929,semjon.00,CONTESTANT,TESTS,55,15,2048000
902,A,33430657,GNU C++11,WRONG_ANSWER,4966,1513702676,semr99,CONTESTANT,PRETESTS,2,15,2048000
902,A,33426916,C++14 (GCC 6-32),WRONG_ANSWER,3474,1513701174,semsem,CONTESTANT,PRETESTS,2,15,1945600
902,A,33427269,C++14 (GCC 6-32),SKIPPED,3613,1513701313,semsem,CONTESTANT,PRETESTS,8,15,1945600
902,A,33427388,C++14 (GCC 6-32),OK,3653,1513701353,semsem,CONTESTANT,TESTS,55,15,1945600
902,A,33419227,GNU C++11,OK,1345,1513699056,sen1998,CONTESTANT,TESTS,55,31,2048000
902,B,33427885,GNU C++11,OK,3834,1513701534,sen1998,CONTESTANT,TESTS,50,46,2560000
902,A,33423328,MS C++,WRONG_ANSWER,2348,1513700059,sen4eg,CONTESTANT,PRETESTS,3,15,2048000
902,A,33424529,MS C++,OK,2685,1513700395,sen4eg,CONTESTANT,TESTS,55,15,2048000
902,A,33415083,Java 8,WRONG_ANSWER,648,1513698358,senjougaharin,CONTESTANT,PRETESTS,3,139,20992000
902,A,33420149,Java 8,WRONG_ANSWER,1534,1513699245,senjougaharin,CONTESTANT,PRETESTS,3,139,20992000
902,A,33420671,Java 8,WRONG_ANSWER,1655,1513699365,senjougaharin,CONTESTANT,PRETESTS,3,124,20992000
902,A,33421518,Java 8,WRONG_ANSWER,1861,1513699572,senjougaharin,CONTESTANT,PRETESTS,0,109,20992000
902,A,33421910,Java 8,OK,1959,1513699669,senjougaharin,CONTESTANT,TESTS,55,155,21094400
902,A,33417271,GNU C++11,OK,993,1513698693,sepehr81,CONTESTANT,TESTS,55,31,2048000
902,B,33427165,GNU C++11,OK,3570,1513701270,sepehr81,CONTESTANT,TESTS,50,249,2764800
902,C,33433564,GNU C++11,WRONG_ANSWER,6363,1513704063,sepehr81,CONTESTANT,TESTS,13,327,3276800
902,A,33412677,C++14 (GCC 6-32),WRONG_ANSWER,185,1513697885,serenemind,CONTESTANT,PRETESTS,3,15,1843200
902,A,33413429,C++14 (GCC 6-32),OK,391,1513698091,serenemind,CONTESTANT,TESTS,55,30,1843200
902,B,33416248,C++14 (GCC 6-32),OK,828,1513698528,serenemind,CONTESTANT,TESTS,50,31,2457600
902,C,33421569,C++14 (GCC 6-32),OK,1886,1513699586,serenemind,CONTESTANT,TESTS,45,93,2252800
902,D,33428180,C++14 (GCC 6-32),WRONG_ANSWER,3949,1513701649,serenemind,CONTESTANT,PRETESTS,6,15,1843200
902,D,33433622,C++14 (GCC 6-32),WRONG_ANSWER,6391,1513704091,serenemind,CONTESTANT,PRETESTS,7,15,1843200
902,D,33434989,C++14 (GCC 6-32),WRONG_ANSWER,7000,1513704700,serenemind,CONTESTANT,PRETESTS,7,0,1843200
902,D,33435685,C++14 (GCC 6-32),WRONG_ANSWER,7199,1513704899,serenemind,CONTESTANT,PRETESTS,2,0,1843200
902,A,33413864,Python 3,OK,464,1513698164,sergovoy,CONTESTANT,TESTS,55,62,5529600
902,B,33425752,Python 3,TIME_LIMIT_EXCEEDED,3074,1513700774,sergovoy,CONTESTANT,TESTS,17,1000,7884800
902,C,33433605,Python 3,WRONG_ANSWER,6385,1513704085,sergovoy,CONTESTANT,PRETESTS,1,46,5529600
902,C,33434051,Python 3,WRONG_ANSWER,6606,1513704306,sergovoy,CONTESTANT,PRETESTS,3,62,5529600
902,C,33434943,Python 3,WRONG_ANSWER,6984,1513704684,sergovoy,CONTESTANT,PRETESTS,6,61,5529600
902,C,33435503,Python 3,WRONG_ANSWER,7164,1513704864,sergovoy,CONTESTANT,PRETESTS,6,46,5529600
902,C,33435635,Python 3,WRONG_ANSWER,7190,1513704890,sergovoy,CONTESTANT,PRETESTS,1,46,5529600
902,A,33416928,Kotlin 1.4,COMPILATION_ERROR,923,1513698634,servina86,CONTESTANT,PRETESTS,0,0,0
902,A,33417213,GNU C++11,WRONG_ANSWER,974,1513698684,servina86,CONTESTANT,PRETESTS,4,15,2048000
902,A,33419813,GNU C++11,OK,1460,1513699171,servina86,CONTESTANT,TESTS,55,15,2048000
902,B,33422416,GNU C++11,OK,2092,1513699803,servina86,CONTESTANT,TESTS,50,46,2150400
902,C,33425877,GNU C++11,TIME_LIMIT_EXCEEDED,3101,1513700812,servina86,CONTESTANT,PRETESTS,12,2000,15564800
902,C,33427851,GNU C++11,TIME_LIMIT_EXCEEDED,3811,1513701521,servina86,CONTESTANT,PRETESTS,12,2000,15462400
902,C,33428331,GNU C++11,OK,3992,1513701703,servina86,CONTESTANT,TESTS,45,296,10444800
902,A,33417778,GNU C++,WRONG_ANSWER,1080,1513698780,sethiyash,CONTESTANT,PRETESTS,2,15,2048000
902,A,33418426,GNU C++,WRONG_ANSWER,1189,1513698889,sethiyash,CONTESTANT,PRETESTS,2,15,2048000
902,A,33416712,C++14 (GCC 6-32),COMPILATION_ERROR,902,1513698602,sev_snape,CONTESTANT,PRETESTS,0,0,0
902,A,33417036,Java 8,WRONG_ANSWER,950,1513698650,sev_snape,CONTESTANT,PRETESTS,5,124,20889600
902,A,33418515,Java 8,OK,1206,1513698906,sev_snape,CONTESTANT,TESTS,55,124,20889600
902,B,33420285,Java 8,OK,1576,1513699276,sev_snape,CONTESTANT,TESTS,50,140,20992000
902,C,33425708,Java 8,WRONG_ANSWER,3060,1513700760,sev_snape,CONTESTANT,PRETESTS,1,93,20787200
902,C,33425870,Java 8,WRONG_ANSWER,3111,1513700811,sev_snape,CONTESTANT,PRETESTS,6,124,20889600
902,C,33427633,Java 8,OK,3741,1513701441,sev_snape,CONTESTANT,TESTS,45,202,20889600
902,A,33413091,GNU C++11,OK,328,1513698028,sggutier,CONTESTANT,TESTS,55,31,2048000
902,B,33415844,GNU C++11,OK,769,1513698470,sggutier,CONTESTANT,TESTS,50,15,3891200
902,C,33422691,GNU C++11,OK,2180,1513699880,sggutier,CONTESTANT,TESTS,45,124,2457600
902,D,33434006,GNU C++11,WRONG_ANSWER,6581,1513704281,sggutier,CONTESTANT,PRETESTS,2,0,2048000
902,A,33415117,C++14 (GCC 6-32),WRONG_ANSWER,653,1513698363,shaanknight,CONTESTANT,PRETESTS,2,15,1843200
902,A,33416461,C++14 (GCC 6-32),WRONG_ANSWER,850,1513698561,shaanknight,CONTESTANT,PRETESTS,4,15,1843200
902,A,33418862,C++14 (GCC 6-32),WRONG_ANSWER,1266,1513698977,shaanknight,CONTESTANT,PRETESTS,4,15,1843200
902,A,33420914,C++14 (GCC 6-32),WRONG_ANSWER,1711,1513699421,shaanknight,CONTESTANT,PRETESTS,2,15,1945600
902,B,33427112,C++14 (GCC 6-32),OK,3536,1513701247,shaanknight,CONTESTANT,TESTS,50,46,2969600
902,C,33432571,C++14 (GCC 6-32),WRONG_ANSWER,5894,1513703605,shaanknight,CONTESTANT,PRETESTS,4,15,3481600
902,A,33435557,C++14 (GCC 6-32),COMPILATION_ERROR,7165,1513704876,shaanknight,CONTESTANT,PRETESTS,0,0,0
902,A,33416889,Java 8,WRONG_ANSWER,917,1513698628,shabashoff,CONTESTANT,TESTS,11,140,20992000
902,A,33422957,Java 8,OK,2249,1513699949,shabby005,CONTESTANT,TESTS,55,155,20992000
902,B,33432946,Java 8,OK,6085,1513703785,shabby005,CONTESTANT,TESTS,50,217,21094400
902,A,33419424,Python 3,RUNTIME_ERROR,1382,1513699092,shacharh,CONTESTANT,PRETESTS,0,46,5529600
902,A,33420526,Python 3,OK,1622,1513699332,shacharh,CONTESTANT,TESTS,55,62,5529600
902,A,33418026,C++14 (GCC 6-32),WRONG_ANSWER,1121,1513698821,shadaBhai,CONTESTANT,PRETESTS,4,15,1843200
902,A,33421255,C++14 (GCC 6-32),WRONG_ANSWER,1806,1513699506,shadaBhai,CONTESTANT,PRETESTS,0,0,1945600
902,A,33424578,C++14 (GCC 6-32),WRONG_ANSWER,2708,1513700408,shadaBhai,CONTESTANT,PRETESTS,2,0,1945600
902,A,33425745,C++14 (GCC 6-32),WRONG_ANSWER,3071,1513700771,shadaBhai,CONTESTANT,TESTS,41,15,1945600
902,B,33433267,C++14 (GCC 6-32),WRONG_ANSWER,6235,1513703935,shadaBhai,CONTESTANT,PRETESTS,1,0,2048000
902,B,33433502,C++14 (GCC 6-32),WRONG_ANSWER,6333,1513704033,shadaBhai,CONTESTANT,PRETESTS,1,15,2048000
902,C,33420334,C++14 (GCC 6-32),OK,1584,1513699284,shadows7,CONTESTANT,TESTS,45,108,9932800
902,B,33420947,C++14 (GCC 6-32),OK,1730,1513699430,shadows7,CONTESTANT,TESTS,50,31,22323200
902,A,33422119,C++14 (GCC 6-32),OK,2017,1513699717,shadows7,CONTESTANT,TESTS,55,15,4300800
902,E,33431409,C++14 (GCC 6-32),RUNTIME_ERROR,5315,1513703015,shadows7,CONTESTANT,PRETESTS,2,171,22835200
902,E,33431475,C++14 (GCC 6-32),WRONG_ANSWER,5350,1513703050,shadows7,CONTESTANT,PRETESTS,3,794,65740800
902,E,33433143,C++14 (GCC 6-32),OK,6180,1513703880,shadows7,CONTESTANT,TESTS,59,1091,74240000
902,A,33416644,C++14 (GCC 6-32),OK,889,1513698589,shadyBudha,CONTESTANT,TESTS,55,15,1945600
902,B,33425042,C++14 (GCC 6-32),OK,2843,1513700543,shadyBudha,CONTESTANT,TESTS,50,30,2355200
902,A,33426992,GNU C++,WRONG_ANSWER,3500,1513701200,shaeekhshuvro,CONTESTANT,PRETESTS,2,0,2048000
902,A,33427489,GNU C++,WRONG_ANSWER,3689,1513701389,shaeekhshuvro,CONTESTANT,PRETESTS,2,15,2048000
902,A,33429060,GNU C++,WRONG_ANSWER,4300,1513702000,shaeekhshuvro,CONTESTANT,PRETESTS,2,15,2048000
902,A,33431246,GNU C++,WRONG_ANSWER,5239,1513702939,shaeekhshuvro,CONTESTANT,PRETESTS,2,15,2048000
902,B,33418016,C++14 (GCC 6-32),OK,1119,1513698819,shafat_digonta,CONTESTANT,TESTS,50,15,2457600
902,A,33423374,C++14 (GCC 6-32),WRONG_ANSWER,2372,1513700072,shafat_digonta,CONTESTANT,PRETESTS,2,15,1945600
902,A,33425448,C++14 (GCC 6-32),OK,2975,1513700675,shafat_digonta,CONTESTANT,TESTS,55,15,2048000
902,C,33432909,C++14 (GCC 6-32),WRONG_ANSWER,6070,1513703770,shafat_digonta,CONTESTANT,PRETESTS,1,15,4300800
902,C,33434566,C++14 (GCC 6-32),WRONG_ANSWER,6830,1513704530,shafat_digonta,CONTESTANT,TESTS,13,124,6348800
902,C,33418821,GNU C++11,OK,1266,1513698966,shagakur,CONTESTANT,TESTS,45,343,8908800
902,B,33421927,GNU C++11,OK,1974,1513699674,shagakur,CONTESTANT,TESTS,50,249,2457600
902,A,33423088,GNU C++11,WRONG_ANSWER,2285,1513699985,shagakur,CONTESTANT,PRETESTS,2,15,2048000
902,A,33423798,GNU C++11,OK,2491,1513700191,shagakur,CONTESTANT,TESTS,55,15,2048000
902,D,33435626,GNU C++11,OK,7188,1513704888,shagakur,CONTESTANT,TESTS,150,15,2150400
902,A,33413842,C++14 (GCC 6-32),OK,461,1513698161,shahed_ahmed,CONTESTANT,TESTS,55,15,2252800
902,B,33425280,C++14 (GCC 6-32),OK,2919,1513700619,shahed_ahmed,CONTESTANT,TESTS,50,46,2560000
902,C,33431109,C++14 (GCC 6-32),OK,5168,1513702868,shahed_ahmed,CONTESTANT,TESTS,45,140,5222400
902,A,33414909,GNU C++,OK,632,1513698332,shahincsejnu,CONTESTANT,TESTS,55,15,2048000
902,B,33425876,GNU C++,WRONG_ANSWER,3111,1513700811,shahincsejnu,CONTESTANT,PRETESTS,1,15,2457600
902,A,33427386,GNU C++,TIME_LIMIT_EXCEEDED,3652,1513701352,shailey_123,CONTESTANT,PRETESTS,5,1000,2048000
902,A,33413771,Python 3,OK,450,1513698150,shakandrew,CONTESTANT,TESTS,55,77,5529600
902,B,33420476,Python 3,OK,1620,1513699320,shakandrew,CONTESTANT,TESTS,50,77,6553600
902,C,33427604,Python 3,OK,3731,1513701431,shakandrew,CONTESTANT,TESTS,45,342,18022400
902,A,33420799,GNU C++,WRONG_ANSWER,1688,1513699398,shakil2021,CONTESTANT,PRETESTS,2,15,2048000
902,A,33427894,GNU C,COMPILATION_ERROR,3837,1513701537,shamoldas,CONTESTANT,PRETESTS,0,0,0
902,A,33415959,GNU C++11,CHALLENGED,776,1513698486,shan2new,CONTESTANT,CHALLENGES,8,15,2048000
902,A,33427018,GNU C++11,OK,3500,1513701211,shan2new,CONTESTANT,TESTS,55,15,2048000
902,B,33428992,GNU C++11,OK,4266,1513701976,shan2new,CONTESTANT,TESTS,50,46,4403200
902,A,33423036,Python 3,WRONG_ANSWER,2272,1513699972,sharif_42,CONTESTANT,PRETESTS,2,46,5529600
902,A,33426389,Python 3,WRONG_ANSWER,3287,1513700988,sharif_42,CONTESTANT,PRETESTS,2,62,5529600
902,A,33432263,Python 3,WRONG_ANSWER,5745,1513703445,sharif_42,CONTESTANT,TESTS,41,62,5529600
902,A,33419481,C++14 (GCC 6-32),WRONG_ANSWER,1403,1513699103,shariful.alam,CONTESTANT,PRETESTS,2,0,1945600
902,A,33425697,C++14 (GCC 6-32),WRONG_ANSWER,3056,1513700756,shariful.alam,CONTESTANT,PRETESTS,2,0,1945600
902,A,33414980,C++14 (GCC 6-32),WRONG_ANSWER,642,1513698342,sharmaabhi3377,CONTESTANT,PRETESTS,4,15,1843200
902,A,33416412,C++14 (GCC 6-32),WRONG_ANSWER,852,1513698552,sharmaabhi3377,CONTESTANT,PRETESTS,4,0,1945600
902,A,33417322,C++14 (GCC 6-32),WRONG_ANSWER,1001,1513698701,sharmaabhi3377,CONTESTANT,PRETESTS,4,15,1945600
902,A,33420246,C++14 (GCC 6-32),WRONG_ANSWER,1569,1513699269,sharmaabhi3377,CONTESTANT,PRETESTS,4,15,1843200
902,A,33420926,C++14 (GCC 6-32),WRONG_ANSWER,1725,1513699425,sharmaabhi3377,CONTESTANT,PRETESTS,4,15,1945600
902,A,33421595,C++14 (GCC 6-32),WRONG_ANSWER,1890,1513699590,sharmaabhi3377,CONTESTANT,PRETESTS,4,0,1945600
902,A,33422936,C++14 (GCC 6-32),WRONG_ANSWER,2245,1513699945,sharmaabhi3377,CONTESTANT,PRETESTS,4,0,1843200
902,A,33425236,C++14 (GCC 6-32),WRONG_ANSWER,2904,1513700604,sharmaabhi3377,CONTESTANT,PRETESTS,4,0,1843200
902,A,33428173,C++14 (GCC 6-32),WRONG_ANSWER,3947,1513701647,sharmaabhi3377,CONTESTANT,PRETESTS,4,15,1843200
902,A,33428709,C++14 (GCC 6-32),WRONG_ANSWER,4163,1513701863,sharmaabhi3377,CONTESTANT,PRETESTS,4,15,1843200
902,A,33428934,C++14 (GCC 6-32),WRONG_ANSWER,4250,1513701950,sharmaabhi3377,CONTESTANT,PRETESTS,4,15,1945600
902,A,33429712,C++14 (GCC 6-32),WRONG_ANSWER,4577,1513702277,sharmaabhi3377,CONTESTANT,PRETESTS,1,15,1843200
902,A,33430111,C++14 (GCC 6-32),WRONG_ANSWER,4747,1513702447,sharmaabhi3377,CONTESTANT,PRETESTS,4,15,1945600
902,A,33430850,C++14 (GCC 6-32),WRONG_ANSWER,5052,1513702752,sharmaabhi3377,CONTESTANT,PRETESTS,4,15,1945600
902,A,33431289,C++14 (GCC 6-32),WRONG_ANSWER,5257,1513702957,sharmaabhi3377,CONTESTANT,PRETESTS,4,15,1945600
902,A,33431739,C++14 (GCC 6-32),WRONG_ANSWER,5484,1513703184,sharmaabhi3377,CONTESTANT,PRETESTS,4,15,1843200
902,A,33432546,C++14 (GCC 6-32),WRONG_ANSWER,5893,1513703593,sharmaabhi3377,CONTESTANT,PRETESTS,4,15,1945600
902,A,33432771,C++14 (GCC 6-32),WRONG_ANSWER,5996,1513703696,sharmaabhi3377,CONTESTANT,PRETESTS,4,15,1945600
902,A,33433177,C++14 (GCC 6-32),WRONG_ANSWER,6195,1513703895,sharmaabhi3377,CONTESTANT,PRETESTS,4,15,1945600
902,A,33421523,GNU C++11,SKIPPED,1873,1513699573,sharmani,CONTESTANT,PRETESTS,8,31,2048000
902,A,33422271,GNU C++11,OK,2055,1513699755,sharmani,CONTESTANT,TESTS,55,30,2048000
902,A,33417495,C++14 (GCC 6-32),WRONG_ANSWER,1020,1513698731,shashank96,CONTESTANT,TESTS,11,15,1945600
902,B,33424911,C++14 (GCC 6-32),WRONG_ANSWER,2792,1513700502,shashank96,CONTESTANT,PRETESTS,0,15,2150400
902,B,33425684,C++14 (GCC 6-32),OK,3040,1513700750,shashank96,CONTESTANT,TESTS,50,30,2560000
902,C,33431637,C++14 (GCC 6-32),RUNTIME_ERROR,5421,1513703131,shashank96,CONTESTANT,TESTS,13,93,6246400
902,A,33415373,C++14 (GCC 6-32),WRONG_ANSWER,703,1513698403,she_dont_care,CONTESTANT,PRETESTS,2,0,1843200
902,A,33419664,C++14 (GCC 6-32),OK,1442,1513699142,she_dont_care,CONTESTANT,TESTS,55,15,1945600
902,B,33422932,C++14 (GCC 6-32),OK,2244,1513699944,she_dont_care,CONTESTANT,TESTS,50,46,3686400
902,C,33429099,C++14 (GCC 6-32),OK,4317,1513702017,she_dont_care,CONTESTANT,TESTS,45,140,4300800
902,A,33413142,C++14 (GCC 6-32),OK,338,1513698038,shehebe,CONTESTANT,TESTS,55,15,1945600
902,B,33420450,C++14 (GCC 6-32),OK,1613,1513699313,shehebe,CONTESTANT,TESTS,50,46,2560000
902,C,33426942,C++14 (GCC 6-32),WRONG_ANSWER,3484,1513701184,shehebe,CONTESTANT,PRETESTS,0,0,2252800
902,C,33427106,C++14 (GCC 6-32),OK,3545,1513701245,shehebe,CONTESTANT,TESTS,45,140,2355200
902,A,33416152,GNU C,WRONG_ANSWER,816,1513698516,shell_basher,CONTESTANT,PRETESTS,2,15,1945600
902,A,33433739,GNU C,WRONG_ANSWER,6442,1513704142,shell_basher,CONTESTANT,PRETESTS,1,15,1945600
902,A,33435008,GNU C,WRONG_ANSWER,7006,1513704706,shell_basher,CONTESTANT,TESTS,16,15,1843200
902,A,33416634,GNU C++11,WRONG_ANSWER,888,1513698588,sheriff,CONTESTANT,PRETESTS,2,15,2048000
902,A,33418899,GNU C++11,WRONG_ANSWER,1285,1513698985,sheriff,CONTESTANT,PRETESTS,2,15,2048000
902,A,33421482,GNU C++11,WRONG_ANSWER,1864,1513699564,sheriff,CONTESTANT,PRETESTS,4,15,2048000
902,A,33422190,GNU C++11,WRONG_ANSWER,2036,1513699736,sheriff,CONTESTANT,PRETESTS,4,15,2048000
902,A,33426934,GNU C++11,WRONG_ANSWER,3481,1513701181,sheriff,CONTESTANT,PRETESTS,6,15,2048000
902,A,33428282,GNU C++11,WRONG_ANSWER,3986,1513701686,sheriff,CONTESTANT,PRETESTS,2,15,2048000
902,A,33428579,GNU C++11,WRONG_ANSWER,4106,1513701806,sheriff,CONTESTANT,PRETESTS,2,15,2048000
902,A,33430585,GNU C++11,WRONG_ANSWER,4941,1513702641,sheriff,CONTESTANT,PRETESTS,2,0,2048000
902,A,33430765,GNU C++11,COMPILATION_ERROR,5022,1513702722,sheriff,CONTESTANT,PRETESTS,0,0,0
902,A,33430917,GNU C++11,WRONG_ANSWER,5079,1513702779,sheriff,CONTESTANT,PRETESTS,2,15,2048000
902,A,33432012,GNU C++11,WRONG_ANSWER,5622,1513703322,sheriff,CONTESTANT,PRETESTS,4,15,2048000
902,A,33433994,GNU C++11,WRONG_ANSWER,6574,1513704274,sheriff,CONTESTANT,PRETESTS,5,15,2150400
902,A,33434831,GNU C++11,OK,6943,1513704643,sheriff,CONTESTANT,TESTS,55,30,2150400
902,A,33413206,C++14 (GCC 6-32),WRONG_ANSWER,351,1513698051,shevelev,CONTESTANT,PRETESTS,0,15,1945600
902,A,33413565,C++14 (GCC 6-32),WRONG_ANSWER,415,1513698115,shevelev,CONTESTANT,PRETESTS,2,15,1843200
902,A,33415889,C++14 (GCC 6-32),OK,775,1513698475,shevelev,CONTESTANT,TESTS,55,31,1945600
902,B,33425098,C++14 (GCC 6-32),OK,2862,1513700562,shevelev,CONTESTANT,TESTS,50,202,2457600
902,C,33430348,C++14 (GCC 6-32),WRONG_ANSWER,4840,1513702540,shevelev,CONTESTANT,PRETESTS,4,15,1843200
902,C,33431645,C++14 (GCC 6-32),WRONG_ANSWER,5436,1513703136,shevelev,CONTESTANT,PRETESTS,4,0,1945600
902,C,33433171,C++14 (GCC 6-32),WRONG_ANSWER,6193,1513703893,shevelev,CONTESTANT,PRETESTS,4,15,1945600
902,C,33433234,C++14 (GCC 6-32),WRONG_ANSWER,6220,1513703920,shevelev,CONTESTANT,PRETESTS,4,15,1945600
902,C,33434008,C++14 (GCC 6-32),WRONG_ANSWER,6583,1513704283,shevelev,CONTESTANT,PRETESTS,1,15,1843200
902,C,33434327,C++14 (GCC 6-32),OK,6725,1513704425,shevelev,CONTESTANT,TESTS,45,140,5632000
902,A,33415178,C++14 (GCC 6-32),OK,662,1513698372,shibly,CONTESTANT,TESTS,55,15,1945600
902,B,33420005,C++14 (GCC 6-32),OK,1503,1513699213,shibly,CONTESTANT,TESTS,50,31,2457600
902,C,33428346,C++14 (GCC 6-32),OK,3998,1513701709,shibly,CONTESTANT,TESTS,45,109,2252800
902,A,33421867,C++14 (GCC 6-32),WRONG_ANSWER,1957,1513699657,shihabmridha,CONTESTANT,PRETESTS,2,15,1843200
902,A,33422914,C++14 (GCC 6-32),WRONG_ANSWER,2239,1513699939,shihabmridha,CONTESTANT,PRETESTS,2,15,1945600
902,A,33427964,C++14 (GCC 6-32),OK,3861,1513701561,shihabmridha,CONTESTANT,TESTS,55,15,1945600
902,B,33435594,C++14 (GCC 6-32),WRONG_ANSWER,7182,1513704882,shihabmridha,CONTESTANT,PRETESTS,0,0,2150400
902,A,33417281,GNU C++,WRONG_ANSWER,995,1513698695,shikher_raj55,CONTESTANT,PRETESTS,6,15,2048000
902,A,33418496,GNU C++,WRONG_ANSWER,1201,1513698901,shikher_raj55,CONTESTANT,PRETESTS,6,15,2048000
902,A,33420340,GNU C++,WRONG_ANSWER,1585,1513699285,shikher_raj55,CONTESTANT,PRETESTS,0,0,2048000
902,A,33422511,GNU C++,WRONG_ANSWER,2128,1513699828,shikher_raj55,CONTESTANT,PRETESTS,6,15,2048000
902,A,33423854,GNU C++,WRONG_ANSWER,2503,1513700203,shikher_raj55,CONTESTANT,TESTS,14,15,2048000
902,B,33427958,GNU C++,OK,3859,1513701559,shikher_raj55,CONTESTANT,TESTS,50,31,2969600
902,C,33431967,GNU C++,WRONG_ANSWER,5598,1513703298,shikher_raj55,CONTESTANT,PRETESTS,1,15,4505600
902,C,33433184,GNU C++,OK,6201,1513703901,shikher_raj55,CONTESTANT,TESTS,45,265,8499200
902,A,33423306,C++14 (GCC 6-32),OK,2352,1513700052,shikimaru,CONTESTANT,TESTS,55,15,1945600
902,B,33429849,C++14 (GCC 6-32),OK,4632,1513702332,shikimaru,CONTESTANT,TESTS,50,171,2764800
902,A,33419028,C++14 (GCC 6-32),WRONG_ANSWER,1303,1513699014,shiladityachatterji,CONTESTANT,PRETESTS,2,15,1945600
902,A,33423728,C++14 (GCC 6-32),WRONG_ANSWER,2459,1513700170,shiladityachatterji,CONTESTANT,PRETESTS,0,0,1843200
902,A,33423998,C++14 (GCC 6-32),WRONG_ANSWER,2535,1513700245,shiladityachatterji,CONTESTANT,TESTS,16,15,1945600
902,B,33429806,C++14 (GCC 6-32),OK,4608,1513702318,shiladityachatterji,CONTESTANT,TESTS,50,78,2048000
902,A,33414045,C++14 (GCC 6-32),TIME_LIMIT_EXCEEDED,496,1513698196,shinbay,CONTESTANT,PRETESTS,2,1000,2048000
902,A,33414964,C++14 (GCC 6-32),CHALLENGED,640,1513698340,shinbay,CONTESTANT,CHALLENGES,8,31,2048000
902,B,33420665,C++14 (GCC 6-32),OK,1664,1513699364,shinbay,CONTESTANT,TESTS,50,233,3174400
902,C,33424518,C++14 (GCC 6-32),WRONG_ANSWER,2691,1513700391,shinbay,CONTESTANT,PRETESTS,3,15,3584000
902,A,33416068,C++14 (GCC 6-32),WRONG_ANSWER,790,1513698501,shini11,CONTESTANT,PRETESTS,2,0,1843200
902,A,33419657,C++14 (GCC 6-32),WRONG_ANSWER,1430,1513699140,shini11,CONTESTANT,PRETESTS,4,15,1945600
902,A,33432829,C++14 (GCC 6-32),WRONG_ANSWER,6019,1513703729,shini11,CONTESTANT,PRETESTS,4,15,1843200
902,A,33424508,GNU C++11,WRONG_ANSWER,2689,1513700389,shinigami336537,CONTESTANT,PRETESTS,3,15,2048000
902,A,33425097,GNU C++11,WRONG_ANSWER,2862,1513700562,shinigami336537,CONTESTANT,PRETESTS,3,15,2048000
902,A,33425611,GNU C++11,WRONG_ANSWER,3026,1513700726,shinigami336537,CONTESTANT,PRETESTS,3,15,2048000
902,A,33425903,GNU C++11,WRONG_ANSWER,3121,1513700821,shinigami336537,CONTESTANT,PRETESTS,3,15,2048000
902,A,33426568,GNU C++11,WRONG_ANSWER,3349,1513701049,shinigami336537,CONTESTANT,TESTS,14,15,2048000
902,A,33421873,Python 3,WRONG_ANSWER,1958,1513699658,shiningsunnyday,CONTESTANT,PRETESTS,0,62,5529600
902,A,33422320,Python 3,WRONG_ANSWER,2072,1513699772,shiningsunnyday,CONTESTANT,PRETESTS,2,62,5529600
902,A,33417686,Java 8,CHALLENGED,1054,1513698764,shirogiro,CONTESTANT,CHALLENGES,8,140,20992000
902,A,33417129,GNU C,RUNTIME_ERROR,969,1513698669,shivakittugotur1,CONTESTANT,PRETESTS,0,0,1843200
902,A,33417675,GNU C,RUNTIME_ERROR,1063,1513698763,shivakittugotur1,CONTESTANT,PRETESTS,0,0,1843200
902,A,33418830,GNU C,WRONG_ANSWER,1267,1513698967,shivakittugotur1,CONTESTANT,PRETESTS,2,0,1945600
902,C,33421516,Python 2,WRONG_ANSWER,1872,1513699572,shivakittugotur1,CONTESTANT,PRETESTS,1,61,4608000
902,A,33417680,Java 8,WRONG_ANSWER,1064,1513698764,shivaleela234,CONTESTANT,PRETESTS,2,140,20992000
902,A,33419917,Java 8,WRONG_ANSWER,1494,1513699194,shivaleela234,CONTESTANT,PRETESTS,4,155,20992000
902,A,33421415,Java 8,WRONG_ANSWER,1845,1513699545,shivaleela234,CONTESTANT,PRETESTS,4,140,20992000
902,A,33424433,Java 8,WRONG_ANSWER,2666,1513700366,shivaleela234,CONTESTANT,PRETESTS,4,124,20992000
902,A,33430010,Java 8,WRONG_ANSWER,4700,1513702400,shivaleela234,CONTESTANT,PRETESTS,4,155,20992000
902,A,33412689,C++14 (GCC 6-32),WRONG_ANSWER,187,1513697898,shivam7,CONTESTANT,PRETESTS,3,15,1843200
902,A,33413461,C++14 (GCC 6-32),OK,386,1513698097,shivam7,CONTESTANT,TESTS,55,15,1945600
902,B,33418863,C++14 (GCC 6-32),OK,1266,1513698977,shivam7,CONTESTANT,TESTS,50,15,2457600
902,C,33423897,C++14 (GCC 6-32),WRONG_ANSWER,2508,1513700219,shivam7,CONTESTANT,PRETESTS,4,15,2252800
902,C,33425681,C++14 (GCC 6-32),WRONG_ANSWER,3039,1513700750,shivam7,CONTESTANT,PRETESTS,4,15,2252800
902,C,33426020,C++14 (GCC 6-32),WRONG_ANSWER,3146,1513700857,shivam7,CONTESTANT,PRETESTS,1,0,2252800
902,C,33426168,C++14 (GCC 6-32),OK,3201,1513700911,shivam7,CONTESTANT,TESTS,45,92,5222400
902,A,33416917,C++14 (GCC 6-32),WRONG_ANSWER,932,1513698632,shivam_1708,CONTESTANT,PRETESTS,5,15,1945600
902,A,33419104,C++14 (GCC 6-32),WRONG_ANSWER,1333,1513699033,shivam_1708,CONTESTANT,PRETESTS,5,15,1945600
902,A,33419465,C++14 (GCC 6-32),WRONG_ANSWER,1400,1513699100,shivam_1708,CONTESTANT,PRETESTS,5,0,1945600
902,A,33421982,C++14 (GCC 6-32),WRONG_ANSWER,1989,1513699689,shivam_1708,CONTESTANT,PRETESTS,5,0,1945600
902,A,33424557,C++14 (GCC 6-32),CHALLENGED,2703,1513700403,shivam_1708,CONTESTANT,CHALLENGES,8,15,1945600
902,B,33434034,C++14 (GCC 6-32),WRONG_ANSWER,6599,1513704299,shivam_1708,CONTESTANT,PRETESTS,9,15,2560000
902,A,33420363,C++14 (GCC 6-32),WRONG_ANSWER,1592,1513699292,shivamaryan17,CONTESTANT,PRETESTS,2,15,1945600
902,A,33421306,C++14 (GCC 6-32),WRONG_ANSWER,1821,1513699521,shivamaryan17,CONTESTANT,PRETESTS,3,15,1843200
902,A,33422729,C++14 (GCC 6-32),WRONG_ANSWER,2189,1513699889,shivamaryan17,CONTESTANT,PRETESTS,4,15,1945600
902,A,33424033,C++14 (GCC 6-32),OK,2554,1513700254,shivamaryan17,CONTESTANT,TESTS,55,15,1945600
902,A,33413578,C++14 (GCC 6-32),OK,407,1513698117,shivammittal99,CONTESTANT,TESTS,55,15,1945600
902,B,33417417,C++14 (GCC 6-32),OK,1006,1513698716,shivammittal99,CONTESTANT,TESTS,50,15,2560000
902,C,33422371,C++14 (GCC 6-32),OK,2078,1513699788,shivammittal99,CONTESTANT,TESTS,45,93,2662400
902,A,33414291,C++14 (GCC 6-32),CHALLENGED,533,1513698233,shivangchopra11,CONTESTANT,CHALLENGES,8,15,1945600
902,B,33421614,C++14 (GCC 6-32),OK,1894,1513699594,shivangchopra11,CONTESTANT,TESTS,50,421,2560000
902,A,33427693,C++14 (GCC 6-32),OK,3764,1513701464,shivangchopra11,CONTESTANT,TESTS,55,31,1945600
902,C,33430026,C++14 (GCC 6-32),CHALLENGED,4708,1513702408,shivangchopra11,CONTESTANT,CHALLENGES,13,31,3891200
902,C,33434088,C++14 (GCC 6-32),OK,6619,1513704319,shivangchopra11,CONTESTANT,TESTS,45,93,7884800
902,A,33417293,C++14 (GCC 6-32),WRONG_ANSWER,997,1513698697,shivani_karwa,CONTESTANT,PRETESTS,2,0,1843200
902,A,33421669,C++14 (GCC 6-32),WRONG_ANSWER,1907,1513699607,shivani_karwa,CONTESTANT,PRETESTS,2,15,1945600
902,A,33424717,C++14 (GCC 6-32),WRONG_ANSWER,2747,1513700447,shivani_karwa,CONTESTANT,TESTS,20,15,1945600
902,A,33413943,C++14 (GCC 6-32),WRONG_ANSWER,479,1513698179,shivanya,CONTESTANT,PRETESTS,3,15,1843200
902,A,33415228,C++14 (GCC 6-32),WRONG_ANSWER,681,1513698381,shivanya,CONTESTANT,PRETESTS,3,15,1843200
902,A,33416465,C++14 (GCC 6-32),WRONG_ANSWER,861,1513698561,shivanya,CONTESTANT,PRETESTS,4,15,1843200
902,A,33418136,C++14 (GCC 6-32),WRONG_ANSWER,1139,1513698839,shivanya,CONTESTANT,PRETESTS,2,15,1843200
902,A,33421085,C++14 (GCC 6-32),WRONG_ANSWER,1765,1513699465,shivanya,CONTESTANT,PRETESTS,4,15,1843200
902,A,33423730,C++14 (GCC 6-32),CHALLENGED,2470,1513700170,shivanya,CONTESTANT,CHALLENGES,8,15,1843200
902,B,33431097,C++14 (GCC 6-32),OK,5160,1513702860,shivanya,CONTESTANT,TESTS,50,31,2867200
902,A,33435593,C++14 (GCC 6-32),WRONG_ANSWER,7182,1513704882,shivanya,CONTESTANT,CHALLENGES,0,15,1945600
902,A,33422608,C++14 (GCC 6-32),OK,2157,1513699857,shmundhra,CONTESTANT,TESTS,55,15,1945600
902,B,33434371,C++14 (GCC 6-32),WRONG_ANSWER,6746,1513704446,shmundhra,CONTESTANT,PRETESTS,1,0,2048000
902,B,33435501,C++14 (GCC 6-32),WRONG_ANSWER,7164,1513704864,shmundhra,CONTESTANT,PRETESTS,0,0,2150400
902,A,33415346,GNU C,WRONG_ANSWER,687,1513698397,shoccho,CONTESTANT,PRETESTS,2,15,1843200
902,A,33416894,GNU C,WRONG_ANSWER,919,1513698629,shoccho,CONTESTANT,PRETESTS,2,15,1843200
902,A,33417616,GNU C,WRONG_ANSWER,1043,1513698754,shoccho,CONTESTANT,PRETESTS,2,15,1843200
902,A,33419140,GNU C,WRONG_ANSWER,1339,1513699039,shoccho,CONTESTANT,PRETESTS,2,15,1843200
902,A,33420528,GNU C,WRONG_ANSWER,1622,1513699332,shoccho,CONTESTANT,PRETESTS,2,15,1843200
902,A,33427205,GNU C,WRONG_ANSWER,3577,1513701288,shoccho,CONTESTANT,PRETESTS,1,15,1843200
902,A,33427658,GNU C,WRONG_ANSWER,3739,1513701450,shoccho,CONTESTANT,PRETESTS,0,0,1843200
902,A,33430364,GNU C,OK,4835,1513702545,shoccho,CONTESTANT,TESTS,55,15,1843200
902,A,33417448,C++14 (GCC 6-32),WRONG_ANSWER,1012,1513698723,shohag_16030,CONTESTANT,PRETESTS,2,15,3481600
902,A,33418819,C++14 (GCC 6-32),WRONG_ANSWER,1255,1513698965,shohag_16030,CONTESTANT,PRETESTS,2,15,3481600
902,A,33421581,C++14 (GCC 6-32),WRONG_ANSWER,1878,1513699588,shohag_16030,CONTESTANT,PRETESTS,2,0,3481600
902,A,33424850,C++14 (GCC 6-32),WRONG_ANSWER,2775,1513700485,shohag_16030,CONTESTANT,PRETESTS,2,0,3481600
902,A,33431573,GNU C,WRONG_ANSWER,5395,1513703095,shohag_rana,CONTESTANT,PRETESTS,2,0,1843200
902,A,33420716,Python 3,WRONG_ANSWER,1677,1513699377,shokouf,CONTESTANT,PRETESTS,2,46,5529600
902,A,33422587,Python 3,OK,2150,1513699850,shokouf,CONTESTANT,TESTS,55,62,5529600
902,A,33414199,GNU C++11,WRONG_ANSWER,519,1513698219,showmic96,CONTESTANT,PRETESTS,4,0,2048000
902,A,33414685,GNU C++11,WRONG_ANSWER,593,1513698293,showmic96,CONTESTANT,PRETESTS,0,0,2048000
902,A,33414892,GNU C++11,OK,629,1513698329,showmic96,CONTESTANT,TESTS,55,15,2048000
902,B,33418543,GNU C++11,OK,1212,1513698912,showmic96,CONTESTANT,TESTS,50,15,2560000
902,C,33426035,GNU C++11,WRONG_ANSWER,3164,1513700864,showmic96,CONTESTANT,PRETESTS,1,15,2048000
902,C,33428114,GNU C++11,WRONG_ANSWER,3920,1513701620,showmic96,CONTESTANT,PRETESTS,1,15,2048000
902,C,33429187,GNU C++11,WRONG_ANSWER,4352,1513702052,showmic96,CONTESTANT,PRETESTS,3,15,2048000
902,C,33429545,GNU C++11,WRONG_ANSWER,4507,1513702207,showmic96,CONTESTANT,PRETESTS,3,0,2048000
902,C,33433087,GNU C++11,WRONG_ANSWER,6152,1513703852,showmic96,CONTESTANT,PRETESTS,0,15,3276800
902,C,33433211,GNU C++11,WRONG_ANSWER,6209,1513703909,showmic96,CONTESTANT,PRETESTS,0,0,3276800
902,C,33433386,GNU C++11,WRONG_ANSWER,6287,1513703987,showmic96,CONTESTANT,PRETESTS,0,15,3276800
902,C,33433824,GNU C++11,WRONG_ANSWER,6480,1513704180,showmic96,CONTESTANT,PRETESTS,1,0,3276800
902,C,33434337,GNU C++11,WRONG_ANSWER,6730,1513704430,showmic96,CONTESTANT,PRETESTS,3,15,3276800
902,A,33426242,C++14 (GCC 6-32),OK,3238,1513700938,shrey_alkhaniya,CONTESTANT,TESTS,55,15,1945600
902,A,33420934,C++14 (GCC 6-32),WRONG_ANSWER,1727,1513699427,shreya12830,CONTESTANT,PRETESTS,2,15,1843200
902,A,33434156,C++14 (GCC 6-32),WRONG_ANSWER,6649,1513704349,shreya12830,CONTESTANT,PRETESTS,0,0,1945600
902,A,33416353,C++14 (GCC 6-32),WRONG_ANSWER,844,1513698544,shreya285,CONTESTANT,PRETESTS,0,15,1843200
902,A,33416770,C++14 (GCC 6-32),WRONG_ANSWER,911,1513698611,shreya285,CONTESTANT,PRETESTS,4,15,1945600
902,A,33419641,C++14 (GCC 6-32),WRONG_ANSWER,1437,1513699137,shreya285,CONTESTANT,PRETESTS,2,0,1945600
902,A,33422607,C++14 (GCC 6-32),CHALLENGED,2157,1513699857,shreya285,CONTESTANT,CHALLENGES,8,15,1945600
902,B,33425579,C++14 (GCC 6-32),OK,3016,1513700716,shreya285,CONTESTANT,TESTS,50,30,2662400
902,A,33427179,C++14 (GCC 6-32),WRONG_ANSWER,3578,1513701278,shreya285,CONTESTANT,PRETESTS,3,15,1945600
902,A,33430592,C++14 (GCC 6-32),OK,4945,1513702645,shreya285,CONTESTANT,TESTS,55,31,1945600
902,C,33432708,C++14 (GCC 6-32),WRONG_ANSWER,5966,1513703667,shreya285,CONTESTANT,PRETESTS,3,15,2662400
902,C,33433847,C++14 (GCC 6-32),WRONG_ANSWER,6496,1513704196,shreya285,CONTESTANT,PRETESTS,3,15,2662400
902,A,33415017,Java 8,WRONG_ANSWER,648,1513698348,shreyansh97,CONTESTANT,PRETESTS,4,108,20684800
902,A,33417850,Java 8,OK,1093,1513698793,shreyansh97,CONTESTANT,TESTS,55,124,20684800
902,B,33425073,Java 8,OK,2853,1513700553,shreyansh97,CONTESTANT,TESTS,50,140,20684800
902,C,33431681,Java 8,OK,5450,1513703150,shreyansh97,CONTESTANT,TESTS,45,1248,20787200
902,A,33415177,GNU C++,WRONG_ANSWER,672,1513698372,shreyanshgeek,CONTESTANT,PRETESTS,2,15,2048000
902,A,33416423,GNU C++,WRONG_ANSWER,853,1513698553,shreyanshgeek,CONTESTANT,PRETESTS,3,15,2048000
902,A,33417413,GNU C++,WRONG_ANSWER,1016,1513698716,shreyanshgeek,CONTESTANT,PRETESTS,3,15,2048000
902,A,33417807,GNU C++,WRONG_ANSWER,1085,1513698785,shreyanshgeek,CONTESTANT,PRETESTS,4,15,2048000
902,A,33420608,GNU C++,WRONG_ANSWER,1650,1513699350,shreyanshgeek,CONTESTANT,PRETESTS,4,15,2048000
902,A,33423392,GNU C++,WRONG_ANSWER,2376,1513700076,shreyanshgeek,CONTESTANT,PRETESTS,4,15,2048000
902,A,33425247,GNU C++,WRONG_ANSWER,2909,1513700609,shreyanshgeek,CONTESTANT,PRETESTS,4,0,2048000
902,A,33426604,GNU C++,WRONG_ANSWER,3364,1513701064,shreyanshgeek,CONTESTANT,PRETESTS,4,15,2048000
902,A,33427793,GNU C++,WRONG_ANSWER,3803,1513701503,shreyanshgeek,CONTESTANT,PRETESTS,5,15,2048000
902,A,33428907,GNU C++,OK,4239,1513701939,shreyanshgeek,CONTESTANT,TESTS,55,15,2048000
902,B,33434481,GNU C++,OK,6797,1513704497,shreyanshgeek,CONTESTANT,TESTS,50,15,2662400
902,A,33415446,C++14 (GCC 6-32),WRONG_ANSWER,702,1513698413,shreybatra,CONTESTANT,PRETESTS,4,15,1945600
902,A,33416825,C++14 (GCC 6-32),WRONG_ANSWER,908,1513698619,shreybatra,CONTESTANT,TESTS,11,15,1945600
902,B,33422159,C++14 (GCC 6-32),OK,2019,1513699729,shreybatra,CONTESTANT,TESTS,50,15,3993600
902,C,33435103,C++14 (GCC 6-32),WRONG_ANSWER,7024,1513704734,shreybatra,CONTESTANT,PRETESTS,4,15,4812800
902,A,33418061,GNU C++11,WRONG_ANSWER,1115,1513698826,shreyverma,CONTESTANT,PRETESTS,2,15,2048000
902,A,33420819,GNU C++11,WRONG_ANSWER,1691,1513699401,shreyverma,CONTESTANT,PRETESTS,2,0,2048000
902,A,33422264,GNU C++11,WRONG_ANSWER,2043,1513699753,shreyverma,CONTESTANT,PRETESTS,3,15,2048000
902,A,33422712,GNU C++11,WRONG_ANSWER,2174,1513699885,shreyverma,CONTESTANT,PRETESTS,3,15,2048000
902,A,33422859,GNU C++11,WRONG_ANSWER,2214,1513699924,shreyverma,CONTESTANT,PRETESTS,3,15,2048000
902,A,33426858,GNU C++11,WRONG_ANSWER,3446,1513701157,shreyverma,CONTESTANT,PRETESTS,3,15,2048000
902,A,33427353,GNU C++11,WRONG_ANSWER,3632,1513701343,shreyverma,CONTESTANT,PRETESTS,3,15,2048000
902,A,33427922,GNU C++11,OK,3836,1513701547,shreyverma,CONTESTANT,TESTS,55,15,2048000
902,A,33415339,GNU C++11,WRONG_ANSWER,696,1513698396,shubham11610205,CONTESTANT,PRETESTS,2,15,2048000
902,A,33419632,GNU C++11,WRONG_ANSWER,1435,1513699135,shubham11610205,CONTESTANT,PRETESTS,2,15,2048000
902,A,33420795,GNU C++11,WRONG_ANSWER,1698,1513699398,shubham11610205,CONTESTANT,PRETESTS,2,15,2048000
902,A,33423482,GNU C++11,WRONG_ANSWER,2399,1513700099,shubham11610205,CONTESTANT,PRETESTS,4,15,2048000
902,A,33426943,GNU C++11,OK,3485,1513701185,shubham11610205,CONTESTANT,TESTS,55,15,2048000
902,A,33419987,GNU C++11,WRONG_ANSWER,1499,1513699209,shubham25005,CONTESTANT,PRETESTS,3,15,2048000
902,A,33431849,GNU C++11,WRONG_ANSWER,5532,1513703243,shubham25005,CONTESTANT,PRETESTS,4,15,2048000
902,A,33417975,GNU C,OK,1101,1513698812,shubham_43,CONTESTANT,TESTS,55,31,1843200
902,B,33422515,GNU C,OK,2119,1513699829,shubham_43,CONTESTANT,TESTS,50,15,1945600
902,C,33428140,GNU C,OK,3924,1513701634,shubham_43,CONTESTANT,TESTS,45,93,2252800
902,A,33412742,GNU C++11,OK,225,1513697925,shubhamgarg18,CONTESTANT,TESTS,55,15,2048000
902,B,33415827,GNU C++11,OK,757,1513698468,shubhamgarg18,CONTESTANT,TESTS,50,31,4403200
902,C,33423236,GNU C++11,WRONG_ANSWER,2338,1513700038,shubhamgarg18,CONTESTANT,PRETESTS,1,0,6041600
902,C,33424519,GNU C++11,OK,2682,1513700392,shubhamgarg18,CONTESTANT,TESTS,45,265,8089600
902,D,33435146,GNU C++11,WRONG_ANSWER,7041,1513704751,shubhamgarg18,CONTESTANT,PRETESTS,1,0,2048000
902,D,33435438,GNU C++11,WRONG_ANSWER,7138,1513704849,shubhamgarg18,CONTESTANT,PRETESTS,3,15,2048000
902,A,33426937,GNU C++,OK,3482,1513701182,shubhampaliwal,CONTESTANT,TESTS,55,15,2048000
902,A,33415944,C++14 (GCC 6-32),WRONG_ANSWER,784,1513698484,shubhampathakanu,CONTESTANT,PRETESTS,2,0,1945600
902,A,33417225,C++14 (GCC 6-32),WRONG_ANSWER,986,1513698686,shubhampathakanu,CONTESTANT,PRETESTS,4,15,1945600
902,A,33420431,C++14 (GCC 6-32),WRONG_ANSWER,1609,1513699309,shubhampathakanu,CONTESTANT,PRETESTS,4,15,1843200
902,B,33431250,C++14 (GCC 6-32),OK,5240,1513702940,shubhampathakanu,CONTESTANT,TESTS,50,421,2867200
902,A,33413106,GNU C++11,WRONG_ANSWER,332,1513698032,shubhamvijay,CONTESTANT,PRETESTS,3,15,2048000
902,A,33413829,GNU C++11,OK,459,1513698159,shubhamvijay,CONTESTANT,TESTS,55,15,2048000
902,B,33417880,GNU C++11,OK,1098,1513698798,shubhamvijay,CONTESTANT,TESTS,50,46,2560000
902,C,33423022,GNU C++11,OK,2267,1513699967,shubhamvijay,CONTESTANT,TESTS,45,327,2867200
902,D,33426514,GNU C++11,WRONG_ANSWER,3329,1513701029,shubhamvijay,CONTESTANT,PRETESTS,4,15,2048000
902,A,33416441,C++14 (GCC 6-32),WRONG_ANSWER,857,1513698557,shubhu1596,CONTESTANT,PRETESTS,3,15,1945600
902,A,33419243,C++14 (GCC 6-32),WRONG_ANSWER,1359,1513699059,shubhu1596,CONTESTANT,PRETESTS,3,15,1945600
902,A,33420538,C++14 (GCC 6-32),OK,1635,1513699335,shubhu1596,CONTESTANT,TESTS,55,15,1945600
902,B,33424735,C++14 (GCC 6-32),WRONG_ANSWER,2753,1513700453,shubhu1596,CONTESTANT,PRETESTS,2,15,1843200
902,B,33425483,C++14 (GCC 6-32),WRONG_ANSWER,2985,1513700685,shubhu1596,CONTESTANT,PRETESTS,1,15,1945600
902,B,33427268,C++14 (GCC 6-32),OK,3611,1513701312,shubhu1596,CONTESTANT,TESTS,50,31,2355200
902,C,33432783,C++14 (GCC 6-32),WRONG_ANSWER,6004,1513703704,shubhu1596,CONTESTANT,PRETESTS,1,15,1843200
902,C,33433031,C++14 (GCC 6-32),WRONG_ANSWER,6124,1513703824,shubhu1596,CONTESTANT,PRETESTS,3,15,1843200
902,C,33433603,C++14 (GCC 6-32),WRONG_ANSWER,6383,1513704083,shubhu1596,CONTESTANT,PRETESTS,3,15,1945600
902,A,33417197,C++14 (GCC 6-32),OK,981,1513698681,shuhao123,CONTESTANT,TESTS,55,15,1843200
902,A,33415608,GNU C++,OK,734,1513698434,shuvrodevkundu7,CONTESTANT,TESTS,55,31,2048000
902,A,33419533,GNU C++11,OK,1417,1513699117,shuzijun,CONTESTANT,TESTS,55,15,2048000
902,B,33427844,GNU C++11,TIME_LIMIT_EXCEEDED,3818,1513701518,shuzijun,CONTESTANT,PRETESTS,5,1000,2560000
902,B,33428565,GNU C++11,TIME_LIMIT_EXCEEDED,4101,1513701801,shuzijun,CONTESTANT,PRETESTS,5,1000,2560000
902,B,33429597,GNU C++11,WRONG_ANSWER,4530,1513702230,shuzijun,CONTESTANT,PRETESTS,5,15,2560000
902,B,33431295,GNU C++11,WRONG_ANSWER,5259,1513702959,shuzijun,CONTESTANT,PRETESTS,0,0,2252800
902,B,33431438,GNU C++11,WRONG_ANSWER,5326,1513703026,shuzijun,CONTESTANT,PRETESTS,2,0,2252800
902,A,33413470,Java 8,WRONG_ANSWER,398,1513698098,shyue,CONTESTANT,PRETESTS,3,124,20582400
902,A,33413962,Java 8,OK,482,1513698182,shyue,CONTESTANT,TESTS,55,124,20684800
902,B,33419017,Java 8,OK,1312,1513699012,shyue,CONTESTANT,TESTS,50,155,20889600
902,C,33424278,Java 8,WRONG_ANSWER,2618,1513700318,shyue,CONTESTANT,PRETESTS,1,109,20582400
902,C,33426180,Java 8,TIME_LIMIT_EXCEEDED,3215,1513700915,shyue,CONTESTANT,PRETESTS,12,2000,21196800
902,C,33427637,Java 8,WRONG_ANSWER,3742,1513701442,shyue,CONTESTANT,PRETESTS,4,109,20684800
902,C,33428286,Java 8,TIME_LIMIT_EXCEEDED,3986,1513701686,shyue,CONTESTANT,PRETESTS,12,2000,21196800
902,A,33416200,C++14 (GCC 6-32),WRONG_ANSWER,821,1513698521,sid001,CONTESTANT,PRETESTS,2,15,1843200
902,A,33419796,C++14 (GCC 6-32),WRONG_ANSWER,1467,1513699167,sid001,CONTESTANT,PRETESTS,0,0,1843200
902,A,33421493,C++14 (GCC 6-32),WRONG_ANSWER,1868,1513699568,sid001,CONTESTANT,PRETESTS,2,0,1843200
902,A,33422475,C++14 (GCC 6-32),WRONG_ANSWER,2120,1513699821,sid001,CONTESTANT,PRETESTS,2,15,1843200
902,A,33425147,C++14 (GCC 6-32),WRONG_ANSWER,2875,1513700575,sid001,CONTESTANT,PRETESTS,2,15,1945600
902,A,33428366,C++14 (GCC 6-32),WRONG_ANSWER,4016,1513701716,sid001,CONTESTANT,PRETESTS,2,0,1843200
902,A,33432457,C++14 (GCC 6-32),WRONG_ANSWER,5843,1513703543,sid001,CONTESTANT,PRETESTS,2,0,1843200
902,A,33431026,C++14 (GCC 6-32),CHALLENGED,5130,1513702830,sid22,CONTESTANT,CHALLENGES,8,15,1945600
902,A,33431574,C++14 (GCC 6-32),WRONG_ANSWER,5395,1513703095,sid22,CONTESTANT,CHALLENGES,0,15,1945600
902,A,33432106,C++14 (GCC 6-32),WRONG_ANSWER,5670,1513703370,sid22,CONTESTANT,CHALLENGES,0,15,1945600
902,A,33417163,C++14 (GCC 6-32),OK,974,1513698674,sid_mishra,CONTESTANT,TESTS,55,15,1945600
902,B,33421119,C++14 (GCC 6-32),OK,1774,1513699474,sid_mishra,CONTESTANT,TESTS,50,15,2662400
902,C,33433402,C++14 (GCC 6-32),WRONG_ANSWER,6297,1513703997,sid_mishra,CONTESTANT,PRETESTS,6,15,3481600
902,C,33435311,C++14 (GCC 6-32),WRONG_ANSWER,7107,1513704807,sid_mishra,CONTESTANT,PRETESTS,3,0,3481600
902,A,33415413,C++14 (GCC 6-32),WRONG_ANSWER,697,1513698407,sid_somani,CONTESTANT,PRETESTS,4,15,1945600
902,A,33417987,C++14 (GCC 6-32),WRONG_ANSWER,1105,1513698815,sid_somani,CONTESTANT,PRETESTS,4,0,1945600
902,B,33425484,C++14 (GCC 6-32),OK,2975,1513700685,sid_somani,CONTESTANT,TESTS,50,31,6041600
902,A,33427393,C++14 (GCC 6-32),OK,3645,1513701356,sid_somani,CONTESTANT,TESTS,55,15,1945600
902,C,33434094,C++14 (GCC 6-32),WRONG_ANSWER,6612,1513704322,sid_somani,CONTESTANT,PRETESTS,4,15,12288000
902,C,33434389,C++14 (GCC 6-32),WRONG_ANSWER,6742,1513704452,sid_somani,CONTESTANT,PRETESTS,4,15,12288000
902,A,33413711,C++14 (GCC 6-32),OK,430,1513698141,siddharthnohria,CONTESTANT,TESTS,55,15,1945600
902,A,33415269,Java 8,WRONG_ANSWER,687,1513698387,siddharthp538,CONTESTANT,PRETESTS,2,140,20992000
902,A,33416808,Java 8,WRONG_ANSWER,916,1513698616,siddharthp538,CONTESTANT,PRETESTS,2,124,20992000
902,A,33420865,Java 8,WRONG_ANSWER,1713,1513699413,siddharthp538,CONTESTANT,TESTS,47,171,21094400
902,B,33429471,Java 8,WRONG_ANSWER,4472,1513702172,siddharthp538,CONTESTANT,PRETESTS,5,155,21094400
902,B,33430183,Java 8,WRONG_ANSWER,4775,1513702475,siddharthp538,CONTESTANT,PRETESTS,5,202,21094400
902,B,33431042,Java 8,WRONG_ANSWER,5135,1513702835,siddharthp538,CONTESTANT,PRETESTS,5,186,21094400
902,A,33416739,Java 8,WRONG_ANSWER,895,1513698605,siddiquiarshad142,CONTESTANT,PRETESTS,2,140,20992000
902,A,33417159,Java 8,WRONG_ANSWER,963,1513698674,siddiquiarshad142,CONTESTANT,PRETESTS,2,155,20992000
902,A,33417794,Java 8,WRONG_ANSWER,1073,1513698783,siddiquiarshad142,CONTESTANT,PRETESTS,2,140,20992000
902,A,33419237,Java 8,WRONG_ANSWER,1358,1513699058,siddiquiarshad142,CONTESTANT,PRETESTS,2,139,20992000
902,A,33420522,Java 8,WRONG_ANSWER,1621,1513699332,siddiquiarshad142,CONTESTANT,PRETESTS,2,124,20992000
902,A,33412791,GNU C++11,OK,248,1513697948,sienmich,CONTESTANT,TESTS,55,15,2150400
902,B,33414498,GNU C++11,OK,566,1513698266,sienmich,CONTESTANT,TESTS,50,31,2867200
902,C,33418315,GNU C++11,OK,1170,1513698870,sienmich,CONTESTANT,TESTS,45,233,6041600
902,D,33429741,GNU C++11,WRONG_ANSWER,4587,1513702288,sienmich,CONTESTANT,PRETESTS,0,0,2048000
902,D,33430096,GNU C++11,COMPILATION_ERROR,4744,1513702444,sienmich,CONTESTANT,PRETESTS,0,0,0
902,D,33430193,GNU C++11,SKIPPED,4777,1513702477,sienmich,CONTESTANT,PRETESTS,10,15,2048000
902,D,33432260,GNU C++11,OK,5742,1513703442,sienmich,CONTESTANT,TESTS,150,15,2048000
902,A,33414613,GNU C++,OK,574,1513698284,sifat_15,CONTESTANT,TESTS,55,15,6144000
902,B,33421138,GNU C++,OK,1768,1513699479,sifat_15,CONTESTANT,TESTS,50,46,2969600
902,C,33429921,GNU C++,WRONG_ANSWER,4649,1513702359,sifat_15,CONTESTANT,PRETESTS,1,15,7782400
902,C,33432081,GNU C++,OK,5640,1513703350,sifat_15,CONTESTANT,TESTS,45,343,9830400
902,A,33417472,GNU C++,WRONG_ANSWER,1016,1513698727,silentWay,CONTESTANT,PRETESTS,0,0,2048000
902,A,33418203,GNU C++,OK,1140,1513698851,silentWay,CONTESTANT,TESTS,55,15,2048000
902,A,33425557,C++14 (GCC 6-32),OK,3001,1513700712,silenter,CONTESTANT,TESTS,55,15,1945600
902,B,33433256,C++14 (GCC 6-32),WRONG_ANSWER,6221,1513703931,silenter,CONTESTANT,PRETESTS,0,0,1945600
902,B,33433855,C++14 (GCC 6-32),WRONG_ANSWER,6490,1513704200,silenter,CONTESTANT,PRETESTS,3,15,1843200
902,A,33413007,C++14 (GCC 6-32),WRONG_ANSWER,310,1513698010,silyas,CONTESTANT,PRETESTS,0,93,2457600
902,A,33413191,C++14 (GCC 6-32),WRONG_ANSWER,346,1513698046,silyas,CONTESTANT,PRETESTS,0,0,2252800
902,A,33413587,C++14 (GCC 6-32),WRONG_ANSWER,420,1513698120,silyas,CONTESTANT,PRETESTS,1,15,2252800
902,A,33415154,C++14 (GCC 6-32),WRONG_ANSWER,668,1513698368,silyas,CONTESTANT,PRETESTS,0,0,2252800
902,A,33416334,C++14 (GCC 6-32),OK,841,1513698541,silyas,CONTESTANT,TESTS,55,15,2355200
902,B,33425201,C++14 (GCC 6-32),OK,2893,1513700593,silyas,CONTESTANT,TESTS,50,46,2560000
902,C,33433075,C++14 (GCC 6-32),WRONG_ANSWER,6146,1513703846,silyas,CONTESTANT,PRETESTS,3,15,1945600
902,C,33433465,C++14 (GCC 6-32),OK,6319,1513704019,silyas,CONTESTANT,TESTS,45,140,3072000
902,A,33424108,C++14 (GCC 6-32),WRONG_ANSWER,2561,1513700271,simmi08,CONTESTANT,PRETESTS,2,15,1945600
902,A,33425655,C++14 (GCC 6-32),WRONG_ANSWER,3028,1513700739,simmi08,CONTESTANT,PRETESTS,2,15,1843200
902,A,33428195,C++14 (GCC 6-32),WRONG_ANSWER,3944,1513701655,simmi08,CONTESTANT,PRETESTS,2,15,1843200
902,A,33415040,C++14 (GCC 6-32),OK,652,1513698352,singh1495,CONTESTANT,TESTS,55,15,2662400
902,B,33420296,C++14 (GCC 6-32),OK,1577,1513699277,singh1495,CONTESTANT,TESTS,50,31,5734400
902,C,33431262,C++14 (GCC 6-32),WRONG_ANSWER,5245,1513702945,singh1495,CONTESTANT,PRETESTS,3,15,5529600
902,C,33431758,C++14 (GCC 6-32),WRONG_ANSWER,5492,1513703192,singh1495,CONTESTANT,PRETESTS,1,0,5529600
902,C,33431921,C++14 (GCC 6-32),COMPILATION_ERROR,5577,1513703277,singh1495,CONTESTANT,PRETESTS,0,0,0
902,C,33432029,C++14 (GCC 6-32),WRONG_ANSWER,5631,1513703331,singh1495,CONTESTANT,PRETESTS,3,0,5529600
902,C,33432305,C++14 (GCC 6-32),WRONG_ANSWER,5766,1513703466,singh1495,CONTESTANT,PRETESTS,1,15,5529600
902,C,33432405,C++14 (GCC 6-32),WRONG_ANSWER,5818,1513703518,singh1495,CONTESTANT,PRETESTS,3,15,5529600
902,A,33423737,C++14 (GCC 6-32),WRONG_ANSWER,2472,1513700172,singh_divakar,CONTESTANT,PRETESTS,4,15,1843200
902,A,33426959,C++14 (GCC 6-32),WRONG_ANSWER,3490,1513701190,singh_divakar,CONTESTANT,TESTS,16,15,1945600
902,A,33413089,C++14 (GCC 6-32),OK,327,1513698027,sinus_070,CONTESTANT,TESTS,55,15,11571200
902,B,33417209,C++14 (GCC 6-32),OK,983,1513698683,sinus_070,CONTESTANT,TESTS,50,31,45772800
902,C,33423402,C++14 (GCC 6-32),WRONG_ANSWER,2380,1513700080,sinus_070,CONTESTANT,PRETESTS,6,15,21094400
902,C,33425216,C++14 (GCC 6-32),OK,2898,1513700598,sinus_070,CONTESTANT,TESTS,45,78,21094400
902,D,33430468,C++14 (GCC 6-32),WRONG_ANSWER,4888,1513702588,sinus_070,CONTESTANT,PRETESTS,9,15,11571200
902,D,33430591,C++14 (GCC 6-32),WRONG_ANSWER,4945,1513702645,sinus_070,CONTESTANT,PRETESTS,1,15,11571200
902,D,33430767,C++14 (GCC 6-32),WRONG_ANSWER,5023,1513702723,sinus_070,CONTESTANT,PRETESTS,0,0,11571200
902,D,33431720,C++14 (GCC 6-32),OK,5472,1513703172,sinus_070,CONTESTANT,TESTS,150,30,11571200
902,A,33413843,C++14 (GCC 6-32),OK,461,1513698161,sipahi,CONTESTANT,TESTS,55,31,1945600
902,B,33418384,C++14 (GCC 6-32),OK,1181,1513698881,sipahi,CONTESTANT,TESTS,50,30,2457600
902,C,33423046,C++14 (GCC 6-32),OK,2275,1513699975,sipahi,CONTESTANT,TESTS,45,93,2355200
902,D,33435416,C++14 (GCC 6-32),WRONG_ANSWER,7140,1513704840,sipahi,CONTESTANT,PRETESTS,0,0,1843200
902,A,33418859,GNU C++11,WRONG_ANSWER,1266,1513698976,sizaif2000,CONTESTANT,PRETESTS,2,15,68608000
902,A,33420160,GNU C++11,WRONG_ANSWER,1537,1513699248,sizaif2000,CONTESTANT,PRETESTS,2,15,68608000
902,A,33421561,GNU C++11,WRONG_ANSWER,1873,1513699584,sizaif2000,CONTESTANT,PRETESTS,2,15,68608000
902,A,33422942,GNU C++11,WRONG_ANSWER,2235,1513699946,sizaif2000,CONTESTANT,PRETESTS,2,15,68608000
902,A,33424624,GNU C++11,OK,2712,1513700422,sizaif2000,CONTESTANT,TESTS,55,15,68608000
902,B,33432639,GNU C++11,OK,5929,1513703639,sizaif2000,CONTESTANT,TESTS,50,249,69120000
902,A,33419892,GNU C++11,WRONG_ANSWER,1478,1513699188,sj_hellfire,CONTESTANT,PRETESTS,2,15,2048000
902,A,33421747,GNU C++11,WRONG_ANSWER,1915,1513699626,sj_hellfire,CONTESTANT,TESTS,11,15,2048000
902,B,33426264,GNU C++11,OK,3233,1513700943,sj_hellfire,CONTESTANT,TESTS,50,31,2560000
902,C,33428873,GNU C++11,OK,4219,1513701929,sj_hellfire,CONTESTANT,TESTS,45,249,2457600
902,A,33415589,GNU C++,WRONG_ANSWER,733,1513698433,skarlord,CONTESTANT,PRETESTS,0,15,2048000
902,A,33416582,GNU C,COMPILATION_ERROR,881,1513698581,skarlord,CONTESTANT,PRETESTS,0,0,0
902,A,33416869,GNU C++,OK,925,1513698625,skarlord,CONTESTANT,TESTS,55,15,2048000
902,B,33420873,GNU C++,OK,1714,1513699414,skarlord,CONTESTANT,TESTS,50,46,2150400
902,C,33427566,GNU C++,OK,3719,1513701419,skarlord,CONTESTANT,TESTS,45,327,2457600
902,A,33420439,Python 2,WRONG_ANSWER,1600,1513699311,skash,CONTESTANT,PRETESTS,2,46,4608000
902,A,33423260,Python 2,WRONG_ANSWER,2333,1513700043,skash,CONTESTANT,PRETESTS,3,62,4505600
902,A,33424150,Python 2,WRONG_ANSWER,2574,1513700284,skash,CONTESTANT,PRETESTS,1,46,4505600
902,A,33425240,Python 2,WRONG_ANSWER,2897,1513700607,skash,CONTESTANT,PRETESTS,0,46,4608000
902,A,33427499,Python 2,WRONG_ANSWER,3684,1513701394,skash,CONTESTANT,PRETESTS,0,30,4505600
902,A,33427839,Python 2,WRONG_ANSWER,3805,1513701516,skash,CONTESTANT,TESTS,47,62,4608000
902,A,33429600,C++14 (GCC 6-32),WRONG_ANSWER,4531,1513702231,skenypatel,CONTESTANT,PRETESTS,4,15,1843200
902,A,33430987,C++14 (GCC 6-32),WRONG_ANSWER,5113,1513702813,skenypatel,CONTESTANT,PRETESTS,1,15,1843200
902,A,33431478,C++14 (GCC 6-32),WRONG_ANSWER,5351,1513703051,skenypatel,CONTESTANT,PRETESTS,4,15,1843200
902,A,33416010,GNU C++11,WRONG_ANSWER,793,1513698493,skmonir,CONTESTANT,TESTS,11,15,3276800
902,B,33419394,GNU C++11,OK,1382,1513699082,skmonir,CONTESTANT,TESTS,50,15,3993600
902,C,33428432,GNU C++11,OK,4046,1513701746,skmonir,CONTESTANT,TESTS,45,109,24166400
902,A,33415307,GNU C++11,WRONG_ANSWER,692,1513698392,skp,CONTESTANT,PRETESTS,2,15,2048000
902,A,33416882,GNU C++11,WRONG_ANSWER,927,1513698627,skp,CONTESTANT,PRETESTS,2,15,2048000
902,A,33418469,GNU C++11,OK,1198,1513698898,skp,CONTESTANT,TESTS,55,15,2048000
902,B,33425344,GNU C++11,OK,2943,1513700643,skp,CONTESTANT,TESTS,50,31,5632000
902,A,33414333,C++14 (GCC 6-32),WRONG_ANSWER,528,1513698239,skullranger,CONTESTANT,PRETESTS,2,15,1843200
902,A,33418032,C++14 (GCC 6-32),WRONG_ANSWER,1111,1513698822,skullranger,CONTESTANT,PRETESTS,0,0,1843200
902,A,33418421,C++14 (GCC 6-32),WRONG_ANSWER,1178,1513698888,skullranger,CONTESTANT,PRETESTS,2,15,1843200
902,A,33420661,C++14 (GCC 6-32),WRONG_ANSWER,1653,1513699363,skullranger,CONTESTANT,PRETESTS,2,15,1843200
902,A,33423736,C++14 (GCC 6-32),OK,2461,1513700171,skullranger,CONTESTANT,TESTS,55,15,1945600
902,A,33413088,GNU C++11,OK,327,1513698027,sky_,CONTESTANT,TESTS,55,15,2048000
902,B,33419516,GNU C++11,RUNTIME_ERROR,1412,1513699112,sky_,CONTESTANT,PRETESTS,5,15,2048000
902,B,33419901,GNU C++11,OK,1490,1513699190,sky_,CONTESTANT,TESTS,50,234,2560000
902,C,33427949,GNU C++11,WRONG_ANSWER,3856,1513701556,sky_,CONTESTANT,PRETESTS,1,15,2457600
902,C,33429028,GNU C++11,WRONG_ANSWER,4290,1513701990,sky_,CONTESTANT,PRETESTS,4,15,2457600
902,C,33430210,GNU C++11,WRONG_ANSWER,4784,1513702484,sky_,CONTESTANT,PRETESTS,4,15,2457600
902,C,33430633,GNU C++11,WRONG_ANSWER,4963,1513702663,sky_,CONTESTANT,PRETESTS,4,31,2457600
902,C,33433857,GNU C++11,WRONG_ANSWER,6500,1513704200,sky_,CONTESTANT,PRETESTS,4,15,2457600
902,C,33434409,GNU C++11,OK,6759,1513704459,sky_,CONTESTANT,TESTS,45,109,2457600
902,A,33413961,Haskell,WRONG_ANSWER,482,1513698182,sl0th5,CONTESTANT,PRETESTS,1,15,44748800
902,A,33416463,Haskell,OK,861,1513698561,sl0th5,CONTESTANT,TESTS,55,15,53248000
902,B,33420933,Haskell,OK,1727,1513699427,sl0th5,CONTESTANT,TESTS,50,31,54579200
902,C,33427651,Haskell,OK,3748,1513701448,sl0th5,CONTESTANT,TESTS,45,249,116428800
902,A,33418838,C++14 (GCC 6-32),WRONG_ANSWER,1259,1513698969,slant,CONTESTANT,PRETESTS,3,15,1843200
902,A,33420978,C++14 (GCC 6-32),WRONG_ANSWER,1729,1513699439,slant,CONTESTANT,PRETESTS,3,15,1843200
902,A,33424299,C++14 (GCC 6-32),WRONG_ANSWER,2615,1513700325,slant,CONTESTANT,PRETESTS,3,15,1945600
902,A,33415872,C++14 (GCC 6-32),WRONG_ANSWER,774,1513698474,slavok1732,CONTESTANT,PRETESTS,4,15,1945600
902,A,33416730,C++14 (GCC 6-32),WRONG_ANSWER,904,1513698604,slavok1732,CONTESTANT,PRETESTS,4,15,1945600
902,A,33418150,C++14 (GCC 6-32),WRONG_ANSWER,1141,1513698841,slavok1732,CONTESTANT,PRETESTS,4,15,1945600
902,A,33418480,C++14 (GCC 6-32),WRONG_ANSWER,1200,1513698900,slavok1732,CONTESTANT,PRETESTS,4,15,1843200
902,A,33422572,C++14 (GCC 6-32),OK,2145,1513699845,slavok1732,CONTESTANT,TESTS,55,15,1945600
902,B,33430387,C++14 (GCC 6-32),OK,4853,1513702553,slavok1732,CONTESTANT,TESTS,50,249,2355200
902,A,33413372,C++14 (GCC 6-32),OK,380,1513698080,slizkov,CONTESTANT,TESTS,55,15,1945600
902,B,33416151,C++14 (GCC 6-32),OK,816,1513698516,slizkov,CONTESTANT,TESTS,50,218,2457600
902,C,33420779,C++14 (GCC 6-32),OK,1694,1513699394,slizkov,CONTESTANT,TESTS,45,140,2662400
902,A,33418693,C++14 (GCC 6-32),WRONG_ANSWER,1241,1513698941,sllakao00,CONTESTANT,PRETESTS,2,0,1843200
902,A,33419252,C++14 (GCC 6-32),WRONG_ANSWER,1361,1513699061,sllakao00,CONTESTANT,PRETESTS,2,15,1843200
902,A,33421065,C++14 (GCC 6-32),WRONG_ANSWER,1761,1513699461,sllakao00,CONTESTANT,PRETESTS,2,15,1843200
902,A,33423103,C++14 (GCC 6-32),WRONG_ANSWER,2291,1513699991,sllakao00,CONTESTANT,PRETESTS,2,15,1945600
902,A,33423244,C++14 (GCC 6-32),WRONG_ANSWER,2340,1513700040,sllakao00,CONTESTANT,PRETESTS,2,15,1945600
902,A,33423699,C++14 (GCC 6-32),WRONG_ANSWER,2462,1513700162,sllakao00,CONTESTANT,PRETESTS,2,15,1843200
902,A,33427534,C++14 (GCC 6-32),WRONG_ANSWER,3709,1513701409,sllakao00,CONTESTANT,PRETESTS,2,0,1843200
902,A,33428732,C++14 (GCC 6-32),WRONG_ANSWER,4173,1513701873,sllakao00,CONTESTANT,PRETESTS,2,15,1843200
902,A,33429327,C++14 (GCC 6-32),WRONG_ANSWER,4408,1513702108,sllakao00,CONTESTANT,PRETESTS,2,15,1945600
902,A,33419331,C++14 (GCC 6-32),OK,1372,1513699072,sm_hemel,CONTESTANT,TESTS,55,15,1945600
902,B,33429988,C++14 (GCC 6-32),OK,4690,1513702390,sm_hemel,CONTESTANT,TESTS,50,31,2560000
902,A,33422163,GNU C++,OK,2029,1513699729,smartbrain99,CONTESTANT,TESTS,55,15,2048000
902,A,33421541,GNU C++,OK,1868,1513699579,smde,CONTESTANT,TESTS,55,15,2150400
902,A,33413045,C++14 (GCC 6-32),CHALLENGED,318,1513698018,smfc_coder,CONTESTANT,CHALLENGES,8,15,1945600
902,B,33417434,C++14 (GCC 6-32),OK,1020,1513698720,smfc_coder,CONTESTANT,TESTS,50,30,2560000
902,A,33433771,C++14 (GCC 6-32),WRONG_ANSWER,6458,1513704158,smfc_coder,CONTESTANT,PRETESTS,1,15,1945600
902,A,33423950,Python 3,CHALLENGED,2522,1513700232,smthblue,CONTESTANT,CHALLENGES,8,46,5529600
902,A,33413239,GNU C++11,WRONG_ANSWER,357,1513698057,snest21,CONTESTANT,PRETESTS,2,15,2048000
902,A,33414361,GNU C++11,CHALLENGED,544,1513698244,snest21,CONTESTANT,CHALLENGES,8,15,2048000
902,B,33427709,GNU C++11,OK,3771,1513701471,snest21,CONTESTANT,TESTS,50,46,2457600
902,A,33422389,C++14 (GCC 6-32),WRONG_ANSWER,2096,1513699796,snigdha,CONTESTANT,PRETESTS,2,15,130969600
902,A,33423638,C++14 (GCC 6-32),WRONG_ANSWER,2442,1513700143,snigdha,CONTESTANT,PRETESTS,2,15,130969600
902,A,33426154,C++14 (GCC 6-32),WRONG_ANSWER,3206,1513700906,snigdha,CONTESTANT,PRETESTS,2,15,130969600
902,A,33426637,C++14 (GCC 6-32),WRONG_ANSWER,3379,1513701079,snigdha,CONTESTANT,PRETESTS,2,0,130969600
902,A,33427432,C++14 (GCC 6-32),WRONG_ANSWER,3668,1513701368,snigdha,CONTESTANT,PRETESTS,2,0,130867200
902,A,33430927,C++14 (GCC 6-32),WRONG_ANSWER,5082,1513702782,snigdha,CONTESTANT,PRETESTS,0,0,130764800
902,A,33431080,C++14 (GCC 6-32),WRONG_ANSWER,5155,1513702855,snigdha,CONTESTANT,PRETESTS,2,15,130969600
902,A,33414559,C++14 (GCC 6-32),WRONG_ANSWER,577,1513698277,sniper7,CONTESTANT,PRETESTS,2,15,1945600
902,A,33417375,C++14 (GCC 6-32),CHALLENGED,1011,1513698711,sniper7,CONTESTANT,CHALLENGES,8,15,1945600
902,B,33425426,C++14 (GCC 6-32),WRONG_ANSWER,2969,1513700669,sniper7,CONTESTANT,PRETESTS,4,15,1945600
902,B,33425784,C++14 (GCC 6-32),WRONG_ANSWER,3084,1513700784,sniper7,CONTESTANT,PRETESTS,4,0,1945600
902,B,33425966,C++14 (GCC 6-32),OK,3140,1513700840,sniper7,CONTESTANT,TESTS,50,140,2150400
902,C,33434923,C++14 (GCC 6-32),WRONG_ANSWER,6978,1513704678,sniper7,CONTESTANT,PRETESTS,4,15,1843200
902,A,33417664,GNU C++,OK,1061,1513698761,snovis007,CONTESTANT,TESTS,55,30,2048000
902,B,33424093,GNU C++,OK,2568,1513700268,snovis007,CONTESTANT,TESTS,50,249,2457600
902,C,33428782,GNU C++,WRONG_ANSWER,4194,1513701894,snovis007,CONTESTANT,TESTS,16,327,2867200
902,A,33413712,C++14 (GCC 6-32),WRONG_ANSWER,441,1513698141,soc3,CONTESTANT,PRETESTS,4,0,1843200
902,A,33414449,C++14 (GCC 6-32),WRONG_ANSWER,559,1513698259,soc3,CONTESTANT,PRETESTS,4,15,1843200
902,A,33417266,C++14 (GCC 6-32),OK,992,1513698692,soc3,CONTESTANT,TESTS,55,15,1945600
902,B,33420642,C++14 (GCC 6-32),OK,1658,1513699358,soc3,CONTESTANT,TESTS,50,15,3891200
902,A,33419602,C++14 (GCC 6-32),CHALLENGED,1432,1513699132,sohan083,CONTESTANT,CHALLENGES,8,15,1945600
902,B,33426881,C++14 (GCC 6-32),RUNTIME_ERROR,3464,1513701164,sohan083,CONTESTANT,PRETESTS,5,15,2048000
902,B,33427124,C++14 (GCC 6-32),OK,3550,1513701250,sohan083,CONTESTANT,TESTS,50,202,2355200
902,A,33434497,C++14 (GCC 6-32),WRONG_ANSWER,6805,1513704505,sohan083,CONTESTANT,PRETESTS,4,15,1945600
902,A,33434883,C++14 (GCC 6-32),WRONG_ANSWER,6962,1513704662,sohan083,CONTESTANT,PRETESTS,1,15,1843200
902,A,33435072,C++14 (GCC 6-32),RUNTIME_ERROR,7026,1513704726,sohan083,CONTESTANT,PRETESTS,3,15,1945600
902,A,33413417,Python 3,OK,389,1513698089,soheil_r,CONTESTANT,TESTS,55,77,5529600
902,B,33424403,C++14 (GCC 6-32),OK,2656,1513700356,soheil_r,CONTESTANT,TESTS,50,46,2457600
902,C,33434248,C++14 (GCC 6-32),WRONG_ANSWER,6690,1513704390,soheil_r,CONTESTANT,PRETESTS,4,15,5939200
902,A,33422254,C++14 (GCC 6-32),WRONG_ANSWER,2050,1513699750,sohel_sec,CONTESTANT,PRETESTS,3,15,1945600
902,A,33424304,C++14 (GCC 6-32),OK,2626,1513700326,sohel_sec,CONTESTANT,TESTS,55,15,1945600
902,A,33415669,C++14 (GCC 6-32),WRONG_ANSWER,743,1513698443,solarsido,CONTESTANT,PRETESTS,0,0,1843200
902,A,33416336,C++14 (GCC 6-32),CHALLENGED,831,1513698541,solarsido,CONTESTANT,CHALLENGES,8,15,1843200
902,B,33421424,C++14 (GCC 6-32),MEMORY_LIMIT_EXCEEDED,1836,1513699547,solarsido,CONTESTANT,PRETESTS,0,15,268390400
902,B,33422207,C++14 (GCC 6-32),OK,2027,1513699738,solarsido,CONTESTANT,TESTS,50,15,2560000
902,A,33428556,C++14 (GCC 6-32),WRONG_ANSWER,4087,1513701798,solarsido,CONTESTANT,CHALLENGES,0,15,1843200
902,A,33431056,C++14 (GCC 6-32),WRONG_ANSWER,5133,1513702844,solarsido,CONTESTANT,CHALLENGES,0,15,1843200
902,A,33431767,C++14 (GCC 6-32),OK,5488,1513703198,solarsido,CONTESTANT,TESTS,55,15,1843200
902,A,33420465,GNU C++11,WRONG_ANSWER,1617,1513699317,solivaagaant,CONTESTANT,PRETESTS,2,15,2048000
902,A,33425635,GNU C++11,WRONG_ANSWER,3033,1513700733,solivaagaant,CONTESTANT,PRETESTS,0,0,2048000
902,A,33426040,GNU C++11,OK,3167,1513700867,solivaagaant,CONTESTANT,TESTS,55,15,2048000
902,B,33431532,GNU C++11,OK,5378,1513703078,solivaagaant,CONTESTANT,TESTS,50,31,2560000
902,A,33416026,C++14 (GCC 6-32),WRONG_ANSWER,796,1513698496,solvemproblr,CONTESTANT,PRETESTS,2,0,1945600
902,A,33417291,C++14 (GCC 6-32),WRONG_ANSWER,997,1513698697,solvemproblr,CONTESTANT,PRETESTS,2,0,1945600
902,A,33418466,C++14 (GCC 6-32),WRONG_ANSWER,1197,1513698897,solvemproblr,CONTESTANT,PRETESTS,2,0,1945600
902,A,33420869,C++14 (GCC 6-32),WRONG_ANSWER,1713,1513699413,solvemproblr,CONTESTANT,PRETESTS,5,15,1945600
902,A,33423649,C++14 (GCC 6-32),OK,2445,1513700145,solvemproblr,CONTESTANT,TESTS,55,31,1945600
902,B,33428666,C++14 (GCC 6-32),RUNTIME_ERROR,4146,1513701846,solvemproblr,CONTESTANT,PRETESTS,5,15,2150400
902,B,33428796,C++14 (GCC 6-32),OK,4199,1513701899,solvemproblr,CONTESTANT,TESTS,50,31,2560000
902,A,33416265,GNU C++,OK,830,1513698530,somesh29_06,CONTESTANT,TESTS,55,15,2048000
902,B,33428006,GNU C++,OK,3879,1513701579,somesh29_06,CONTESTANT,TESTS,50,62,2560000
902,A,33425897,GNU C++11,WRONG_ANSWER,3118,1513700818,sompreety,CONTESTANT,PRETESTS,0,0,2048000
902,A,33426286,GNU C++11,WRONG_ANSWER,3249,1513700949,sompreety,CONTESTANT,PRETESTS,2,15,2048000
902,A,33416315,GNU C++,WRONG_ANSWER,829,1513698539,songer,CONTESTANT,PRETESTS,3,15,1843200
902,A,33418671,GNU C++,WRONG_ANSWER,1225,1513698936,songer,CONTESTANT,PRETESTS,2,0,1843200
902,A,33419984,GNU C++,WRONG_ANSWER,1498,1513699209,songer,CONTESTANT,PRETESTS,2,0,1843200
902,A,33420556,GNU C++,COMPILATION_ERROR,1629,1513699339,songer,CONTESTANT,PRETESTS,0,0,0
902,A,33420759,GNU C++,CHALLENGED,1677,1513699388,songer,CONTESTANT,CHALLENGES,8,15,1843200
902,B,33427830,GNU C++,OK,3802,1513701512,songer,CONTESTANT,TESTS,50,31,2150400
902,C,33432697,GNU C++,OK,5951,1513703661,songer,CONTESTANT,TESTS,45,108,2252800
902,A,33434632,GNU C++,WRONG_ANSWER,6846,1513704557,songer,CONTESTANT,CHALLENGES,0,15,1843200
902,A,33435116,GNU C++,WRONG_ANSWER,7027,1513704737,songer,CONTESTANT,CHALLENGES,0,15,1843200
902,A,33413460,C++14 (GCC 6-32),OK,396,1513698096,sonicaks,CONTESTANT,TESTS,55,15,1945600
902,B,33416525,C++14 (GCC 6-32),OK,871,1513698571,sonicaks,CONTESTANT,TESTS,50,31,3891200
902,C,33427063,C++14 (GCC 6-32),WRONG_ANSWER,3531,1513701231,sonicaks,CONTESTANT,PRETESTS,1,15,3072000
902,C,33427174,C++14 (GCC 6-32),WRONG_ANSWER,3575,1513701275,sonicaks,CONTESTANT,PRETESTS,3,0,3072000
902,C,33428342,C++14 (GCC 6-32),WRONG_ANSWER,4007,1513701707,sonicaks,CONTESTANT,PRETESTS,1,0,3072000
902,C,33428872,C++14 (GCC 6-32),WRONG_ANSWER,4228,1513701928,sonicaks,CONTESTANT,PRETESTS,4,15,3072000
902,C,33429301,C++14 (GCC 6-32),WRONG_ANSWER,4397,1513702097,sonicaks,CONTESTANT,PRETESTS,4,15,3072000
902,C,33430911,C++14 (GCC 6-32),RUNTIME_ERROR,5075,1513702775,sonicaks,CONTESTANT,PRETESTS,12,15,3072000
902,C,33430980,C++14 (GCC 6-32),WRONG_ANSWER,5111,1513702811,sonicaks,CONTESTANT,TESTS,15,78,4300800
902,A,33414809,C++14 (GCC 6-32),OK,604,1513698315,sonlh07,CONTESTANT,TESTS,55,15,2048000
902,B,33418858,C++14 (GCC 6-32),OK,1264,1513698975,sonlh07,CONTESTANT,TESTS,50,15,3993600
902,C,33424685,C++14 (GCC 6-32),OK,2729,1513700439,sonlh07,CONTESTANT,TESTS,45,93,4915200
902,B,33426378,C++14 (GCC 6-32),OK,3282,1513700982,sonorous,CONTESTANT,TESTS,50,15,2662400
902,A,33426609,C++14 (GCC 6-32),OK,3366,1513701066,sonorous,CONTESTANT,TESTS,55,30,1945600
902,A,33415429,C++14 (GCC 6-32),WRONG_ANSWER,709,1513698409,sophrosyne,CONTESTANT,TESTS,11,15,2048000
902,B,33423413,C++14 (GCC 6-32),OK,2382,1513700082,sophrosyne,CONTESTANT,TESTS,50,31,2355200
902,A,33413981,C++14 (GCC 6-32),CHALLENGED,474,1513698185,sorablaze_11,CONTESTANT,CHALLENGES,8,15,1945600
902,B,33420596,C++14 (GCC 6-32),OK,1637,1513699347,sorablaze_11,CONTESTANT,TESTS,50,15,2662400
902,C,33428363,C++14 (GCC 6-32),WRONG_ANSWER,4004,1513701715,sorablaze_11,CONTESTANT,PRETESTS,3,15,1843200
902,C,33431853,C++14 (GCC 6-32),WRONG_ANSWER,5535,1513703245,sorablaze_11,CONTESTANT,PRETESTS,1,15,1843200
902,C,33433703,C++14 (GCC 6-32),WRONG_ANSWER,6416,1513704126,sorablaze_11,CONTESTANT,PRETESTS,4,15,1843200
902,A,33413604,Java 8,OK,411,1513698122,sorahjy,CONTESTANT,TESTS,55,155,21094400
902,B,33430389,Java 8,TIME_LIMIT_EXCEEDED,4844,1513702554,sorahjy,CONTESTANT,TESTS,24,1000,21196800
902,C,33432712,Java 8,WRONG_ANSWER,5958,1513703668,sorahjy,CONTESTANT,PRETESTS,0,124,20992000
902,C,33432826,Java 8,OK,6017,1513703727,sorahjy,CONTESTANT,TESTS,45,1356,21196800
902,A,33413754,PyPy 3,WRONG_ANSWER,436,1513698147,soto_nlp,CONTESTANT,PRETESTS,4,93,23040000
902,A,33414225,PyPy 3,WRONG_ANSWER,512,1513698222,soto_nlp,CONTESTANT,PRETESTS,4,93,23040000
902,A,33418386,PyPy 3,WRONG_ANSWER,1171,1513698882,soto_nlp,CONTESTANT,PRETESTS,1,93,23142400
902,A,33419026,PyPy 3,WRONG_ANSWER,1303,1513699014,soto_nlp,CONTESTANT,PRETESTS,3,108,23244800
902,A,33419349,Python 3,WRONG_ANSWER,1374,1513699074,soto_nlp,CONTESTANT,PRETESTS,3,61,5529600
902,A,33421245,PyPy 3,OK,1793,1513699503,soto_nlp,CONTESTANT,TESTS,55,140,24166400
902,B,33426251,GNU C++,OK,3229,1513700939,soto_nlp,CONTESTANT,TESTS,50,15,2867200
902,C,33431843,GNU C++,WRONG_ANSWER,5530,1513703241,soto_nlp,CONTESTANT,PRETESTS,4,0,2867200
902,C,33432432,GNU C++,WRONG_ANSWER,5823,1513703533,soto_nlp,CONTESTANT,PRETESTS,4,15,2867200
902,C,33433501,GNU C++,WRONG_ANSWER,6323,1513704033,soto_nlp,CONTESTANT,PRETESTS,3,15,3072000
902,C,33433624,GNU C++,WRONG_ANSWER,6382,1513704093,soto_nlp,CONTESTANT,PRETESTS,3,15,3072000
902,A,33414222,GNU C++,OK,522,1513698222,soul_departed,CONTESTANT,TESTS,55,31,2048000
902,B,33417752,GNU C++,OK,1076,1513698776,soul_departed,CONTESTANT,TESTS,50,31,2457600
902,C,33425718,GNU C++,OK,3063,1513700763,soul_departed,CONTESTANT,TESTS,45,249,7065600
902,A,33414582,C++14 (GCC 6-32),WRONG_ANSWER,581,1513698281,soumith,CONTESTANT,PRETESTS,3,15,1843200
902,A,33416105,C++14 (GCC 6-32),WRONG_ANSWER,807,1513698507,soumith,CONTESTANT,PRETESTS,3,0,1945600
902,A,33418705,C++14 (GCC 6-32),WRONG_ANSWER,1244,1513698944,soumith,CONTESTANT,PRETESTS,3,15,1945600
902,A,33420620,C++14 (GCC 6-32),OK,1653,1513699353,soumith,CONTESTANT,TESTS,55,15,1945600
902,B,33427391,C++14 (GCC 6-32),WRONG_ANSWER,3654,1513701354,soumith,CONTESTANT,PRETESTS,6,30,2457600
902,B,33428324,C++14 (GCC 6-32),WRONG_ANSWER,4000,1513701700,soumith,CONTESTANT,PRETESTS,6,30,2457600
902,B,33430011,C++14 (GCC 6-32),WRONG_ANSWER,4700,1513702400,soumith,CONTESTANT,PRETESTS,6,30,2457600
902,A,33420498,C++14 (GCC 6-32),OK,1624,1513699324,soundii,CONTESTANT,TESTS,55,15,1945600
902,A,33415578,GNU C++,OK,731,1513698431,south_coder,CONTESTANT,TESTS,55,30,2048000
902,B,33422947,GNU C++,OK,2236,1513699947,south_coder,CONTESTANT,TESTS,50,46,2355200
902,C,33430094,GNU C++,OK,4733,1513702443,south_coder,CONTESTANT,TESTS,45,311,3276800
902,A,33412780,GNU C++11,OK,231,1513697942,spacewalker,CONTESTANT,TESTS,55,15,2048000
902,B,33415392,GNU C++11,OK,694,1513698405,spacewalker,CONTESTANT,TESTS,50,31,2355200
902,C,33422139,GNU C++11,WRONG_ANSWER,2013,1513699724,spacewalker,CONTESTANT,PRETESTS,1,15,2048000
902,C,33424363,GNU C++11,WRONG_ANSWER,2631,1513700341,spacewalker,CONTESTANT,PRETESTS,1,15,2048000
902,C,33424533,GNU C++11,WRONG_ANSWER,2687,1513700397,spacewalker,CONTESTANT,PRETESTS,1,15,2048000
902,C,33424704,GNU C++11,WRONG_ANSWER,2734,1513700445,spacewalker,CONTESTANT,PRETESTS,1,15,2048000
902,C,33424988,GNU C++11,WRONG_ANSWER,2815,1513700526,spacewalker,CONTESTANT,TESTS,36,249,5529600
902,A,33414301,GNU C++11,WRONG_ANSWER,534,1513698234,spascho123,CONTESTANT,PRETESTS,2,15,2048000
902,A,33414639,GNU C++11,WRONG_ANSWER,589,1513698289,spascho123,CONTESTANT,PRETESTS,0,15,2048000
902,A,33415620,GNU C++11,OK,736,1513698436,spascho123,CONTESTANT,TESTS,55,31,2048000
902,B,33422180,GNU C++11,OK,2033,1513699733,spascho123,CONTESTANT,TESTS,50,61,5427200
902,C,33431658,GNU C++11,WRONG_ANSWER,5439,1513703139,spascho123,CONTESTANT,PRETESTS,3,15,26112000
902,C,33433601,GNU C++11,WRONG_ANSWER,6383,1513704083,spascho123,CONTESTANT,PRETESTS,3,15,26112000
902,A,33416159,GNU C++11,WRONG_ANSWER,817,1513698517,spassos,CONTESTANT,PRETESTS,4,15,2048000
902,A,33420290,GNU C++11,OK,1577,1513699277,spassos,CONTESTANT,TESTS,55,15,2150400
902,B,33425289,GNU C++11,WRONG_ANSWER,2922,1513700622,spassos,CONTESTANT,PRETESTS,4,15,2252800
902,B,33425776,GNU C++11,OK,3081,1513700781,spassos,CONTESTANT,TESTS,50,312,2560000
902,C,33431088,GNU C++11,OK,5157,1513702857,spassos,CONTESTANT,TESTS,45,249,2457600
902,A,33412862,C++14 (GCC 6-32),OK,272,1513697972,spectaclehong,CONTESTANT,TESTS,55,15,2662400
902,B,33416752,C++14 (GCC 6-32),OK,908,1513698608,spectaclehong,CONTESTANT,TESTS,50,30,2560000
902,D,33422019,C++14 (GCC 6-32),WRONG_ANSWER,1998,1513699698,spectaclehong,CONTESTANT,PRETESTS,2,0,1843200
902,D,33434005,C++14 (GCC 6-32),OK,6581,1513704281,spectaclehong,CONTESTANT,TESTS,150,15,1945600
902,A,33417326,C++14 (GCC 6-32),CHALLENGED,992,1513698702,spectrums,CONTESTANT,CHALLENGES,8,15,1945600
902,B,33422369,C++14 (GCC 6-32),OK,2077,1513699787,spectrums,CONTESTANT,TESTS,50,15,2560000
902,A,33425032,C++14 (GCC 6-32),OK,2831,1513700541,spectrums,CONTESTANT,TESTS,55,15,1945600
902,C,33430115,C++14 (GCC 6-32),WRONG_ANSWER,4738,1513702448,spectrums,CONTESTANT,PRETESTS,3,15,2252800
902,C,33434092,C++14 (GCC 6-32),WRONG_ANSWER,6611,1513704322,spectrums,CONTESTANT,PRETESTS,1,15,2252800
902,A,33424115,Java 8,RUNTIME_ERROR,2574,1513700274,spence1,CONTESTANT,PRETESTS,2,139,20992000
902,B,33415728,GNU C++11,OK,753,1513698453,splucs,CONTESTANT,TESTS,50,30,2457600
902,A,33415773,GNU C++11,OK,761,1513698461,splucs,CONTESTANT,TESTS,55,15,2048000
902,C,33421847,GNU C++11,WRONG_ANSWER,1952,1513699652,splucs,CONTESTANT,PRETESTS,9,15,6041600
902,C,33423229,GNU C++11,WRONG_ANSWER,2332,1513700032,splucs,CONTESTANT,PRETESTS,3,15,6041600
902,C,33424478,GNU C++11,OK,2682,1513700382,splucs,CONTESTANT,TESTS,45,109,6041600
902,A,33413654,C++14 (GCC 6-32),WRONG_ANSWER,431,1513698131,sraman915,CONTESTANT,PRETESTS,4,15,1945600
902,A,33414519,C++14 (GCC 6-32),WRONG_ANSWER,569,1513698269,sraman915,CONTESTANT,PRETESTS,4,15,1843200
902,A,33418093,C++14 (GCC 6-32),OK,1130,1513698830,sraman915,CONTESTANT,TESTS,55,15,1945600
902,B,33421604,C++14 (GCC 6-32),OK,1892,1513699592,sraman915,CONTESTANT,TESTS,50,15,6348800
902,C,33431965,C++14 (GCC 6-32),OK,5596,1513703296,sraman915,CONTESTANT,TESTS,45,77,3891200
902,D,33433684,C++14 (GCC 6-32),WRONG_ANSWER,6417,1513704117,sraman915,CONTESTANT,PRETESTS,2,15,1945600
902,A,33417896,GNU C++,OK,1100,1513698800,sravyavalipe,CONTESTANT,TESTS,55,46,2048000
902,A,33416590,C++14 (GCC 6-32),OK,882,1513698582,sreekanth.polaka,CONTESTANT,TESTS,55,15,1945600
902,B,33423398,C++14 (GCC 6-32),OK,2379,1513700079,sreekanth.polaka,CONTESTANT,TESTS,50,31,2560000
902,A,33415869,GNU C,WRONG_ANSWER,773,1513698473,srikavya,CONTESTANT,PRETESTS,2,0,1843200
902,A,33424155,C++14 (GCC 6-32),OK,2586,1513700286,srivastavaharsh9888,CONTESTANT,TESTS,55,15,1945600
902,B,33434514,C++14 (GCC 6-32),OK,6800,1513704511,srivastavaharsh9888,CONTESTANT,TESTS,50,218,2355200
902,A,33413279,C++14 (GCC 6-32),WRONG_ANSWER,354,1513698064,ss1729,CONTESTANT,PRETESTS,2,15,1945600
902,A,33418215,C++14 (GCC 6-32),CHALLENGED,1142,1513698852,ss1729,CONTESTANT,CHALLENGES,8,15,1945600
902,B,33426534,C++14 (GCC 6-32),MEMORY_LIMIT_EXCEEDED,3324,1513701034,ss1729,CONTESTANT,PRETESTS,5,93,268390400
902,A,33427544,C++14 (GCC 6-32),OK,3701,1513701412,ss1729,CONTESTANT,TESTS,55,15,1945600
902,B,33428413,C++14 (GCC 6-32),WRONG_ANSWER,4028,1513701739,ss1729,CONTESTANT,TESTS,13,46,82329600
902,A,33414945,C++14 (GCC 6-32),WRONG_ANSWER,637,1513698337,sshpark,CONTESTANT,PRETESTS,2,0,1945600
902,A,33415902,C++14 (GCC 6-32),WRONG_ANSWER,778,1513698478,sshpark,CONTESTANT,PRETESTS,2,15,1945600
902,A,33419730,C++14 (GCC 6-32),WRONG_ANSWER,1453,1513699153,sshpark,CONTESTANT,PRETESTS,4,15,1945600
902,A,33421687,C++14 (GCC 6-32),WRONG_ANSWER,1912,1513699612,sshpark,CONTESTANT,PRETESTS,4,0,1945600
902,A,33425537,C++14 (GCC 6-32),OK,3004,1513700704,sshpark,CONTESTANT,TESTS,55,15,1945600
902,B,33429352,C++14 (GCC 6-32),WRONG_ANSWER,4419,1513702119,sshpark,CONTESTANT,PRETESTS,2,0,2048000
902,B,33431690,C++14 (GCC 6-32),OK,5455,1513703155,sshpark,CONTESTANT,TESTS,50,46,2457600
902,A,33430702,Java 8,WRONG_ANSWER,4997,1513702697,ssj.satish,CONTESTANT,PRETESTS,2,124,21094400
902,A,33418509,GNU C++11,OK,1194,1513698905,ssklm,CONTESTANT,TESTS,55,31,2048000
902,A,33414303,C++14 (GCC 6-32),TIME_LIMIT_EXCEEDED,534,1513698234,sspathare97,CONTESTANT,PRETESTS,0,1000,1843200
902,A,33414528,C++14 (GCC 6-32),WRONG_ANSWER,571,1513698271,sspathare97,CONTESTANT,PRETESTS,2,15,1843200
902,A,33417981,C++14 (GCC 6-32),TIME_LIMIT_EXCEEDED,1114,1513698814,sspathare97,CONTESTANT,PRETESTS,0,1000,1843200
902,A,33418134,C++14 (GCC 6-32),WRONG_ANSWER,1138,1513698838,sspathare97,CONTESTANT,PRETESTS,2,15,1945600
902,A,33419527,C++14 (GCC 6-32),WRONG_ANSWER,1415,1513699116,sspathare97,CONTESTANT,PRETESTS,2,0,1945600
902,A,33422287,C++14 (GCC 6-32),OK,2060,1513699760,sspathare97,CONTESTANT,TESTS,55,15,1945600
902,A,33412882,GNU C++11,OK,278,1513697979,stabmind,CONTESTANT,TESTS,55,31,2048000
902,B,33415689,GNU C++11,RUNTIME_ERROR,746,1513698446,stabmind,CONTESTANT,PRETESTS,5,0,2048000
902,B,33415915,GNU C++11,OK,779,1513698479,stabmind,CONTESTANT,TESTS,50,15,2560000
902,C,33424049,GNU C++11,WRONG_ANSWER,2558,1513700258,stabmind,CONTESTANT,PRETESTS,3,15,4915200
902,C,33425706,GNU C++11,OK,3060,1513700760,stabmind,CONTESTANT,TESTS,45,124,9728000
902,A,33415964,Python 3,WRONG_ANSWER,787,1513698487,stalk179,CONTESTANT,PRETESTS,2,61,5529600
902,A,33417976,Python 3,WRONG_ANSWER,1112,1513698812,stalk179,CONTESTANT,PRETESTS,2,62,5529600
902,A,33412904,C++14 (GCC 6-32),OK,285,1513697985,stanislav.bezkorovainyi,CONTESTANT,TESTS,55,15,1945600
902,B,33415243,C++14 (GCC 6-32),OK,683,1513698383,stanislav.bezkorovainyi,CONTESTANT,TESTS,50,46,2662400
902,C,33422579,C++14 (GCC 6-32),WRONG_ANSWER,2148,1513699848,stanislav.bezkorovainyi,CONTESTANT,PRETESTS,4,15,2662400
902,C,33425663,C++14 (GCC 6-32),WRONG_ANSWER,3041,1513700741,stanislav.bezkorovainyi,CONTESTANT,PRETESTS,1,15,2662400
902,C,33426183,C++14 (GCC 6-32),OK,3215,1513700915,stanislav.bezkorovainyi,CONTESTANT,TESTS,45,140,2662400
902,D,33433002,C++14 (GCC 6-32),WRONG_ANSWER,6111,1513703811,stanislav.bezkorovainyi,CONTESTANT,PRETESTS,4,15,1945600
902,D,33433996,C++14 (GCC 6-32),WRONG_ANSWER,6574,1513704275,stanislav.bezkorovainyi,CONTESTANT,PRETESTS,2,15,1945600
902,A,33412795,C++14 (GCC 6-32),OK,250,1513697950,stanm,CONTESTANT,TESTS,55,15,1945600
902,B,33415547,C++14 (GCC 6-32),OK,728,1513698428,stanm,CONTESTANT,TESTS,50,31,1945600
902,C,33421123,C++14 (GCC 6-32),OK,1775,1513699475,stanm,CONTESTANT,TESTS,45,155,2355200
902,A,33415805,Python 2,OK,765,1513698465,stark_attack,CONTESTANT,TESTS,55,62,4608000
902,B,33433050,Python 2,WRONG_ANSWER,6134,1513703834,stark_attack,CONTESTANT,PRETESTS,9,62,5734400
902,A,33413344,C++14 (GCC 6-32),OK,365,1513698075,stczhc,CONTESTANT,TESTS,55,15,1945600
902,B,33417935,C++14 (GCC 6-32),OK,1095,1513698806,stczhc,CONTESTANT,TESTS,50,15,2560000
902,A,33417789,C++14 (GCC 6-32),WRONG_ANSWER,1082,1513698782,stefan_creasta,CONTESTANT,PRETESTS,2,15,1843200
902,A,33419199,C++14 (GCC 6-32),OK,1349,1513699049,stefan_creasta,CONTESTANT,TESTS,55,15,1843200
902,B,33426989,C++14 (GCC 6-32),COMPILATION_ERROR,3499,1513701199,stefan_creasta,CONTESTANT,PRETESTS,0,0,0
902,B,33427038,C++14 (GCC 6-32),OK,3519,1513701219,stefan_creasta,CONTESTANT,TESTS,50,218,2457600
902,A,33412640,GNU C++11,OK,142,1513697842,stefdasca,CONTESTANT,TESTS,55,15,2048000
902,B,33413822,GNU C++11,OK,458,1513698158,stefdasca,CONTESTANT,TESTS,50,31,2457600
902,C,33419624,GNU C++11,WRONG_ANSWER,1435,1513699135,stefdasca,CONTESTANT,PRETESTS,3,15,3686400
902,C,33422035,GNU C++11,WRONG_ANSWER,2001,1513699701,stefdasca,CONTESTANT,PRETESTS,3,15,3686400
902,C,33422599,GNU C++11,WRONG_ANSWER,2153,1513699853,stefdasca,CONTESTANT,PRETESTS,3,15,3686400
902,C,33424010,GNU C++11,WRONG_ANSWER,2548,1513700248,stefdasca,CONTESTANT,PRETESTS,3,15,3686400
902,C,33425403,GNU C++11,WRONG_ANSWER,2962,1513700662,stefdasca,CONTESTANT,PRETESTS,3,15,3686400
902,C,33425605,GNU C++11,WRONG_ANSWER,3024,1513700724,stefdasca,CONTESTANT,PRETESTS,3,15,3686400
902,C,33426939,GNU C++11,WRONG_ANSWER,3483,1513701183,stefdasca,CONTESTANT,PRETESTS,3,15,3686400
902,C,33428210,GNU C++11,WRONG_ANSWER,3959,1513701659,stefdasca,CONTESTANT,PRETESTS,3,15,3686400
902,C,33428826,GNU C++11,WRONG_ANSWER,4210,1513701910,stefdasca,CONTESTANT,PRETESTS,3,15,3686400
902,C,33429120,GNU C++11,WRONG_ANSWER,4325,1513702025,stefdasca,CONTESTANT,PRETESTS,5,15,3686400
902,C,33429563,GNU C++11,WRONG_ANSWER,4514,1513702214,stefdasca,CONTESTANT,PRETESTS,5,15,3686400
902,C,33429817,GNU C++11,OK,4622,1513702322,stefdasca,CONTESTANT,TESTS,45,249,3686400
902,A,33415596,C++14 (GCC 6-32),OK,733,1513698433,steinum,CONTESTANT,TESTS,55,15,1945600
902,A,33421559,GNU C,WRONG_ANSWER,1883,1513699583,stevenR,CONTESTANT,PRETESTS,2,15,1843200
902,A,33428749,GNU C,WRONG_ANSWER,4182,1513701882,stevenR,CONTESTANT,PRETESTS,2,15,1843200
902,A,33414493,C++14 (GCC 6-32),WRONG_ANSWER,565,1513698265,stormraider,CONTESTANT,PRETESTS,2,15,1945600
902,A,33415430,C++14 (GCC 6-32),WRONG_ANSWER,710,1513698410,stormraider,CONTESTANT,PRETESTS,2,0,1843200
902,A,33418709,C++14 (GCC 6-32),WRONG_ANSWER,1244,1513698944,stormraider,CONTESTANT,PRETESTS,2,15,1945600
902,A,33421728,C++14 (GCC 6-32),WRONG_ANSWER,1921,1513699621,stormraider,CONTESTANT,PRETESTS,2,15,1945600
902,A,33422987,Kotlin 1.4,WRONG_ANSWER,2255,1513699955,strawus,CONTESTANT,PRETESTS,7,156,21299200
902,A,33423507,Kotlin 1.4,WRONG_ANSWER,2407,1513700107,strawus,CONTESTANT,TESTS,16,156,21299200
902,B,33434534,Kotlin 1.4,WRONG_ANSWER,6816,1513704516,strawus,CONTESTANT,PRETESTS,9,202,21606400
902,B,33435498,Kotlin 1.4,WRONG_ANSWER,7163,1513704863,strawus,CONTESTANT,PRETESTS,9,217,21811200
902,A,33414707,C++14 (GCC 6-32),WRONG_ANSWER,597,1513698297,striver_79,CONTESTANT,PRETESTS,2,15,1945600
902,A,33415172,C++14 (GCC 6-32),WRONG_ANSWER,671,1513698371,striver_79,CONTESTANT,PRETESTS,2,15,1843200
902,A,33425343,C++14 (GCC 6-32),OK,2933,1513700643,striver_79,CONTESTANT,TESTS,55,15,1945600
902,A,33416459,GNU C++,OK,860,1513698560,stsaikat,CONTESTANT,TESTS,55,15,2048000
902,A,33419735,GNU C,WRONG_ANSWER,1454,1513699154,stst3,CONTESTANT,PRETESTS,2,15,1843200
902,A,33421464,GNU C,WRONG_ANSWER,1858,1513699558,stst3,CONTESTANT,PRETESTS,2,15,1843200
902,A,33422974,GNU C,WRONG_ANSWER,2252,1513699952,stst3,CONTESTANT,PRETESTS,2,15,1843200
902,B,33425135,GNU C++11,OK,2871,1513700571,studentnitk1,CONTESTANT,TESTS,50,46,6758400
902,A,33426461,GNU C++11,WRONG_ANSWER,3308,1513701008,studentnitk1,CONTESTANT,PRETESTS,4,15,2150400
902,A,33426994,GNU C++11,WRONG_ANSWER,3501,1513701201,studentnitk1,CONTESTANT,PRETESTS,4,15,2150400
902,A,33428144,GNU C++11,OK,3935,1513701635,studentnitk1,CONTESTANT,TESTS,55,31,2150400
902,A,33413472,Java 8,OK,387,1513698098,sturdyplum,CONTESTANT,TESTS,55,140,20684800
902,B,33418464,Java 8,OK,1186,1513698896,sturdyplum,CONTESTANT,TESTS,50,139,20684800
902,C,33422166,Java 8,OK,2020,1513699730,sturdyplum,CONTESTANT,TESTS,45,218,32870400
902,D,33433202,Java 8,WRONG_ANSWER,6197,1513703907,sturdyplum,CONTESTANT,PRETESTS,0,124,20582400
902,D,33433584,Java 8,WRONG_ANSWER,6364,1513704074,sturdyplum,CONTESTANT,PRETESTS,2,109,20582400
902,D,33434458,Java 8,OK,6772,1513704483,sturdyplum,CONTESTANT,TESTS,150,140,21094400
902,A,33416392,C++14 (GCC 6-32),WRONG_ANSWER,849,1513698549,subham-75,CONTESTANT,PRETESTS,3,15,1843200
902,A,33418809,C++14 (GCC 6-32),OK,1264,1513698964,subham-75,CONTESTANT,TESTS,55,15,1945600
902,B,33427833,C++14 (GCC 6-32),WRONG_ANSWER,3814,1513701514,subham-75,CONTESTANT,PRETESTS,5,15,2355200
902,B,33428427,C++14 (GCC 6-32),WRONG_ANSWER,4045,1513701745,subham-75,CONTESTANT,PRETESTS,5,15,2355200
902,B,33434874,C++14 (GCC 6-32),OK,6959,1513704659,subham-75,CONTESTANT,TESTS,50,156,2355200
902,A,33414360,C++14 (GCC 6-32),WRONG_ANSWER,533,1513698243,subham.ghosh,CONTESTANT,PRETESTS,4,15,1843200
902,A,33417094,C++14 (GCC 6-32),WRONG_ANSWER,951,1513698661,subham.ghosh,CONTESTANT,PRETESTS,4,15,1945600
902,A,33420724,C++14 (GCC 6-32),WRONG_ANSWER,1667,1513699378,subham.ghosh,CONTESTANT,PRETESTS,2,0,1843200
902,A,33422988,C++14 (GCC 6-32),WRONG_ANSWER,2245,1513699955,subham.ghosh,CONTESTANT,PRETESTS,0,0,1945600
902,A,33415332,C++14 (GCC 6-32),WRONG_ANSWER,695,1513698395,subzero,CONTESTANT,PRETESTS,2,0,1843200
902,A,33416202,C++14 (GCC 6-32),WRONG_ANSWER,821,1513698521,subzero,CONTESTANT,PRETESTS,3,15,1843200
902,A,33418578,C++14 (GCC 6-32),WRONG_ANSWER,1219,1513698919,subzero,CONTESTANT,PRETESTS,3,15,1945600
902,A,33421630,C++14 (GCC 6-32),WRONG_ANSWER,1899,1513699599,subzero,CONTESTANT,PRETESTS,3,15,1843200
902,A,33430861,GNU C,TIME_LIMIT_EXCEEDED,5056,1513702756,suchi1234,CONTESTANT,PRETESTS,2,1000,11776000
902,A,33431888,GNU C,WRONG_ANSWER,5564,1513703264,suchi1234,CONTESTANT,PRETESTS,2,15,1843200
902,A,33415500,C++14 (GCC 6-32),OK,711,1513698422,sudo17,CONTESTANT,TESTS,55,15,5939200
902,B,33430708,C++14 (GCC 6-32),OK,4989,1513702699,sudo17,CONTESTANT,TESTS,50,46,6246400
902,A,33416464,C++14 (GCC 6-32),OK,861,1513698561,suds13,CONTESTANT,TESTS,55,15,1945600
902,B,33425533,C++14 (GCC 6-32),OK,3002,1513700702,suds13,CONTESTANT,TESTS,50,31,2867200
902,C,33432495,C++14 (GCC 6-32),WRONG_ANSWER,5862,1513703562,suds13,CONTESTANT,PRETESTS,1,15,1843200
902,C,33434024,C++14 (GCC 6-32),WRONG_ANSWER,6593,1513704293,suds13,CONTESTANT,PRETESTS,4,15,1945600
902,C,33434834,C++14 (GCC 6-32),OK,6944,1513704644,suds13,CONTESTANT,TESTS,45,140,3891200
902,A,33416071,Python 3,OK,802,1513698502,sugam1111,CONTESTANT,TESTS,55,62,5529600
902,B,33422373,Python 3,OK,2089,1513699789,sugam1111,CONTESTANT,TESTS,50,77,6553600
902,C,33431746,Python 3,OK,5485,1513703185,sugam1111,CONTESTANT,TESTS,45,1543,7065600
902,D,33433339,Python 3,WRONG_ANSWER,6267,1513703967,sugam1111,CONTESTANT,PRETESTS,3,62,5529600
902,B,33417642,Java 8,OK,1058,1513698758,sugnay,CONTESTANT,TESTS,50,155,21196800
902,A,33417694,Java 8,OK,1065,1513698765,sugnay,CONTESTANT,TESTS,55,124,20684800
902,C,33425747,Java 8,OK,3071,1513700771,sugnay,CONTESTANT,TESTS,45,264,29286400
902,A,33422590,C++14 (GCC 6-32),OK,2152,1513699852,suit52,CONTESTANT,TESTS,55,15,1945600
902,A,33418737,GNU C++11,OK,1250,1513698950,sukhbir,CONTESTANT,TESTS,55,15,2048000
902,B,33427831,GNU C++11,OK,3813,1513701513,sukhbir,CONTESTANT,TESTS,50,31,3686400
902,C,33434438,GNU C++11,OK,6773,1513704473,sukhbir,CONTESTANT,TESTS,45,295,2457600
902,A,33416233,GNU C++,WRONG_ANSWER,826,1513698526,sumit.chaturvedi,CONTESTANT,PRETESTS,2,0,2048000
902,A,33418574,GNU C++,OK,1217,1513698917,sumit.chaturvedi,CONTESTANT,TESTS,55,15,2048000
902,B,33427414,GNU C++,OK,3662,1513701362,sumit.chaturvedi,CONTESTANT,TESTS,50,46,2662400
902,A,33422355,C++14 (GCC 6-32),OK,2083,1513699783,sun-ruo-feng,CONTESTANT,TESTS,55,15,1945600
902,B,33426047,C++14 (GCC 6-32),OK,3169,1513700869,sun-ruo-feng,CONTESTANT,TESTS,50,30,2457600
902,A,33414000,C++14 (GCC 6-32),OK,488,1513698188,sundar10,CONTESTANT,TESTS,55,15,12595200
902,B,33431124,C++14 (GCC 6-32),OK,5173,1513702873,sundar10,CONTESTANT,TESTS,50,31,31948800
902,A,33420227,GNU C++,OK,1563,1513699263,sunghyen,CONTESTANT,TESTS,55,15,2048000
902,B,33428601,GNU C++,OK,4115,1513701815,sunghyen,CONTESTANT,TESTS,50,15,2252800
902,A,33415775,C++14 (GCC 6-32),OK,761,1513698461,sungun1996,CONTESTANT,TESTS,55,15,2048000
902,B,33422978,C++14 (GCC 6-32),OK,2253,1513699953,sungun1996,CONTESTANT,TESTS,50,249,2457600
902,A,33420584,C++14 (GCC 6-32),WRONG_ANSWER,1634,1513699344,sunrise7,CONTESTANT,PRETESTS,2,15,2048000
902,A,33424186,C++14 (GCC 6-32),WRONG_ANSWER,2583,1513700293,sunrise7,CONTESTANT,TESTS,46,15,2048000
902,A,33415881,C++14 (GCC 6-32),WRONG_ANSWER,774,1513698474,superS-S,CONTESTANT,PRETESTS,2,0,1843200
902,A,33419404,C++14 (GCC 6-32),WRONG_ANSWER,1386,1513699086,superS-S,CONTESTANT,PRETESTS,2,15,1945600
902,A,33419961,C++14 (GCC 6-32),WRONG_ANSWER,1503,1513699203,superS-S,CONTESTANT,PRETESTS,2,15,1843200
902,A,33420846,C++14 (GCC 6-32),CHALLENGED,1709,1513699409,superS-S,CONTESTANT,CHALLENGES,8,15,1945600
902,B,33426087,C++14 (GCC 6-32),TIME_LIMIT_EXCEEDED,3186,1513700886,superS-S,CONTESTANT,TESTS,17,1000,10649600
902,A,33426678,C++14 (GCC 6-32),OK,3392,1513701092,superS-S,CONTESTANT,TESTS,55,15,1945600
902,A,33423276,C++14 (GCC 6-32),WRONG_ANSWER,2346,1513700046,superiqbal7,CONTESTANT,PRETESTS,4,15,1945600
902,A,33424937,C++14 (GCC 6-32),CHALLENGED,2811,1513700511,superiqbal7,CONTESTANT,CHALLENGES,8,15,1945600
902,A,33414388,GNU C++11,OK,549,1513698249,superman_k,CONTESTANT,TESTS,55,15,2048000
902,B,33419524,GNU C++11,OK,1414,1513699114,superman_k,CONTESTANT,TESTS,50,46,2560000
902,C,33424425,GNU C++11,OK,2662,1513700362,superman_k,CONTESTANT,TESTS,45,109,2867200
902,D,33434125,GNU C++11,WRONG_ANSWER,6635,1513704335,superman_k,CONTESTANT,PRETESTS,2,0,2048000
902,D,33435639,GNU C++11,OK,7190,1513704890,superman_k,CONTESTANT,TESTS,150,15,2048000
902,A,33418937,GNU C++,WRONG_ANSWER,1293,1513698993,supriyakommisetti,CONTESTANT,PRETESTS,2,15,1843200
902,A,33421454,GNU C++,WRONG_ANSWER,1855,1513699555,supriyakommisetti,CONTESTANT,PRETESTS,2,15,1843200
902,A,33428025,GNU C++,WRONG_ANSWER,3885,1513701585,supriyakommisetti,CONTESTANT,PRETESTS,2,0,1843200
902,A,33433311,GNU C++,OK,6253,1513703953,supriyakommisetti,CONTESTANT,TESTS,55,15,1843200
902,A,33420831,GNU C,OK,1703,1513699403,supriyan,CONTESTANT,TESTS,55,15,1843200
902,A,33413098,GNU C++,OK,319,1513698030,surajgupta97,CONTESTANT,TESTS,55,31,2048000
902,B,33415214,GNU C++,OK,668,1513698378,surajgupta97,CONTESTANT,TESTS,50,46,2150400
902,C,33420681,GNU C++,WRONG_ANSWER,1657,1513699368,surajgupta97,CONTESTANT,PRETESTS,1,15,2560000
902,C,33423372,GNU C++,OK,2361,1513700072,surajgupta97,CONTESTANT,TESTS,45,312,2560000
902,A,33418720,GNU C++,CHALLENGED,1246,1513698946,sushmitha_raj,CONTESTANT,CHALLENGES,8,15,2048000
902,A,33431953,GNU C++,OK,5592,1513703292,sushmitha_raj,CONTESTANT,TESTS,55,15,2048000
902,A,33412822,GNU C++11,WRONG_ANSWER,257,1513697957,sutekine,CONTESTANT,PRETESTS,2,15,2048000
902,B,33417284,GNU C++11,OK,996,1513698696,sutekine,CONTESTANT,TESTS,50,31,2560000
902,A,33417720,GNU C++11,COMPILATION_ERROR,1070,1513698770,sutekine,CONTESTANT,PRETESTS,0,0,0
902,A,33417884,GNU C++11,OK,1098,1513698798,sutekine,CONTESTANT,TESTS,55,31,2048000
902,C,33422530,GNU C++11,OK,2134,1513699834,sutekine,CONTESTANT,TESTS,45,249,3686400
902,B,33417960,GNU C++,OK,1110,1513698810,svanO,CONTESTANT,TESTS,50,46,2457600
902,A,33419856,GNU C++,OK,1478,1513699178,svanO,CONTESTANT,TESTS,55,30,2048000
902,C,33432085,GNU C++,WRONG_ANSWER,5653,1513703353,svanO,CONTESTANT,PRETESTS,1,0,2867200
902,C,33433315,GNU C++,WRONG_ANSWER,6254,1513703954,svanO,CONTESTANT,PRETESTS,1,15,2867200
902,C,33434017,GNU C++,WRONG_ANSWER,6589,1513704289,svanO,CONTESTANT,PRETESTS,1,15,2457600
902,C,33434728,C++14 (GCC 6-32),WRONG_ANSWER,6899,1513704599,svanO,CONTESTANT,PRETESTS,1,0,2252800
902,C,33434912,C++14 (GCC 6-32),WRONG_ANSWER,6975,1513704675,svanO,CONTESTANT,PRETESTS,1,15,2252800
902,A,33415891,Python 2,COMPILATION_ERROR,776,1513698476,swapnil07,CONTESTANT,PRETESTS,0,0,0
902,A,33416018,C++14 (GCC 6-32),WRONG_ANSWER,794,1513698494,swapnil07,CONTESTANT,PRETESTS,4,15,1945600
902,A,33421589,C++14 (GCC 6-32),OK,1889,1513699589,swapnil07,CONTESTANT,TESTS,55,15,1945600
902,B,33427783,C++14 (GCC 6-32),OK,3799,1513701499,swapnil07,CONTESTANT,TESTS,50,15,2560000
902,C,33433609,C++14 (GCC 6-32),WRONG_ANSWER,6386,1513704086,swapnil07,CONTESTANT,PRETESTS,1,15,2252800
902,C,33434234,C++14 (GCC 6-32),OK,6686,1513704386,swapnil07,CONTESTANT,TESTS,45,93,5734400
902,A,33419297,C++14 (GCC 6-32),WRONG_ANSWER,1366,1513699066,swapnilr,CONTESTANT,PRETESTS,2,15,1843200
902,A,33422421,C++14 (GCC 6-32),WRONG_ANSWER,2105,1513699805,swapnilr,CONTESTANT,PRETESTS,2,15,1843200
902,A,33423491,C++14 (GCC 6-32),WRONG_ANSWER,2402,1513700102,swapnilr,CONTESTANT,PRETESTS,2,15,1843200
902,A,33424885,C++14 (GCC 6-32),WRONG_ANSWER,2794,1513700494,swapnilr,CONTESTANT,PRETESTS,2,15,1945600
902,A,33414462,C++14 (GCC 6-32),WRONG_ANSWER,560,1513698260,swapnilsaha,CONTESTANT,PRETESTS,3,15,1843200
902,A,33414878,C++14 (GCC 6-32),OK,627,1513698327,swapnilsaha,CONTESTANT,TESTS,55,15,1945600
902,B,33423152,C++14 (GCC 6-32),OK,2309,1513700009,swapnilsaha,CONTESTANT,TESTS,50,30,2457600
902,C,33434257,C++14 (GCC 6-32),WRONG_ANSWER,6696,1513704396,swapnilsaha,CONTESTANT,PRETESTS,1,0,1843200
902,A,33420808,C++14 (GCC 6-32),WRONG_ANSWER,1689,1513699400,swats,CONTESTANT,PRETESTS,2,15,1945600
902,A,33416004,GNU C++,WRONG_ANSWER,792,1513698492,swetanjal,CONTESTANT,PRETESTS,5,15,2048000
902,A,33417186,GNU C++,WRONG_ANSWER,979,1513698679,swetanjal,CONTESTANT,PRETESTS,5,15,2048000
902,A,33418123,GNU C++,OK,1137,1513698837,swetanjal,CONTESTANT,TESTS,55,15,2048000
902,B,33423664,GNU C++,OK,2450,1513700150,swetanjal,CONTESTANT,TESTS,50,61,4096000
902,C,33428029,GNU C++,OK,3885,1513701585,swetanjal,CONTESTANT,TESTS,45,327,5734400
902,A,33414358,GNU C++,COMPILATION_ERROR,543,1513698243,swordx,CONTESTANT,PRETESTS,0,0,0
902,A,33414841,C++14 (GCC 6-32),WRONG_ANSWER,621,1513698321,swordx,CONTESTANT,PRETESTS,2,0,1945600
902,A,33416013,C++14 (GCC 6-32),WRONG_ANSWER,793,1513698493,swordx,CONTESTANT,PRETESTS,2,15,1843200
902,A,33417100,C++14 (GCC 6-32),WRONG_ANSWER,962,1513698662,swordx,CONTESTANT,PRETESTS,2,15,1843200
902,A,33418355,C++14 (GCC 6-32),WRONG_ANSWER,1176,1513698876,swordx,CONTESTANT,PRETESTS,2,0,1945600
902,A,33420298,C++14 (GCC 6-32),WRONG_ANSWER,1578,1513699278,swordx,CONTESTANT,PRETESTS,2,15,1843200
902,A,33421423,C++14 (GCC 6-32),WRONG_ANSWER,1846,1513699546,swordx,CONTESTANT,PRETESTS,2,0,1945600
902,A,33421895,C++14 (GCC 6-32),WRONG_ANSWER,1965,1513699665,swordx,CONTESTANT,PRETESTS,2,15,1945600
902,A,33426892,C++14 (GCC 6-32),CHALLENGED,3467,1513701167,swordx,CONTESTANT,CHALLENGES,8,15,1945600
902,B,33435490,C++14 (GCC 6-32),WRONG_ANSWER,7161,1513704861,swordx,CONTESTANT,PRETESTS,0,15,3993600
902,A,33415561,C++14 (GCC 6-32),WRONG_ANSWER,719,1513698429,swpu_hetao,CONTESTANT,PRETESTS,2,15,1945600
902,A,33418149,C++14 (GCC 6-32),WRONG_ANSWER,1130,1513698841,swpu_hetao,CONTESTANT,PRETESTS,4,15,1945600
902,A,33420229,C++14 (GCC 6-32),OK,1554,1513699264,swpu_hetao,CONTESTANT,TESTS,55,15,1945600
902,A,33419064,GNU C++,WRONG_ANSWER,1324,1513699024,syamantakkumar,CONTESTANT,PRETESTS,2,15,2048000
902,A,33420342,GNU C++,WRONG_ANSWER,1586,1513699286,syamantakkumar,CONTESTANT,PRETESTS,2,15,2048000
902,A,33423180,GNU C++,WRONG_ANSWER,2316,1513700016,syamantakkumar,CONTESTANT,PRETESTS,0,15,2048000
902,A,33423240,GNU C++,OK,2339,1513700039,syamantakkumar,CONTESTANT,TESTS,55,15,2048000
902,B,33430478,GNU C++,OK,4892,1513702592,syamantakkumar,CONTESTANT,TESTS,50,46,2867200
902,A,33416571,Python 3,RUNTIME_ERROR,869,1513698580,sydlcs,CONTESTANT,PRETESTS,0,62,5529600
902,A,33416906,Python 3,WRONG_ANSWER,920,1513698631,sydlcs,CONTESTANT,PRETESTS,0,46,5529600
902,A,33417910,Python 3,OK,1091,1513698802,sydlcs,CONTESTANT,TESTS,55,62,5529600
902,B,33420961,Python 3,RUNTIME_ERROR,1725,1513699435,sydlcs,CONTESTANT,TESTS,17,77,7680000
902,C,33424949,Python 3,RUNTIME_ERROR,2804,1513700514,sydlcs,CONTESTANT,PRETESTS,0,46,5529600
902,C,33425037,Python 3,RUNTIME_ERROR,2832,1513700543,sydlcs,CONTESTANT,PRETESTS,1,46,5529600
902,C,33425331,Python 3,OK,2926,1513700637,sydlcs,CONTESTANT,TESTS,45,311,23449600
902,D,33429255,Python 3,WRONG_ANSWER,4370,1513702081,sydlcs,CONTESTANT,PRETESTS,2,61,5529600
902,D,33431055,Python 3,OK,5133,1513702843,sydlcs,CONTESTANT,TESTS,150,62,5632000
902,A,33421491,GNU C++11,WRONG_ANSWER,1868,1513699568,symonhasan,CONTESTANT,PRETESTS,2,15,2048000
902,A,33423788,GNU C++11,WRONG_ANSWER,2489,1513700189,symonhasan,CONTESTANT,PRETESTS,2,15,2048000
902,A,33428745,GNU C++11,WRONG_ANSWER,4181,1513701881,symonhasan,CONTESTANT,PRETESTS,4,0,2048000
902,A,33429855,GNU C++11,WRONG_ANSWER,4634,1513702334,symonhasan,CONTESTANT,PRETESTS,3,15,2048000
902,A,33430983,GNU C++11,WRONG_ANSWER,5112,1513702812,symonhasan,CONTESTANT,PRETESTS,1,0,2048000
902,A,33431099,GNU C++11,OK,5162,1513702862,symonhasan,CONTESTANT,TESTS,55,15,2048000
902,A,33428490,GNU C++11,WRONG_ANSWER,4070,1513701770,synthi,CONTESTANT,PRETESTS,6,15,2048000
902,A,33412725,C++14 (GCC 6-32),OK,217,1513697917,sz1231,CONTESTANT,TESTS,55,15,1843200
902,B,33413863,C++14 (GCC 6-32),OK,464,1513698164,sz1231,CONTESTANT,TESTS,50,30,2355200
902,C,33419324,C++14 (GCC 6-32),WRONG_ANSWER,1371,1513699071,sz1231,CONTESTANT,PRETESTS,3,15,3072000
902,D,33427675,C++14 (GCC 6-32),OK,3758,1513701458,sz1231,CONTESTANT,TESTS,150,30,2048000
902,C,33430390,C++14 (GCC 6-32),OK,4855,1513702555,sz1231,CONTESTANT,TESTS,45,109,3072000
902,B,33418648,C++14 (GCC 6-32),OK,1223,1513698933,szymonkot1,CONTESTANT,TESTS,50,31,2457600
902,A,33420423,C++14 (GCC 6-32),OK,1597,1513699307,szymonkot1,CONTESTANT,TESTS,55,15,1843200
902,C,33428100,C++14 (GCC 6-32),OK,3906,1513701617,szymonkot1,CONTESTANT,TESTS,45,93,4300800
902,A,33419133,GNU C++,WRONG_ANSWER,1328,1513699038,t-srj,CONTESTANT,PRETESTS,0,0,2048000
902,A,33420137,GNU C++,TIME_LIMIT_EXCEEDED,1532,1513699243,t-srj,CONTESTANT,PRETESTS,5,1000,2048000
902,A,33424100,GNU C++,OK,2560,1513700270,t-srj,CONTESTANT,TESTS,55,30,2048000
902,A,33414042,C++14 (GCC 6-32),WRONG_ANSWER,485,1513698195,tagir,CONTESTANT,PRETESTS,3,15,1843200
902,A,33416978,C++14 (GCC 6-32),OK,930,1513698640,tagir,CONTESTANT,TESTS,55,15,1945600
902,B,33420785,C++14 (GCC 6-32),OK,1684,1513699395,tagir,CONTESTANT,TESTS,50,31,2662400
902,C,33430458,C++14 (GCC 6-32),OK,4875,1513702585,tagir,CONTESTANT,TESTS,45,140,16691200
902,A,33423687,GNU C++11,WRONG_ANSWER,2448,1513700158,taha.khaled,CONTESTANT,PRETESTS,2,15,2048000
902,A,33414533,GNU C++11,WRONG_ANSWER,572,1513698272,tahska_athem,CONTESTANT,PRETESTS,2,15,2048000
902,A,33415976,GNU C++11,WRONG_ANSWER,790,1513698490,tahska_athem,CONTESTANT,PRETESTS,2,15,2048000
902,A,33416803,GNU C++11,WRONG_ANSWER,915,1513698615,tahska_athem,CONTESTANT,PRETESTS,2,0,2048000
902,A,33420741,GNU C++11,WRONG_ANSWER,1682,1513699382,tahska_athem,CONTESTANT,PRETESTS,4,15,2048000
902,A,33421238,GNU C++11,WRONG_ANSWER,1801,1513699501,tahska_athem,CONTESTANT,PRETESTS,4,15,2048000
902,A,33423004,GNU C++11,WRONG_ANSWER,2260,1513699960,tahska_athem,CONTESTANT,PRETESTS,3,15,2048000
902,A,33423708,GNU C++11,WRONG_ANSWER,2465,1513700165,tahska_athem,CONTESTANT,PRETESTS,0,0,2048000
902,A,33424175,GNU C++11,WRONG_ANSWER,2591,1513700291,tahska_athem,CONTESTANT,PRETESTS,4,15,2048000
902,A,33424526,GNU C++11,WRONG_ANSWER,2694,1513700394,tahska_athem,CONTESTANT,PRETESTS,4,15,2048000
902,A,33427879,GNU C++11,WRONG_ANSWER,3831,1513701531,tahska_athem,CONTESTANT,PRETESTS,1,0,2048000
902,A,33428221,GNU C++11,WRONG_ANSWER,3963,1513701663,tahska_athem,CONTESTANT,PRETESTS,2,15,2048000
902,A,33430052,GNU C++11,WRONG_ANSWER,4719,1513702419,tahska_athem,CONTESTANT,PRETESTS,4,15,2048000
902,A,33414170,GNU C++11,WRONG_ANSWER,514,1513698214,tajirhas9,CONTESTANT,PRETESTS,2,31,2048000
902,A,33415298,GNU C++11,WRONG_ANSWER,691,1513698391,tajirhas9,CONTESTANT,PRETESTS,2,0,2048000
902,A,33417265,GNU C++11,WRONG_ANSWER,992,1513698692,tajirhas9,CONTESTANT,PRETESTS,2,15,2048000
902,A,33422164,GNU C++11,WRONG_ANSWER,2030,1513699730,tajirhas9,CONTESTANT,PRETESTS,2,0,2150400
902,A,33425701,GNU C++11,WRONG_ANSWER,3057,1513700757,tajirhas9,CONTESTANT,PRETESTS,2,15,2048000
902,A,33413955,GNU C++11,WRONG_ANSWER,480,1513698180,tanasaradu2,CONTESTANT,PRETESTS,5,15,2048000
902,A,33415268,GNU C++11,WRONG_ANSWER,687,1513698387,tanasaradu2,CONTESTANT,PRETESTS,3,0,2048000
902,A,33416310,GNU C++11,WRONG_ANSWER,838,1513698538,tanasaradu2,CONTESTANT,PRETESTS,3,15,2048000
902,A,33418827,GNU C++11,WRONG_ANSWER,1267,1513698967,tanasaradu2,CONTESTANT,PRETESTS,2,0,2048000
902,A,33419517,GNU C++11,CHALLENGED,1413,1513699113,tanasaradu2,CONTESTANT,CHALLENGES,8,15,2048000
902,B,33423565,GNU C++11,OK,2424,1513700124,tanasaradu2,CONTESTANT,TESTS,50,234,2457600
902,A,33427979,GNU C++11,OK,3867,1513701567,tanasaradu2,CONTESTANT,TESTS,55,15,2048000
902,A,33418877,GNU C++11,OK,1280,1513698980,tanny411,CONTESTANT,TESTS,55,15,2048000
902,B,33424569,GNU C++11,OK,2706,1513700406,tanny411,CONTESTANT,TESTS,50,61,2560000
902,A,33413986,GNU C++11,WRONG_ANSWER,486,1513698186,tantam75,CONTESTANT,TESTS,11,15,2048000
902,B,33418172,GNU C++11,OK,1145,1513698845,tantam75,CONTESTANT,TESTS,50,46,2560000
902,C,33422377,GNU C++11,WRONG_ANSWER,2090,1513699790,tantam75,CONTESTANT,PRETESTS,0,0,6041600
902,C,33422487,GNU C++11,WRONG_ANSWER,2124,1513699824,tantam75,CONTESTANT,PRETESTS,1,15,6041600
902,C,33424898,GNU C++11,WRONG_ANSWER,2798,1513700498,tantam75,CONTESTANT,PRETESTS,3,15,6041600
902,C,33432328,GNU C++11,OK,5777,1513703477,tantam75,CONTESTANT,TESTS,45,109,8089600
902,A,33414604,GNU C++,OK,573,1513698284,tanujyadav97,CONTESTANT,TESTS,55,15,2048000
902,B,33418963,GNU C++,OK,1288,1513698999,tanujyadav97,CONTESTANT,TESTS,50,15,2662400
902,C,33424366,GNU C++,OK,2631,1513700342,tanujyadav97,CONTESTANT,TESTS,45,108,4710400
902,D,33433309,GNU C++,WRONG_ANSWER,6241,1513703951,tanujyadav97,CONTESTANT,PRETESTS,1,15,2867200
902,A,33417748,GNU C++,OK,1064,1513698775,tanus_era,CONTESTANT,TESTS,55,15,1843200
902,B,33427330,GNU C++,OK,3626,1513701337,tanus_era,CONTESTANT,TESTS,50,202,2457600
902,A,33418684,C++14 (GCC 6-32),CHALLENGED,1239,1513698939,tapanr97,CONTESTANT,CHALLENGES,8,15,1945600
902,B,33422022,C++14 (GCC 6-32),OK,1999,1513699699,tapanr97,CONTESTANT,TESTS,50,31,2457600
902,C,33428848,C++14 (GCC 6-32),TIME_LIMIT_EXCEEDED,4220,1513701920,tapanr97,CONTESTANT,TESTS,13,2000,16588800
902,A,33430580,C++14 (GCC 6-32),WRONG_ANSWER,4938,1513702638,tapanr97,CONTESTANT,CHALLENGES,0,15,1945600
902,A,33430961,C++14 (GCC 6-32),WRONG_ANSWER,5099,1513702799,tapanr97,CONTESTANT,CHALLENGES,0,15,1945600
902,A,33431903,C++14 (GCC 6-32),OK,5571,1513703271,tapanr97,CONTESTANT,TESTS,55,15,1945600
902,A,33415281,GNU C++,OK,689,1513698389,tapopadma,CONTESTANT,TESTS,55,15,4710400
902,B,33419765,GNU C++,OK,1460,1513699160,tapopadma,CONTESTANT,TESTS,50,31,5734400
902,C,33427822,GNU C++,WRONG_ANSWER,3810,1513701510,tapopadma,CONTESTANT,PRETESTS,1,15,2867200
902,C,33429036,GNU C++,WRONG_ANSWER,4294,1513701994,tapopadma,CONTESTANT,PRETESTS,3,0,2867200
902,C,33431033,GNU C++,WRONG_ANSWER,5133,1513702833,tapopadma,CONTESTANT,PRETESTS,3,15,2867200
902,C,33431990,GNU C++,WRONG_ANSWER,5611,1513703311,tapopadma,CONTESTANT,PRETESTS,6,15,2867200
902,C,33435582,GNU C++,OK,7180,1513704880,tapopadma,CONTESTANT,TESTS,45,171,5734400
902,A,33413598,Java 8,OK,421,1513698121,taran_1407,CONTESTANT,TESTS,55,140,20684800
902,C,33425427,Java 8,WRONG_ANSWER,2969,1513700669,taran_1407,CONTESTANT,PRETESTS,3,109,20582400
902,B,33426557,Java 8,OK,3343,1513701043,taran_1407,CONTESTANT,TESTS,50,155,20787200
902,C,33429793,Java 8,WRONG_ANSWER,4611,1513702311,taran_1407,CONTESTANT,PRETESTS,3,109,20582400
902,C,33431797,Java 8,WRONG_ANSWER,5515,1513703215,taran_1407,CONTESTANT,PRETESTS,3,109,20582400
902,C,33432741,Java 8,WRONG_ANSWER,5982,1513703682,taran_1407,CONTESTANT,PRETESTS,5,109,20582400
902,A,33413144,C++14 (GCC 6-32),OK,339,1513698039,tarun_,CONTESTANT,TESTS,55,15,1945600
902,B,33419158,C++14 (GCC 6-32),OK,1342,1513699042,tarun_,CONTESTANT,TESTS,50,31,2662400
902,C,33432402,C++14 (GCC 6-32),WRONG_ANSWER,5816,1513703516,tarun_,CONTESTANT,TESTS,37,108,6656000
902,A,33417773,C++14 (GCC 6-32),CHALLENGED,1079,1513698779,taxi_driver,CONTESTANT,CHALLENGES,8,15,1945600
902,A,33420252,C++14 (GCC 6-32),TIME_LIMIT_EXCEEDED,1569,1513699269,taxi_driver,CONTESTANT,TESTS,13,1000,2048000
902,B,33422621,C++14 (GCC 6-32),OK,2159,1513699859,taxi_driver,CONTESTANT,TESTS,50,31,5222400
902,C,33434810,C++14 (GCC 6-32),WRONG_ANSWER,6937,1513704637,taxi_driver,CONTESTANT,PRETESTS,4,15,6656000
902,A,33415067,C++14 (GCC 6-32),OK,656,1513698356,tc-imba,CONTESTANT,TESTS,55,15,1945600
902,B,33420769,C++14 (GCC 6-32),OK,1691,1513699391,tc-imba,CONTESTANT,TESTS,50,31,2662400
902,D,33426906,C++14 (GCC 6-32),WRONG_ANSWER,3472,1513701172,tc-imba,CONTESTANT,PRETESTS,0,15,2048000
902,D,33429557,C++14 (GCC 6-32),WRONG_ANSWER,4512,1513702212,tc-imba,CONTESTANT,PRETESTS,2,0,2048000
902,D,33430333,C++14 (GCC 6-32),WRONG_ANSWER,4835,1513702535,tc-imba,CONTESTANT,PRETESTS,2,0,2048000
902,D,33435060,C++14 (GCC 6-32),WRONG_ANSWER,7023,1513704723,tc-imba,CONTESTANT,PRETESTS,2,15,2048000
902,D,33435522,C++14 (GCC 6-32),WRONG_ANSWER,7168,1513704868,tc-imba,CONTESTANT,PRETESTS,2,15,2048000
902,A,33414109,MS C++,WRONG_ANSWER,505,1513698205,tdlbw,CONTESTANT,PRETESTS,2,15,2048000
902,A,33415090,MS C++,WRONG_ANSWER,660,1513698360,tdlbw,CONTESTANT,PRETESTS,2,0,2048000
902,A,33419744,MS C++,WRONG_ANSWER,1455,1513699155,tdlbw,CONTESTANT,PRETESTS,2,0,2048000
902,A,33420560,MS C++,WRONG_ANSWER,1640,1513699340,tdlbw,CONTESTANT,PRETESTS,1,0,2048000
902,A,33420770,MS C++,WRONG_ANSWER,1691,1513699391,tdlbw,CONTESTANT,PRETESTS,3,15,2048000
902,A,33422037,MS C++,TIME_LIMIT_EXCEEDED,2002,1513699702,tdlbw,CONTESTANT,PRETESTS,1,1000,2048000
902,A,33424663,MS C++,WRONG_ANSWER,2733,1513700433,tdlbw,CONTESTANT,PRETESTS,2,15,2048000
902,A,33425197,MS C++,WRONG_ANSWER,2892,1513700592,tdlbw,CONTESTANT,PRETESTS,2,15,2048000
902,A,33425556,MS C++,WRONG_ANSWER,3011,1513700711,tdlbw,CONTESTANT,PRETESTS,1,0,2048000
902,A,33426177,MS C++,WRONG_ANSWER,3214,1513700914,tdlbw,CONTESTANT,PRETESTS,4,15,2048000
902,A,33429518,MS C++,WRONG_ANSWER,4494,1513702194,tdlbw,CONTESTANT,PRETESTS,5,15,2048000
902,B,33434354,MS C++,OK,6740,1513704440,tdlbw,CONTESTANT,TESTS,50,31,2457600
902,A,33417122,JavaScript,OK,967,1513698667,tea,CONTESTANT,TESTS,55,46,5939200
902,B,33424622,JavaScript,OK,2722,1513700422,tea,CONTESTANT,TESTS,50,62,16896000
902,C,33434869,JavaScript,WRONG_ANSWER,6958,1513704658,tea,CONTESTANT,PRETESTS,1,30,5939200
902,A,33415958,GNU C++11,WRONG_ANSWER,786,1513698486,team_autonomus,CONTESTANT,PRETESTS,2,15,2048000
902,A,33420139,GNU C++11,WRONG_ANSWER,1543,1513699243,team_autonomus,CONTESTANT,TESTS,20,15,2048000
902,B,33429730,GNU C++11,WRONG_ANSWER,4581,1513702281,team_autonomus,CONTESTANT,PRETESTS,0,15,3276800
902,B,33431413,GNU C++11,WRONG_ANSWER,5315,1513703015,team_autonomus,CONTESTANT,PRETESTS,8,46,3276800
902,B,33432357,GNU C++11,WRONG_ANSWER,5790,1513703490,team_autonomus,CONTESTANT,PRETESTS,8,31,3276800
902,A,33416165,GNU C++11,WRONG_ANSWER,817,1513698517,techid2000,CONTESTANT,PRETESTS,4,15,2048000
902,A,33417190,GNU C++11,WRONG_ANSWER,979,1513698679,techid2000,CONTESTANT,PRETESTS,4,0,2048000
902,A,33418265,GNU C++11,OK,1162,1513698862,techid2000,CONTESTANT,TESTS,55,15,2048000
902,B,33422233,GNU C++11,OK,2046,1513699746,techid2000,CONTESTANT,TESTS,50,46,2560000
902,C,33428428,GNU C++11,OK,4046,1513701746,techid2000,CONTESTANT,TESTS,45,202,2867200
902,D,33433761,GNU C++11,WRONG_ANSWER,6454,1513704154,techid2000,CONTESTANT,PRETESTS,2,15,2048000
902,A,33422644,GNU C++,COMPILATION_ERROR,2166,1513699866,techoscar,CONTESTANT,PRETESTS,0,0,0
902,A,33422797,GNU C++,COMPILATION_ERROR,2209,1513699909,techoscar,CONTESTANT,PRETESTS,0,0,0
902,A,33423127,GNU C++,WRONG_ANSWER,2302,1513700002,techoscar,CONTESTANT,PRETESTS,5,15,2457600
902,A,33423712,GNU C++,WRONG_ANSWER,2466,1513700166,techoscar,CONTESTANT,PRETESTS,5,15,2457600
902,A,33429339,GNU C++,WRONG_ANSWER,4414,1513702114,techoscar,CONTESTANT,PRETESTS,5,15,2457600
902,A,33430053,GNU C++,WRONG_ANSWER,4720,1513702420,techoscar,CONTESTANT,PRETESTS,2,15,2457600
902,A,33430165,GNU C++,WRONG_ANSWER,4769,1513702469,techoscar,CONTESTANT,PRETESTS,5,15,2457600
902,A,33433916,GNU C++,WRONG_ANSWER,6529,1513704229,techoscar,CONTESTANT,TESTS,54,15,2867200
902,A,33421056,GNU C++,OK,1758,1513699458,teewar,CONTESTANT,TESTS,55,31,2048000
902,B,33425589,GNU C++,OK,3020,1513700720,teewar,CONTESTANT,TESTS,50,46,2560000
902,C,33433614,GNU C++,OK,6389,1513704089,teewar,CONTESTANT,TESTS,45,358,2457600
902,A,33418356,GNU C++,WRONG_ANSWER,1176,1513698876,tej_17,CONTESTANT,PRETESTS,2,15,2048000
902,A,33419156,GNU C++,WRONG_ANSWER,1342,1513699042,tej_17,CONTESTANT,PRETESTS,2,15,2048000
902,A,33419945,GNU C++,WRONG_ANSWER,1499,1513699199,tej_17,CONTESTANT,PRETESTS,2,15,2048000
902,A,33421046,GNU C++,WRONG_ANSWER,1756,1513699456,tej_17,CONTESTANT,PRETESTS,2,15,2048000
902,A,33413304,GNU C++11,WRONG_ANSWER,368,1513698068,tejas3037,CONTESTANT,PRETESTS,2,15,2048000
902,A,33413923,GNU C++11,WRONG_ANSWER,475,1513698175,tejas3037,CONTESTANT,PRETESTS,2,15,2048000
902,A,33414599,GNU C++11,WRONG_ANSWER,583,1513698283,tejas3037,CONTESTANT,PRETESTS,2,15,2048000
902,A,33415296,GNU C++11,OK,691,1513698391,tejas3037,CONTESTANT,TESTS,55,15,2048000
902,B,33420913,GNU C++11,OK,1721,1513699421,tejas3037,CONTESTANT,TESTS,50,46,2457600
902,C,33432063,GNU C++11,WRONG_ANSWER,5642,1513703342,tejas3037,CONTESTANT,PRETESTS,1,0,2048000
902,C,33432971,GNU C++11,OK,6096,1513703796,tejas3037,CONTESTANT,TESTS,45,343,2457600
902,C,33431705,GNU C++11,OK,5451,1513703162,temp707,CONTESTANT,TESTS,45,124,2457600
902,A,33415876,C++14 (GCC 6-32),WRONG_ANSWER,774,1513698474,tenacious,CONTESTANT,PRETESTS,2,15,1843200
902,A,33418546,C++14 (GCC 6-32),WRONG_ANSWER,1213,1513698913,tenacious,CONTESTANT,PRETESTS,4,15,1945600
902,A,33420171,C++14 (GCC 6-32),WRONG_ANSWER,1551,1513699251,tenacious,CONTESTANT,PRETESTS,4,0,1945600
902,A,33421186,C++14 (GCC 6-32),OK,1790,1513699490,tenacious,CONTESTANT,TESTS,55,15,1945600
902,B,33425945,C++14 (GCC 6-32),OK,3133,1513700833,tenacious,CONTESTANT,TESTS,50,15,1945600
902,C,33430651,C++14 (GCC 6-32),WRONG_ANSWER,4974,1513702674,tenacious,CONTESTANT,PRETESTS,1,15,1843200
902,C,33431047,C++14 (GCC 6-32),WRONG_ANSWER,5138,1513702838,tenacious,CONTESTANT,PRETESTS,3,15,1843200
902,C,33432415,C++14 (GCC 6-32),OK,5822,1513703522,tenacious,CONTESTANT,TESTS,45,92,4915200
902,A,33416476,C++14 (GCC 6-32),WRONG_ANSWER,854,1513698564,tenkyu,CONTESTANT,PRETESTS,4,15,1945600
902,A,33420507,C++14 (GCC 6-32),OK,1617,1513699327,tenkyu,CONTESTANT,TESTS,55,15,1945600
902,B,33428123,C++14 (GCC 6-32),WRONG_ANSWER,3916,1513701626,tenkyu,CONTESTANT,PRETESTS,5,15,1945600
902,B,33429785,C++14 (GCC 6-32),WRONG_ANSWER,4597,1513702307,tenkyu,CONTESTANT,PRETESTS,5,15,1945600
902,A,33412741,GNU C++11,WRONG_ANSWER,224,1513697924,teofr,CONTESTANT,PRETESTS,2,15,2048000
902,A,33413181,GNU C++11,WRONG_ANSWER,345,1513698045,teofr,CONTESTANT,PRETESTS,2,15,2048000
902,A,33413888,GNU C++11,OK,468,1513698168,teofr,CONTESTANT,TESTS,55,15,2048000
902,B,33419609,GNU C++11,OK,1433,1513699133,teofr,CONTESTANT,TESTS,50,46,3174400
902,C,33423676,GNU C++11,WRONG_ANSWER,2456,1513700156,teofr,CONTESTANT,PRETESTS,1,15,2048000
902,C,33424532,GNU C++11,OK,2697,1513700397,teofr,CONTESTANT,TESTS,45,358,16998400
902,A,33415592,Python 3,OK,733,1513698433,tgritsaev,CONTESTANT,TESTS,55,78,5632000
902,A,33415677,GNU C++11,OK,744,1513698444,thangdapchai,CONTESTANT,TESTS,55,15,2048000
902,B,33428953,GNU C++11,OK,4259,1513701959,thangdapchai,CONTESTANT,TESTS,50,249,2457600
902,A,33416190,C++14 (GCC 6-32),OK,820,1513698520,thanhdatPT,CONTESTANT,TESTS,55,15,2662400
902,B,33418077,C++14 (GCC 6-32),OK,1128,1513698828,thanhdatPT,CONTESTANT,TESTS,50,31,3993600
902,C,33422246,C++14 (GCC 6-32),WRONG_ANSWER,2049,1513699749,thanhdatPT,CONTESTANT,PRETESTS,1,0,2252800
902,C,33422345,C++14 (GCC 6-32),WRONG_ANSWER,2078,1513699778,thanhdatPT,CONTESTANT,PRETESTS,3,15,2252800
902,C,33424032,C++14 (GCC 6-32),OK,2554,1513700254,thanhdatPT,CONTESTANT,TESTS,45,78,2252800
902,D,33428999,C++14 (GCC 6-32),WRONG_ANSWER,4279,1513701979,thanhdatPT,CONTESTANT,PRETESTS,0,15,1945600
902,D,33429146,C++14 (GCC 6-32),WRONG_ANSWER,4336,1513702036,thanhdatPT,CONTESTANT,PRETESTS,1,15,1945600
902,D,33429315,C++14 (GCC 6-32),WRONG_ANSWER,4403,1513702103,thanhdatPT,CONTESTANT,PRETESTS,4,15,1945600
902,A,33417149,GNU C++,OK,972,1513698672,thanhhaidt,CONTESTANT,TESTS,55,15,2150400
902,B,33425746,GNU C++,OK,3071,1513700771,thanhhaidt,CONTESTANT,TESTS,50,249,2355200
902,A,33413272,C++14 (GCC 6-32),WRONG_ANSWER,363,1513698063,theDarkShadow,CONTESTANT,PRETESTS,2,0,5939200
902,A,33415006,C++14 (GCC 6-32),WRONG_ANSWER,647,1513698347,theDarkShadow,CONTESTANT,PRETESTS,2,0,5939200
902,A,33418947,C++14 (GCC 6-32),WRONG_ANSWER,1295,1513698995,theDarkShadow,CONTESTANT,PRETESTS,2,0,5939200
902,A,33416247,Java 8,WRONG_ANSWER,828,1513698528,the_Shashwat,CONTESTANT,TESTS,11,109,20684800
902,B,33422563,Java 8,OK,2142,1513699842,the_Shashwat,CONTESTANT,TESTS,50,139,20684800
902,C,33431350,Java 8,OK,5287,1513702987,the_Shashwat,CONTESTANT,TESTS,45,1185,20889600
902,A,33424610,C++14 (GCC 6-32),WRONG_ANSWER,2708,1513700418,the_belal,CONTESTANT,PRETESTS,3,15,1945600
902,A,33427403,C++14 (GCC 6-32),OK,3648,1513701358,the_belal,CONTESTANT,TESTS,55,15,1945600
902,B,33435227,C++14 (GCC 6-32),OK,7069,1513704780,the_belal,CONTESTANT,TESTS,50,31,2457600
902,A,33415949,Java 8,WRONG_ANSWER,784,1513698484,the_law10,CONTESTANT,PRETESTS,2,108,20582400
902,A,33418927,Java 8,OK,1291,1513698991,the_law10,CONTESTANT,TESTS,55,124,20684800
902,B,33430800,C++14 (GCC 6-32),COMPILATION_ERROR,5038,1513702738,the_law10,CONTESTANT,PRETESTS,0,0,0
902,B,33431578,C++14 (GCC 6-32),OK,5399,1513703099,the_law10,CONTESTANT,TESTS,50,30,2457600
902,A,33415623,Python 2,WRONG_ANSWER,725,1513698436,the_nightmare,CONTESTANT,PRETESTS,3,46,4505600
902,A,33417025,Python 2,RUNTIME_ERROR,938,1513698649,the_nightmare,CONTESTANT,PRETESTS,3,46,4505600
902,A,33417391,Python 2,RUNTIME_ERROR,1003,1513698714,the_nightmare,CONTESTANT,PRETESTS,3,46,4505600
902,A,33418451,Python 2,WRONG_ANSWER,1183,1513698894,the_nightmare,CONTESTANT,PRETESTS,4,46,4608000
902,A,33421291,Python 2,OK,1805,1513699516,the_nightmare,CONTESTANT,TESTS,55,62,4608000
902,B,33425911,GNU C++,OK,3113,1513700824,the_nightmare,CONTESTANT,TESTS,50,62,4096000
902,C,33431702,Python 2,WRONG_ANSWER,5450,1513703161,the_nightmare,CONTESTANT,PRETESTS,3,62,4608000
902,C,33434204,Python 2,OK,6663,1513704374,the_nightmare,CONTESTANT,TESTS,45,623,16281600
902,A,33412758,C++14 (GCC 6-32),WRONG_ANSWER,232,1513697932,the_timur,CONTESTANT,PRETESTS,3,15,1843200
902,A,33413893,C++14 (GCC 6-32),OK,469,1513698169,the_timur,CONTESTANT,TESTS,55,30,1945600
902,B,33418067,C++14 (GCC 6-32),OK,1126,1513698826,the_timur,CONTESTANT,TESTS,50,15,2662400
902,C,33422050,C++14 (GCC 6-32),WRONG_ANSWER,2003,1513699703,the_timur,CONTESTANT,PRETESTS,1,0,1945600
902,C,33423329,C++14 (GCC 6-32),WRONG_ANSWER,2359,1513700059,the_timur,CONTESTANT,PRETESTS,3,15,1843200
902,C,33424179,C++14 (GCC 6-32),WRONG_ANSWER,2591,1513700291,the_timur,CONTESTANT,PRETESTS,5,15,1945600
902,C,33424996,C++14 (GCC 6-32),SKIPPED,2829,1513700529,the_timur,CONTESTANT,PRETESTS,13,15,2355200
902,C,33425577,C++14 (GCC 6-32),OK,3016,1513700716,the_timur,CONTESTANT,TESTS,45,93,7782400
902,A,33415861,C++14 (GCC 6-32),OK,772,1513698472,theboatman,CONTESTANT,TESTS,55,31,11468800
902,A,33413624,GNU C++11,WRONG_ANSWER,424,1513698124,thecarrot,CONTESTANT,PRETESTS,3,15,2048000
902,A,33414193,GNU C++11,WRONG_ANSWER,518,1513698218,thecarrot,CONTESTANT,PRETESTS,4,15,2048000
902,A,33414996,GNU C++11,WRONG_ANSWER,646,1513698346,thecarrot,CONTESTANT,PRETESTS,0,0,2048000
902,B,33418806,GNU C++11,OK,1263,1513698963,thecarrot,CONTESTANT,TESTS,50,46,2560000
902,A,33422960,GNU C++11,WRONG_ANSWER,2249,1513699949,thecarrot,CONTESTANT,PRETESTS,4,15,2048000
902,C,33427786,GNU C++11,WRONG_ANSWER,3801,1513701501,thecarrot,CONTESTANT,PRETESTS,3,15,4505600
902,A,33430127,GNU C++11,WRONG_ANSWER,4755,1513702455,thecarrot,CONTESTANT,PRETESTS,4,15,2048000
902,A,33430423,GNU C++11,WRONG_ANSWER,4868,1513702568,thecarrot,CONTESTANT,PRETESTS,4,0,2048000
902,C,33431091,GNU C++11,WRONG_ANSWER,5158,1513702858,thecarrot,CONTESTANT,PRETESTS,3,15,4505600
902,C,33431271,GNU C++11,OK,5250,1513702950,thecarrot,CONTESTANT,TESTS,45,248,4505600
902,A,33431937,GNU C++11,OK,5585,1513703285,thecarrot,CONTESTANT,TESTS,55,31,2048000
902,A,33412814,C++14 (GCC 6-32),OK,246,1513697956,thecmd999,CONTESTANT,TESTS,55,15,1945600
902,B,33415616,C++14 (GCC 6-32),OK,735,1513698435,thecmd999,CONTESTANT,TESTS,50,46,1945600
902,C,33421527,C++14 (GCC 6-32),OK,1864,1513699575,thecmd999,CONTESTANT,TESTS,45,140,2355200
902,D,33429347,C++14 (GCC 6-32),WRONG_ANSWER,4407,1513702117,thecmd999,CONTESTANT,PRETESTS,6,15,2048000
902,D,33430671,C++14 (GCC 6-32),WRONG_ANSWER,4970,1513702681,thecmd999,CONTESTANT,PRETESTS,2,15,1843200
902,D,33430984,C++14 (GCC 6-32),OK,5102,1513702812,thecmd999,CONTESTANT,TESTS,150,15,2048000
902,A,33417261,C++14 (GCC 6-32),WRONG_ANSWER,992,1513698692,thecoderasif01,CONTESTANT,PRETESTS,0,0,1843200
902,A,33425689,C++14 (GCC 6-32),CHALLENGED,3052,1513700752,thecoderasif01,CONTESTANT,CHALLENGES,8,15,1945600
902,A,33429802,GNU C++11,WRONG_ANSWER,4617,1513702317,thecodinglady,CONTESTANT,PRETESTS,0,0,2048000
902,A,33415995,Python 2,WRONG_ANSWER,791,1513698491,thegreat34,CONTESTANT,PRETESTS,2,62,4608000
902,A,33416751,Python 2,WRONG_ANSWER,908,1513698608,thegreat34,CONTESTANT,PRETESTS,2,46,4505600
902,A,33418298,Python 2,WRONG_ANSWER,1167,1513698867,thegreat34,CONTESTANT,PRETESTS,2,62,4505600
902,A,33420048,Python 2,WRONG_ANSWER,1523,1513699223,thegreat34,CONTESTANT,PRETESTS,2,46,4608000
902,A,33420518,Python 2,WRONG_ANSWER,1631,1513699331,thegreat34,CONTESTANT,PRETESTS,2,46,4505600
902,A,33426263,Python 2,WRONG_ANSWER,3243,1513700943,thegreat34,CONTESTANT,PRETESTS,2,61,4505600
902,A,33428118,Python 2,WRONG_ANSWER,3923,1513701623,thegreat34,CONTESTANT,TESTS,47,62,4608000
902,B,33431558,Python 2,OK,5386,1513703086,thegreat34,CONTESTANT,TESTS,50,78,5734400
902,A,33415051,GNU C++11,OK,653,1513698353,theloserguy,CONTESTANT,TESTS,55,15,2048000
902,B,33425495,GNU C++11,OK,2989,1513700689,theloserguy,CONTESTANT,TESTS,50,30,2560000
902,A,33415110,GNU C++,WRONG_ANSWER,662,1513698362,theminh3301999,CONTESTANT,PRETESTS,2,15,2048000
902,A,33417619,GNU C++,WRONG_ANSWER,1054,1513698754,theminh3301999,CONTESTANT,PRETESTS,1,0,2048000
902,A,33420141,GNU C++,WRONG_ANSWER,1543,1513699243,theminh3301999,CONTESTANT,PRETESTS,3,15,2048000
902,A,33421821,GNU C++,WRONG_ANSWER,1946,1513699646,theminh3301999,CONTESTANT,PRETESTS,3,15,2048000
902,A,33423100,GNU C++,CHALLENGED,2290,1513699990,theminh3301999,CONTESTANT,CHALLENGES,8,15,2048000
902,A,33416609,Java 8,OK,884,1513698584,thesparkboy,CONTESTANT,TESTS,55,124,20684800
902,B,33430322,Java 8,OK,4830,1513702530,thesparkboy,CONTESTANT,TESTS,50,140,20684800
902,C,33434792,Java 8,WRONG_ANSWER,6930,1513704630,thesparkboy,CONTESTANT,PRETESTS,3,109,20684800
902,A,33416520,GNU C++11,WRONG_ANSWER,871,1513698571,theunderdog,CONTESTANT,PRETESTS,2,0,2048000
902,A,33417755,GNU C++11,WRONG_ANSWER,1076,1513698776,theunderdog,CONTESTANT,PRETESTS,2,15,2048000
902,A,33421706,GNU C++11,WRONG_ANSWER,1916,1513699616,theunderdog,CONTESTANT,PRETESTS,2,15,2048000
902,A,33427939,GNU C++11,WRONG_ANSWER,3854,1513701554,theunderdog,CONTESTANT,PRETESTS,4,15,2048000
902,A,33428759,GNU C++11,OK,4187,1513701887,theunderdog,CONTESTANT,TESTS,55,31,2048000
902,A,33422494,C++14 (GCC 6-32),WRONG_ANSWER,2115,1513699825,theviper_coder,CONTESTANT,PRETESTS,4,15,1945600
902,A,33423864,C++14 (GCC 6-32),WRONG_ANSWER,2496,1513700206,theviper_coder,CONTESTANT,PRETESTS,4,15,1843200
902,A,33424751,C++14 (GCC 6-32),WRONG_ANSWER,2748,1513700458,theviper_coder,CONTESTANT,PRETESTS,0,0,1843200
902,A,33425396,C++14 (GCC 6-32),WRONG_ANSWER,2949,1513700660,theviper_coder,CONTESTANT,PRETESTS,4,15,1945600
902,A,33425662,C++14 (GCC 6-32),WRONG_ANSWER,3030,1513700741,theviper_coder,CONTESTANT,PRETESTS,4,15,1945600
902,A,33428834,C++14 (GCC 6-32),CHALLENGED,4206,1513701916,theviper_coder,CONTESTANT,CHALLENGES,8,15,1945600
902,A,33430019,C++14 (GCC 6-32),CHALLENGED,4695,1513702405,theviper_coder,CONTESTANT,CHALLENGES,8,15,1843200
902,A,33413673,GNU C++11,OK,433,1513698133,thiagocarvp,CONTESTANT,TESTS,55,15,2048000
902,B,33417080,GNU C++11,OK,958,1513698658,thiagocarvp,CONTESTANT,TESTS,50,15,5529600
902,C,33424581,GNU C++11,OK,2709,1513700409,thiagocarvp,CONTESTANT,TESTS,45,140,2867200
902,A,33412972,C++14 (GCC 6-32),OK,303,1513698003,thinking_optimal,CONTESTANT,TESTS,55,15,1945600
902,B,33418933,C++14 (GCC 6-32),OK,1292,1513698992,thinking_optimal,CONTESTANT,TESTS,50,15,3891200
902,C,33425063,C++14 (GCC 6-32),WRONG_ANSWER,2851,1513700551,thinking_optimal,CONTESTANT,PRETESTS,4,15,2252800
902,C,33425469,C++14 (GCC 6-32),WRONG_ANSWER,2982,1513700682,thinking_optimal,CONTESTANT,PRETESTS,4,15,2252800
902,C,33428831,C++14 (GCC 6-32),OK,4214,1513701914,thinking_optimal,CONTESTANT,TESTS,45,109,3072000
902,A,33421080,GNU C++,WRONG_ANSWER,1754,1513699464,thoughtfultown,CONTESTANT,PRETESTS,5,15,2048000
902,A,33422055,GNU C++,CHALLENGED,1993,1513699704,thoughtfultown,CONTESTANT,CHALLENGES,8,15,2048000
902,A,33426864,GNU C++,WRONG_ANSWER,3447,1513701158,thoughtfultown,CONTESTANT,TESTS,16,15,2048000
902,A,33415914,C++14 (GCC 6-32),WRONG_ANSWER,779,1513698479,thundercode,CONTESTANT,PRETESTS,4,15,1945600
902,A,33417296,C++14 (GCC 6-32),WRONG_ANSWER,998,1513698698,thundercode,CONTESTANT,PRETESTS,2,15,1945600
902,B,33418569,C++14 (GCC 6-32),WRONG_ANSWER,1216,1513698916,thundercode,CONTESTANT,PRETESTS,0,15,1843200
902,A,33421296,C++14 (GCC 6-32),WRONG_ANSWER,1818,1513699518,thundercode,CONTESTANT,PRETESTS,2,15,1945600
902,A,33424655,C++14 (GCC 6-32),WRONG_ANSWER,2731,1513700431,thundercode,CONTESTANT,PRETESTS,4,15,1945600
902,A,33426288,C++14 (GCC 6-32),OK,3249,1513700949,thundercode,CONTESTANT,TESTS,55,15,1945600
902,B,33427511,C++14 (GCC 6-32),OK,3700,1513701400,thundercode,CONTESTANT,TESTS,50,265,2662400
902,C,33432690,C++14 (GCC 6-32),WRONG_ANSWER,5959,1513703659,thundercode,CONTESTANT,PRETESTS,1,15,2662400
902,C,33434251,C++14 (GCC 6-32),WRONG_ANSWER,6692,1513704392,thundercode,CONTESTANT,PRETESTS,5,15,2662400
902,A,33420976,GNU C++17 Diagnostics,RUNTIME_ERROR,1739,1513699439,thundercodes,CONTESTANT,PRETESTS,3,764,99225600
902,A,33422184,GNU C++17 Diagnostics,RUNTIME_ERROR,2034,1513699734,thundercodes,CONTESTANT,PRETESTS,3,764,98406400
902,A,33422688,GNU C++17 Diagnostics,WRONG_ANSWER,2178,1513699878,thundercodes,CONTESTANT,PRETESTS,0,748,98304000
902,A,33423084,GNU C++17 Diagnostics,WRONG_ANSWER,2284,1513699984,thundercodes,CONTESTANT,PRETESTS,3,779,98406400
902,A,33424662,GNU C++17 Diagnostics,WRONG_ANSWER,2732,1513700432,thundercodes,CONTESTANT,PRETESTS,1,764,98406400
902,A,33426388,GNU C++17 Diagnostics,WRONG_ANSWER,3287,1513700987,thundercodes,CONTESTANT,PRETESTS,3,811,100249600
902,A,33430797,GNU C++17 Diagnostics,WRONG_ANSWER,5036,1513702736,thundercodes,CONTESTANT,PRETESTS,2,764,98406400
902,A,33427607,GNU C++17 Diagnostics,RUNTIME_ERROR,3732,1513701432,thy1998,CONTESTANT,PRETESTS,3,936,101376000
902,A,33428041,MS C++,WRONG_ANSWER,3889,1513701589,thy1998,CONTESTANT,PRETESTS,4,15,2048000
902,A,33417275,Java 8,WRONG_ANSWER,983,1513698694,tian_feng_bo,CONTESTANT,PRETESTS,3,109,20582400
902,A,33417711,Java 8,OK,1058,1513698768,tian_feng_bo,CONTESTANT,TESTS,55,124,20684800
902,B,33426034,Java 8,OK,3153,1513700864,tian_feng_bo,CONTESTANT,TESTS,50,140,20787200
902,A,33417761,Java 8,WRONG_ANSWER,1077,1513698777,tibialAcorn98,CONTESTANT,PRETESTS,4,140,20992000
902,A,33420184,Java 8,WRONG_ANSWER,1553,1513699253,tibialAcorn98,CONTESTANT,TESTS,16,140,20992000
902,A,33413380,C++14 (GCC 6-32),WRONG_ANSWER,370,1513698081,tiliguzov,CONTESTANT,PRETESTS,2,15,1945600
902,A,33413956,C++14 (GCC 6-32),WRONG_ANSWER,470,1513698181,tiliguzov,CONTESTANT,PRETESTS,4,0,1945600
902,A,33415003,C++14 (GCC 6-32),WRONG_ANSWER,636,1513698346,tiliguzov,CONTESTANT,PRETESTS,2,15,1945600
902,A,33417468,C++14 (GCC 6-32),WRONG_ANSWER,1016,1513698727,tiliguzov,CONTESTANT,PRETESTS,2,15,1843200
902,A,33419154,C++14 (GCC 6-32),WRONG_ANSWER,1331,1513699041,tiliguzov,CONTESTANT,PRETESTS,2,15,1843200
902,A,33419658,C++14 (GCC 6-32),WRONG_ANSWER,1431,1513699141,tiliguzov,CONTESTANT,PRETESTS,2,15,1945600
902,A,33422666,C++14 (GCC 6-32),WRONG_ANSWER,2162,1513699872,tiliguzov,CONTESTANT,PRETESTS,4,15,1843200
902,A,33423875,C++14 (GCC 6-32),WRONG_ANSWER,2499,1513700210,tiliguzov,CONTESTANT,PRETESTS,4,15,1945600
902,A,33424764,C++14 (GCC 6-32),WRONG_ANSWER,2752,1513700463,tiliguzov,CONTESTANT,PRETESTS,0,0,1843200
902,A,33424999,C++14 (GCC 6-32),WRONG_ANSWER,2819,1513700529,tiliguzov,CONTESTANT,PRETESTS,4,15,1945600
902,A,33427742,C++14 (GCC 6-32),OK,3775,1513701485,tiliguzov,CONTESTANT,TESTS,55,15,1945600
902,B,33433037,C++14 (GCC 6-32),MEMORY_LIMIT_EXCEEDED,6117,1513703828,tiliguzov,CONTESTANT,PRETESTS,0,108,268390400
902,B,33434958,C++14 (GCC 6-32),MEMORY_LIMIT_EXCEEDED,6978,1513704689,tiliguzov,CONTESTANT,PRETESTS,0,108,268390400
902,A,33418014,C++14 (GCC 6-32),OK,1109,1513698819,timbaktu,CONTESTANT,TESTS,55,15,1945600
902,B,33430186,C++14 (GCC 6-32),OK,4765,1513702476,timbaktu,CONTESTANT,TESTS,50,249,2457600
902,A,33412713,C++14 (GCC 6-32),OK,213,1513697913,timfame,CONTESTANT,TESTS,55,15,1945600
902,B,33416941,C++14 (GCC 6-32),OK,936,1513698636,timfame,CONTESTANT,TESTS,50,31,2560000
902,C,33425755,C++14 (GCC 6-32),WRONG_ANSWER,3076,1513700776,timfame,CONTESTANT,PRETESTS,5,15,4403200
902,C,33427689,C++14 (GCC 6-32),WRONG_ANSWER,3761,1513701461,timfame,CONTESTANT,PRETESTS,1,0,4300800
902,C,33429284,C++14 (GCC 6-32),OK,4391,1513702091,timfame,CONTESTANT,TESTS,45,124,22528000
902,A,33413538,FPC,OK,410,1513698110,tin1412,CONTESTANT,TESTS,55,15,1638400
902,B,33419091,FPC,WRONG_ANSWER,1329,1513699029,tin1412,CONTESTANT,PRETESTS,9,15,2764800
902,B,33421357,FPC,WRONG_ANSWER,1833,1513699533,tin1412,CONTESTANT,PRETESTS,1,0,2764800
902,B,33423931,FPC,OK,2529,1513700229,tin1412,CONTESTANT,TESTS,50,15,2764800
902,C,33429363,FPC,OK,4423,1513702123,tin1412,CONTESTANT,TESTS,45,701,7577600
902,D,33432746,FPC,WRONG_ANSWER,5985,1513703685,tin1412,CONTESTANT,PRETESTS,2,15,1740800
902,D,33433768,FPC,WRONG_ANSWER,6457,1513704157,tin1412,CONTESTANT,PRETESTS,2,15,1843200
902,D,33435326,FPC,WRONG_ANSWER,7112,1513704812,tin1412,CONTESTANT,PRETESTS,0,0,1740800
902,A,33412657,FPC,WRONG_ANSWER,168,1513697868,tin_ibig,CONTESTANT,PRETESTS,1,15,1638400
902,A,33412846,FPC,WRONG_ANSWER,266,1513697966,tin_ibig,CONTESTANT,PRETESTS,0,0,1536000
902,A,33412943,FPC,WRONG_ANSWER,296,1513697996,tin_ibig,CONTESTANT,TESTS,47,15,1638400
902,B,33417076,FPC,WRONG_ANSWER,957,1513698657,tin_ibig,CONTESTANT,PRETESTS,0,0,1638400
902,B,33417442,FPC,OK,1022,1513698722,tin_ibig,CONTESTANT,TESTS,50,15,1740800
902,C,33428458,FPC,WRONG_ANSWER,4056,1513701756,tin_ibig,CONTESTANT,TESTS,37,732,3584000
902,A,33413478,C++14 (GCC 6-32),OK,399,1513698099,tinkoff,CONTESTANT,TESTS,55,15,1945600
902,B,33418113,C++14 (GCC 6-32),OK,1135,1513698835,tinkoff,CONTESTANT,TESTS,50,15,2560000
902,C,33426244,C++14 (GCC 6-32),WRONG_ANSWER,3238,1513700938,tinkoff,CONTESTANT,TESTS,16,93,2252800
902,A,33413418,GNU C++,OK,378,1513698089,tjf,CONTESTANT,TESTS,55,15,2048000
902,B,33417117,GNU C++,OK,956,1513698666,tjf,CONTESTANT,TESTS,50,61,2560000
902,C,33427237,GNU C++,WRONG_ANSWER,3588,1513701298,tjf,CONTESTANT,PRETESTS,6,15,2867200
902,C,33428018,GNU C++,OK,3872,1513701583,tjf,CONTESTANT,TESTS,45,202,2867200
902,A,33420447,GNU C++,WRONG_ANSWER,1613,1513699313,tk3,CONTESTANT,PRETESTS,4,15,2048000
902,A,33420923,C++14 (GCC 6-32),WRONG_ANSWER,1724,1513699424,tk3,CONTESTANT,PRETESTS,4,15,1843200
902,A,33422059,C++14 (GCC 6-32),WRONG_ANSWER,2005,1513699705,tk3,CONTESTANT,PRETESTS,4,15,1945600
902,A,33422336,GNU C++,WRONG_ANSWER,2065,1513699775,tkeshelashviliiuri,CONTESTANT,PRETESTS,0,15,2048000
902,A,33425487,GNU C++,OK,2976,1513700686,tkeshelashviliiuri,CONTESTANT,TESTS,55,15,2048000
902,A,33415534,GNU C++11,WRONG_ANSWER,726,1513698426,tlddlt,CONTESTANT,TESTS,11,15,2048000
902,A,33422311,GNU C++11,WRONG_ANSWER,2068,1513699768,tmak_54,CONTESTANT,PRETESTS,4,0,2048000
902,A,33419545,Java 8,WRONG_ANSWER,1420,1513699120,tmdautov,CONTESTANT,PRETESTS,2,109,20582400
902,A,33422024,Java 8,WRONG_ANSWER,1999,1513699699,tmdautov,CONTESTANT,PRETESTS,2,108,20582400
902,A,33425016,Java 8,WRONG_ANSWER,2834,1513700534,tmdautov,CONTESTANT,PRETESTS,3,124,20582400
902,A,33427859,Java 8,WRONG_ANSWER,3823,1513701523,tmdautov,CONTESTANT,PRETESTS,3,124,20582400
902,A,33427919,Java 8,WRONG_ANSWER,3845,1513701545,tmdautov,CONTESTANT,PRETESTS,0,92,20582400
902,A,33415487,GNU C++11,WRONG_ANSWER,719,1513698419,tnt2677,CONTESTANT,PRETESTS,2,0,2048000
902,A,33417095,GNU C++11,OK,951,1513698662,tnt2677,CONTESTANT,TESTS,55,31,2048000
902,B,33425572,GNU C++11,OK,3005,1513700715,tnt2677,CONTESTANT,TESTS,50,31,14131200
902,C,33435559,GNU C++11,WRONG_ANSWER,7166,1513704876,tnt2677,CONTESTANT,TESTS,13,233,4096000
902,A,33421214,FPC,WRONG_ANSWER,1796,1513699496,toida12chu,CONTESTANT,PRETESTS,3,15,9728000
902,A,33422444,FPC,OK,2110,1513699810,toida12chu,CONTESTANT,TESTS,55,15,9728000
902,B,33424399,FPC,OK,2654,1513700354,toida12chu,CONTESTANT,TESTS,50,31,18022400
902,B,33418522,GNU C++,WRONG_ANSWER,1197,1513698908,tokitsukaze,CONTESTANT,PRETESTS,4,15,4096000
902,B,33419225,GNU C++,WRONG_ANSWER,1355,1513699056,tokitsukaze,CONTESTANT,PRETESTS,9,15,3891200
902,B,33419809,GNU C++,OK,1460,1513699170,tokitsukaze,CONTESTANT,TESTS,50,15,3993600
902,A,33422280,GNU C++,WRONG_ANSWER,2048,1513699758,tokitsukaze,CONTESTANT,PRETESTS,4,15,2048000
902,A,33423726,GNU C++,OK,2459,1513700169,tokitsukaze,CONTESTANT,TESTS,55,31,2048000
902,C,33431870,GNU C++,OK,5544,1513703254,tokitsukaze,CONTESTANT,TESTS,45,108,4403200
902,A,33421153,GNU C,RUNTIME_ERROR,1783,1513699483,toledo,CONTESTANT,PRETESTS,3,15,1843200
902,A,33424570,GNU C,OK,2706,1513700406,toledo,CONTESTANT,TESTS,55,15,1843200
902,A,33414002,GNU C++11,WRONG_ANSWER,477,1513698188,toma_pirtskhelani,CONTESTANT,PRETESTS,5,15,2048000
902,A,33415945,GNU C++11,WRONG_ANSWER,773,1513698484,toma_pirtskhelani,CONTESTANT,PRETESTS,5,15,2048000
902,A,33419276,GNU C++11,WRONG_ANSWER,1364,1513699064,toma_pirtskhelani,CONTESTANT,PRETESTS,5,15,2048000
902,A,33419343,GNU C++11,WRONG_ANSWER,1363,1513699073,toma_pirtskhelani,CONTESTANT,PRETESTS,5,15,2048000
902,A,33421603,GNU C++11,WRONG_ANSWER,1882,1513699592,toma_pirtskhelani,CONTESTANT,PRETESTS,2,15,2048000
902,A,33422481,GNU C++11,WRONG_ANSWER,2111,1513699821,toma_pirtskhelani,CONTESTANT,PRETESTS,3,15,2048000
902,B,33425555,GNU C++11,OK,3000,1513700710,toma_pirtskhelani,CONTESTANT,TESTS,50,46,3686400
902,A,33428273,GNU C++11,OK,3971,1513701682,toma_pirtskhelani,CONTESTANT,TESTS,55,15,2048000
902,A,33418796,GNU C++11,CHALLENGED,1260,1513698960,tomaso,CONTESTANT,CHALLENGES,8,15,1843200
902,B,33422867,GNU C++11,WRONG_ANSWER,2226,1513699926,tomaso,CONTESTANT,PRETESTS,1,0,2048000
902,B,33426869,GNU C++11,OK,3459,1513701159,tomaso,CONTESTANT,TESTS,50,30,2457600
902,A,33429835,GNU C++11,OK,4627,1513702327,tomaso,CONTESTANT,TESTS,55,15,1843200
902,B,33413316,C++14 (GCC 6-32),OK,370,1513698070,tomcilo,CONTESTANT,TESTS,50,31,2457600
902,A,33415709,C++14 (GCC 6-32),WRONG_ANSWER,749,1513698449,tomcilo,CONTESTANT,PRETESTS,2,15,1843200
902,A,33416282,C++14 (GCC 6-32),OK,834,1513698534,tomcilo,CONTESTANT,TESTS,55,15,1945600
902,C,33423948,C++14 (GCC 6-32),OK,2532,1513700232,tomcilo,CONTESTANT,TESTS,45,93,2252800
902,D,33429174,C++14 (GCC 6-32),COMPILATION_ERROR,4346,1513702046,tomcilo,CONTESTANT,PRETESTS,0,0,0
902,D,33429634,Python 3,WRONG_ANSWER,4546,1513702246,tomcilo,CONTESTANT,PRETESTS,0,31,5529600
902,D,33429786,Python 3,WRONG_ANSWER,4607,1513702307,tomcilo,CONTESTANT,PRETESTS,2,61,5529600
902,A,33415676,C++14 (GCC 6-32),WRONG_ANSWER,744,1513698444,tonystarkk911,CONTESTANT,PRETESTS,2,15,1843200
902,A,33416566,C++14 (GCC 6-32),WRONG_ANSWER,879,1513698579,tonystarkk911,CONTESTANT,PRETESTS,2,15,1945600
902,A,33422445,C++14 (GCC 6-32),WRONG_ANSWER,2111,1513699811,tonystarkk911,CONTESTANT,PRETESTS,4,15,1843200
902,A,33424506,C++14 (GCC 6-32),WRONG_ANSWER,2689,1513700389,tonystarkk911,CONTESTANT,PRETESTS,4,15,1843200
902,A,33431113,C++14 (GCC 6-32),WRONG_ANSWER,5169,1513702870,tonystarkk911,CONTESTANT,PRETESTS,4,15,1843200
902,A,33434106,C++14 (GCC 6-32),OK,6628,1513704328,tonystarkk911,CONTESTANT,TESTS,55,15,2048000
902,A,33418121,C++14 (GCC 6-32),WRONG_ANSWER,1137,1513698837,tonywayne123,CONTESTANT,PRETESTS,1,0,1843200
902,A,33419063,C++14 (GCC 6-32),WRONG_ANSWER,1324,1513699024,tonywayne123,CONTESTANT,PRETESTS,1,0,1843200
902,A,33421876,C++14 (GCC 6-32),WRONG_ANSWER,1958,1513699658,tonywayne123,CONTESTANT,PRETESTS,2,15,1843200
902,A,33423906,C++14 (GCC 6-32),WRONG_ANSWER,2520,1513700220,tonywayne123,CONTESTANT,PRETESTS,4,15,1843200
902,A,33413225,C++14 (GCC 6-32),WRONG_ANSWER,355,1513698055,toothbrush,CONTESTANT,PRETESTS,2,15,1843200
902,A,33414731,C++14 (GCC 6-32),OK,602,1513698302,toothbrush,CONTESTANT,TESTS,55,15,1945600
902,B,33420136,C++14 (GCC 6-32),OK,1542,1513699242,toothbrush,CONTESTANT,TESTS,50,30,5529600
902,C,33424170,C++14 (GCC 6-32),OK,2589,1513700289,toothbrush,CONTESTANT,TESTS,45,93,2252800
902,C,33429968,C++14 (GCC 6-32),OK,4683,1513702383,toritori,CONTESTANT,TESTS,45,171,13926400
902,A,33430828,C++14 (GCC 6-32),OK,5046,1513702746,toritori,CONTESTANT,TESTS,55,15,11468800
902,B,33430899,C++14 (GCC 6-32),OK,5072,1513702772,toritori,CONTESTANT,TESTS,50,46,8294400
902,A,33413455,C++14 (GCC 6-32),OK,395,1513698095,torquecode,CONTESTANT,TESTS,55,15,1945600
902,B,33417463,C++14 (GCC 6-32),OK,1026,1513698726,torquecode,CONTESTANT,TESTS,50,31,2457600
902,C,33425610,C++14 (GCC 6-32),OK,3025,1513700725,torquecode,CONTESTANT,TESTS,45,156,6041600
902,A,33419098,Java 8,WRONG_ANSWER,1331,1513699031,toufiqul97,CONTESTANT,PRETESTS,2,124,20582400
902,A,33423210,Java 8,WRONG_ANSWER,2324,1513700024,toufiqul97,CONTESTANT,PRETESTS,2,124,20582400
902,A,33424022,Java 8,WRONG_ANSWER,2551,1513700251,toufiqul97,CONTESTANT,PRETESTS,2,109,20684800
902,A,33426322,Java 8,OK,3260,1513700960,toufiqul97,CONTESTANT,TESTS,55,124,20684800
902,D,33428307,C++14 (GCC 6-32),WRONG_ANSWER,3996,1513701696,tphand,CONTESTANT,PRETESTS,2,15,1843200
902,D,33428658,C++14 (GCC 6-32),RUNTIME_ERROR,4144,1513701844,tphand,CONTESTANT,PRETESTS,2,0,1843200
902,D,33429406,C++14 (GCC 6-32),WRONG_ANSWER,4441,1513702141,tphand,CONTESTANT,PRETESTS,3,15,1843200
902,D,33429529,C++14 (GCC 6-32),RUNTIME_ERROR,4501,1513702201,tphand,CONTESTANT,PRETESTS,3,0,1843200
902,A,33415966,Java 8,OK,788,1513698488,trainingtmp,CONTESTANT,TESTS,55,155,21094400
902,B,33425789,Java 8,OK,3086,1513700786,trainingtmp,CONTESTANT,TESTS,50,233,21196800
902,C,33431669,Java 8,OK,5443,1513703143,trainingtmp,CONTESTANT,TESTS,45,1326,21196800
902,A,33413892,C++14 (GCC 6-32),OK,459,1513698169,transporter,CONTESTANT,TESTS,55,15,1945600
902,B,33419396,C++14 (GCC 6-32),OK,1383,1513699083,transporter,CONTESTANT,TESTS,50,15,2560000
902,C,33425948,C++14 (GCC 6-32),WRONG_ANSWER,3123,1513700834,transporter,CONTESTANT,PRETESTS,1,15,2662400
902,C,33426210,C++14 (GCC 6-32),WRONG_ANSWER,3215,1513700926,transporter,CONTESTANT,PRETESTS,3,15,2662400
902,C,33427374,C++14 (GCC 6-32),COMPILATION_ERROR,3638,1513701348,transporter,CONTESTANT,PRETESTS,0,0,0
902,C,33427655,C++14 (GCC 6-32),WRONG_ANSWER,3739,1513701449,transporter,CONTESTANT,PRETESTS,3,15,2662400
902,C,33431389,C++14 (GCC 6-32),WRONG_ANSWER,5295,1513703006,transporter,CONTESTANT,PRETESTS,3,15,2662400
902,C,33433663,C++14 (GCC 6-32),WRONG_ANSWER,6399,1513704109,transporter,CONTESTANT,PRETESTS,3,15,2252800
902,C,33434089,C++14 (GCC 6-32),WRONG_ANSWER,6611,1513704321,transporter,CONTESTANT,TESTS,13,31,2662400
902,A,33418182,GNU C++,WRONG_ANSWER,1147,1513698847,trhxnss,CONTESTANT,PRETESTS,2,0,1843200
902,A,33421594,GNU C++,WRONG_ANSWER,1890,1513699590,trhxnss,CONTESTANT,PRETESTS,2,0,1843200
902,A,33426102,GNU C++,OK,3190,1513700890,trhxnss,CONTESTANT,TESTS,55,15,1843200
902,B,33432530,GNU C++,OK,5886,1513703586,trhxnss,CONTESTANT,TESTS,50,15,2662400
902,A,33417120,GNU C++,WRONG_ANSWER,957,1513698667,trickster1,CONTESTANT,PRETESTS,2,0,2048000
902,A,33418688,GNU C++,WRONG_ANSWER,1229,1513698940,trickster1,CONTESTANT,PRETESTS,2,15,2048000
902,A,33421211,GNU C++,WRONG_ANSWER,1786,1513699496,trickster1,CONTESTANT,TESTS,41,15,2048000
902,A,33431715,C++14 (GCC 6-32),WRONG_ANSWER,5468,1513703168,tridentsk,CONTESTANT,PRETESTS,2,15,1843200
902,A,33432309,C++14 (GCC 6-32),WRONG_ANSWER,5769,1513703469,tridentsk,CONTESTANT,PRETESTS,2,15,1843200
902,C,33422844,GNU C++,OK,2222,1513699922,triksh,CONTESTANT,TESTS,45,234,2457600
902,B,33428296,GNU C++,OK,3989,1513701689,triksh,CONTESTANT,TESTS,50,93,2252800
902,A,33429948,GNU C++,RUNTIME_ERROR,4673,1513702373,triksh,CONTESTANT,PRETESTS,0,15,2252800
902,D,33430012,GNU C++,WRONG_ANSWER,4700,1513702400,triksh,CONTESTANT,PRETESTS,0,15,2048000
902,A,33431279,GNU C++,WRONG_ANSWER,5252,1513702952,triksh,CONTESTANT,TESTS,47,15,2048000
902,A,33420035,GNU C++,OK,1520,1513699220,triku,CONTESTANT,TESTS,55,31,2048000
902,A,33413920,C++14 (GCC 6-32),OK,475,1513698175,trillioner,CONTESTANT,TESTS,55,15,1945600
902,B,33419453,C++14 (GCC 6-32),OK,1398,1513699098,trillioner,CONTESTANT,TESTS,50,15,2355200
902,C,33424167,C++14 (GCC 6-32),WRONG_ANSWER,2589,1513700289,trillioner,CONTESTANT,PRETESTS,4,15,2662400
902,C,33425889,C++14 (GCC 6-32),OK,3116,1513700816,trillioner,CONTESTANT,TESTS,45,108,2662400
902,A,33414034,GNU C++11,OK,494,1513698194,tripPple_A,CONTESTANT,TESTS,55,15,2048000
902,B,33418328,GNU C++11,RUNTIME_ERROR,1173,1513698873,tripPple_A,CONTESTANT,PRETESTS,5,15,2252800
902,B,33418596,GNU C++11,OK,1222,1513698922,tripPple_A,CONTESTANT,TESTS,50,30,2560000
902,C,33426654,GNU C++11,OK,3383,1513701083,tripPple_A,CONTESTANT,TESTS,45,140,6041600
902,A,33420023,C++14 (GCC 6-32),OK,1517,1513699217,tripple_A,CONTESTANT,TESTS,55,15,2048000
902,A,33413435,C++14 (GCC 6-32),OK,392,1513698092,trojan_king,CONTESTANT,TESTS,55,15,1945600
902,B,33417972,C++14 (GCC 6-32),OK,1111,1513698811,trojan_king,CONTESTANT,TESTS,50,15,2764800
902,C,33431701,C++14 (GCC 6-32),WRONG_ANSWER,5460,1513703160,trojan_king,CONTESTANT,PRETESTS,5,15,4300800
902,C,33433012,C++14 (GCC 6-32),OK,6116,1513703816,trojan_king,CONTESTANT,TESTS,45,78,4710400
902,A,33415041,GNU C++,OK,653,1513698353,trong3997103,CONTESTANT,TESTS,55,15,2048000
902,B,33422612,GNU C++,OK,2157,1513699857,trong3997103,CONTESTANT,TESTS,50,31,2560000
902,C,33429412,GNU C++,OK,4447,1513702147,trong3997103,CONTESTANT,TESTS,45,249,2457600
902,A,33414322,Python 3,WRONG_ANSWER,537,1513698237,trueshogun,CONTESTANT,PRETESTS,3,62,5529600
902,B,33418206,GNU C++11,OK,1151,1513698851,trueshogun,CONTESTANT,TESTS,50,46,2662400
902,A,33419004,Python 3,OK,1309,1513699009,trueshogun,CONTESTANT,TESTS,55,62,5529600
902,C,33422084,GNU C++11,WRONG_ANSWER,2008,1513699708,trueshogun,CONTESTANT,PRETESTS,1,15,2048000
902,C,33422306,GNU C++11,RUNTIME_ERROR,2066,1513699766,trueshogun,CONTESTANT,TESTS,17,327,2867200
902,D,33430310,Python 3,WRONG_ANSWER,4825,1513702525,trueshogun,CONTESTANT,PRETESTS,0,46,5632000
902,D,33430658,Python 3,WRONG_ANSWER,4977,1513702677,trueshogun,CONTESTANT,PRETESTS,2,62,5632000
902,D,33431073,Python 3,WRONG_ANSWER,5151,1513702851,trueshogun,CONTESTANT,PRETESTS,3,62,5632000
902,D,33431837,Python 3,WRONG_ANSWER,5539,1513703239,trueshogun,CONTESTANT,PRETESTS,2,46,5632000
902,D,33435063,Python 3,WRONG_ANSWER,7023,1513704723,trueshogun,CONTESTANT,PRETESTS,3,46,5632000
902,B,33434282,C++14 (GCC 6-32),TIME_LIMIT_EXCEEDED,6697,1513704408,trungpro1998,CONTESTANT,TESTS,17,1000,45363200
902,A,33434404,C++14 (GCC 6-32),OK,6747,1513704458,trungpro1998,CONTESTANT,TESTS,55,15,44544000
902,A,33414245,GNU C,COMPILATION_ERROR,514,1513698225,trungpro531998,CONTESTANT,PRETESTS,0,0,0
902,A,33414441,C++14 (GCC 6-32),WRONG_ANSWER,547,1513698258,trungpro531998,CONTESTANT,PRETESTS,0,0,41984000
902,A,33415165,C++14 (GCC 6-32),WRONG_ANSWER,659,1513698370,trungpro531998,CONTESTANT,PRETESTS,2,0,42188800
902,A,33416779,C++14 (GCC 6-32),WRONG_ANSWER,902,1513698612,trungpro531998,CONTESTANT,PRETESTS,2,15,42086400
902,A,33418058,C++14 (GCC 6-32),WRONG_ANSWER,1115,1513698825,trungpro531998,CONTESTANT,PRETESTS,0,15,41984000
902,A,33418348,C++14 (GCC 6-32),WRONG_ANSWER,1165,1513698876,trungpro531998,CONTESTANT,PRETESTS,2,15,42188800
902,A,33419118,C++14 (GCC 6-32),OK,1337,1513699037,trungpro531998,CONTESTANT,TESTS,55,31,42188800
902,B,33426076,C++14 (GCC 6-32),WRONG_ANSWER,3170,1513700880,trungpro531998,CONTESTANT,PRETESTS,2,15,42086400
902,B,33426328,C++14 (GCC 6-32),MEMORY_LIMIT_EXCEEDED,3251,1513700962,trungpro531998,CONTESTANT,PRETESTS,5,15,268390400
902,B,33426602,C++14 (GCC 6-32),TIME_LIMIT_EXCEEDED,3352,1513701063,trungpro531998,CONTESTANT,TESTS,17,1000,45363200
902,A,33413376,C++14 (GCC 6-32),WRONG_ANSWER,380,1513698080,try_n_catch,CONTESTANT,PRETESTS,2,15,1843200
902,A,33414504,C++14 (GCC 6-32),WRONG_ANSWER,566,1513698266,try_n_catch,CONTESTANT,PRETESTS,2,15,1843200
902,A,33415201,C++14 (GCC 6-32),COMPILATION_ERROR,677,1513698377,try_n_catch,CONTESTANT,PRETESTS,0,0,0
902,A,33415384,C++14 (GCC 6-32),WRONG_ANSWER,704,1513698404,try_n_catch,CONTESTANT,PRETESTS,1,15,1843200
902,A,33417744,C++14 (GCC 6-32),WRONG_ANSWER,1074,1513698774,try_n_catch,CONTESTANT,PRETESTS,4,15,1843200
902,A,33418156,C++14 (GCC 6-32),WRONG_ANSWER,1141,1513698841,try_n_catch,CONTESTANT,PRETESTS,1,15,1945600
902,A,33418621,C++14 (GCC 6-32),WRONG_ANSWER,1226,1513698926,try_n_catch,CONTESTANT,PRETESTS,1,0,1843200
902,A,33418706,C++14 (GCC 6-32),WRONG_ANSWER,1244,1513698944,try_n_catch,CONTESTANT,PRETESTS,4,15,1945600
902,A,33419604,C++14 (GCC 6-32),COMPILATION_ERROR,1432,1513699132,try_n_catch,CONTESTANT,PRETESTS,0,0,0
902,A,33420921,C++14 (GCC 6-32),OK,1724,1513699424,try_n_catch,CONTESTANT,TESTS,55,15,5939200
902,D,33425878,C++14 (GCC 6-32),WRONG_ANSWER,3112,1513700812,try_n_catch,CONTESTANT,PRETESTS,3,15,1843200
902,D,33426697,C++14 (GCC 6-32),WRONG_ANSWER,3399,1513701099,try_n_catch,CONTESTANT,PRETESTS,0,0,1843200
902,D,33427180,C++14 (GCC 6-32),WRONG_ANSWER,3578,1513701278,try_n_catch,CONTESTANT,PRETESTS,3,15,1945600
902,D,33427286,C++14 (GCC 6-32),WRONG_ANSWER,3616,1513701316,try_n_catch,CONTESTANT,PRETESTS,3,15,1843200
902,D,33429005,C++14 (GCC 6-32),WRONG_ANSWER,4281,1513701981,try_n_catch,CONTESTANT,PRETESTS,1,0,1843200
902,D,33429092,C++14 (GCC 6-32),WRONG_ANSWER,4316,1513702016,try_n_catch,CONTESTANT,PRETESTS,2,15,1843200
902,A,33417458,GNU C++11,WRONG_ANSWER,1025,1513698725,ts_,CONTESTANT,PRETESTS,4,0,2048000
902,A,33418007,GNU C++11,OK,1119,1513698819,ts_,CONTESTANT,TESTS,55,15,2048000
902,B,33425249,GNU C++11,OK,2909,1513700609,ts_,CONTESTANT,TESTS,50,280,2560000
902,C,33432562,GNU C++11,WRONG_ANSWER,5901,1513703601,ts_,CONTESTANT,PRETESTS,3,15,3686400
902,C,33432962,GNU C++11,WRONG_ANSWER,6092,1513703792,ts_,CONTESTANT,PRETESTS,5,15,3686400
902,A,33415618,GNU C++11,OK,725,1513698436,tsehsuan1102,CONTESTANT,TESTS,55,15,1843200
902,B,33421094,GNU C++11,OK,1756,1513699466,tsehsuan1102,CONTESTANT,TESTS,50,30,2355200
902,C,33427547,GNU C++11,OK,3701,1513701412,tsehsuan1102,CONTESTANT,TESTS,45,124,2252800
902,A,33415498,C++14 (GCC 6-32),WRONG_ANSWER,711,1513698422,tshr,CONTESTANT,TESTS,11,15,1945600
902,B,33424930,C++14 (GCC 6-32),OK,2798,1513700508,tshr,CONTESTANT,TESTS,50,31,4915200
902,C,33429782,C++14 (GCC 6-32),OK,4595,1513702305,tshr,CONTESTANT,TESTS,45,109,17203200
902,A,33415461,C++14 (GCC 6-32),WRONG_ANSWER,715,1513698415,tsogoo24758,CONTESTANT,PRETESTS,0,15,1843200
902,A,33416249,C++14 (GCC 6-32),WRONG_ANSWER,828,1513698528,tsogoo24758,CONTESTANT,PRETESTS,0,0,1843200
902,A,33416643,C++14 (GCC 6-32),WRONG_ANSWER,889,1513698589,tsogoo24758,CONTESTANT,PRETESTS,2,15,1945600
902,A,33417195,C++14 (GCC 6-32),WRONG_ANSWER,980,1513698680,tsogoo24758,CONTESTANT,PRETESTS,2,0,1843200
902,A,33418261,C++14 (GCC 6-32),WRONG_ANSWER,1162,1513698862,tsogoo24758,CONTESTANT,PRETESTS,2,0,1843200
902,A,33421676,C++14 (GCC 6-32),WRONG_ANSWER,1908,1513699608,tsogoo24758,CONTESTANT,PRETESTS,2,0,1945600
902,A,33422809,C++14 (GCC 6-32),COMPILATION_ERROR,2211,1513699911,tsogoo24758,CONTESTANT,PRETESTS,0,0,0
902,A,33422929,C++14 (GCC 6-32),OK,2244,1513699944,tsogoo24758,CONTESTANT,TESTS,55,15,1843200
902,A,33413726,C++14 (GCC 6-32),OK,442,1513698142,tsyr8924503,CONTESTANT,TESTS,55,30,1945600
902,B,33420115,C++14 (GCC 6-32),OK,1538,1513699238,tsyr8924503,CONTESTANT,TESTS,50,15,2457600
902,D,33433636,C++14 (GCC 6-32),WRONG_ANSWER,6398,1513704098,tsyr8924503,CONTESTANT,PRETESTS,0,15,1843200
902,D,33434295,C++14 (GCC 6-32),OK,6714,1513704414,tsyr8924503,CONTESTANT,TESTS,150,15,1843200
902,A,33426736,GNU C,WRONG_ANSWER,3411,1513701111,tube-lite,CONTESTANT,PRETESTS,2,15,1843200
902,A,33428430,GNU C,WRONG_ANSWER,4046,1513701746,tube-lite,CONTESTANT,PRETESTS,2,0,1843200
902,A,33428736,GNU C,COMPILATION_ERROR,4175,1513701875,tube-lite,CONTESTANT,PRETESTS,0,0,0
902,A,33428827,GNU C,WRONG_ANSWER,4212,1513701912,tube-lite,CONTESTANT,PRETESTS,2,0,1843200
902,A,33430072,GNU C,WRONG_ANSWER,4731,1513702431,tube-lite,CONTESTANT,PRETESTS,3,0,5836800
902,A,33430418,GNU C,COMPILATION_ERROR,4867,1513702567,tube-lite,CONTESTANT,PRETESTS,0,0,0
902,A,33430504,GNU C,WRONG_ANSWER,4905,1513702605,tube-lite,CONTESTANT,PRETESTS,3,0,5836800
902,A,33432349,GNU C,COMPILATION_ERROR,5787,1513703487,tube-lite,CONTESTANT,PRETESTS,0,0,0
902,A,33432391,GNU C,WRONG_ANSWER,5810,1513703510,tube-lite,CONTESTANT,PRETESTS,3,0,5836800
902,A,33434191,GNU C,WRONG_ANSWER,6668,1513704368,tube-lite,CONTESTANT,PRETESTS,2,15,5836800
902,A,33434787,GNU C,WRONG_ANSWER,6925,1513704625,tube-lite,CONTESTANT,PRETESTS,2,15,5836800
902,A,33413534,GNU C++11,OK,399,1513698109,tubone,CONTESTANT,TESTS,55,30,2048000
902,B,33417889,GNU C++11,OK,1088,1513698799,tubone,CONTESTANT,TESTS,50,46,2560000
902,C,33424092,GNU C++11,OK,2557,1513700268,tubone,CONTESTANT,TESTS,45,265,2969600
902,A,33415802,GNU C++11,WRONG_ANSWER,765,1513698465,tufaan42,CONTESTANT,PRETESTS,2,15,2150400
902,A,33417683,GNU C++11,WRONG_ANSWER,1064,1513698764,tufaan42,CONTESTANT,PRETESTS,2,0,2150400
902,A,33419256,GNU C++11,WRONG_ANSWER,1350,1513699061,tufaan42,CONTESTANT,PRETESTS,2,0,2150400
902,A,33420019,GNU C++11,OK,1517,1513699217,tufaan42,CONTESTANT,TESTS,55,15,2150400
902,B,33426206,GNU C++11,OK,3222,1513700922,tufaan42,CONTESTANT,TESTS,50,30,2560000
902,A,33413087,C++14 (GCC 6-32),SKIPPED,327,1513698027,turbazik,CONTESTANT,PRETESTS,8,15,1945600
902,A,33413677,C++14 (GCC 6-32),OK,434,1513698134,turbazik,CONTESTANT,TESTS,55,15,1945600
902,B,33417714,C++14 (GCC 6-32),OK,1069,1513698769,turbazik,CONTESTANT,TESTS,50,15,2560000
902,A,33424422,C++14 (GCC 6-32),WRONG_ANSWER,2662,1513700362,turjoy,CONTESTANT,PRETESTS,5,15,1945600
902,A,33424038,GNU C++11,WRONG_ANSWER,2554,1513700254,tushar.thakral,CONTESTANT,PRETESTS,2,15,2048000
902,A,33428388,GNU C++,WRONG_ANSWER,4016,1513701727,tushar_sk,CONTESTANT,PRETESTS,2,0,2048000
902,A,33430300,GNU C++,WRONG_ANSWER,4809,1513702519,tushar_sk,CONTESTANT,PRETESTS,0,15,2048000
902,A,33430949,GNU C++,WRONG_ANSWER,5079,1513702789,tushar_sk,CONTESTANT,PRETESTS,2,15,2048000
902,A,33431894,GNU C++,WRONG_ANSWER,5557,1513703267,tushar_sk,CONTESTANT,PRETESTS,0,0,2048000
902,A,33433468,GNU C++,WRONG_ANSWER,6310,1513704021,tushar_sk,CONTESTANT,PRETESTS,2,15,2048000
902,A,33430545,GNU C++11,WRONG_ANSWER,4922,1513702622,twitharshil,CONTESTANT,TESTS,47,31,2048000
902,A,33416002,C++14 (GCC 6-32),RUNTIME_ERROR,781,1513698492,tyrist,CONTESTANT,PRETESTS,0,15,1843200
902,A,33418462,C++14 (GCC 6-32),WRONG_ANSWER,1185,1513698895,tyrist,CONTESTANT,PRETESTS,2,0,1945600
902,A,33420918,C++14 (GCC 6-32),WRONG_ANSWER,1712,1513699422,tyrist,CONTESTANT,PRETESTS,2,15,1945600
902,A,33421863,C++14 (GCC 6-32),WRONG_ANSWER,1946,1513699656,tyrist,CONTESTANT,PRETESTS,2,0,1945600
902,A,33422964,C++14 (GCC 6-32),WRONG_ANSWER,2240,1513699950,tyrist,CONTESTANT,TESTS,29,15,1945600
902,B,33431163,C++14 (GCC 6-32),OK,5188,1513702898,tyrist,CONTESTANT,TESTS,50,46,2457600
902,C,33419497,GNU C++,WRONG_ANSWER,1397,1513699107,ubszjo492,CONTESTANT,PRETESTS,1,0,4505600
902,C,33419785,GNU C++,OK,1454,1513699164,ubszjo492,CONTESTANT,TESTS,45,1060,4505600
902,B,33422775,GNU C++,OK,2194,1513699904,ubszjo492,CONTESTANT,TESTS,50,15,2355200
902,A,33424183,GNU C++,OK,2582,1513700293,ubszjo492,CONTESTANT,TESTS,55,30,2048000
902,A,33430365,GNU C,WRONG_ANSWER,4845,1513702545,ucchasgfrank,CONTESTANT,PRETESTS,0,0,1843200
902,A,33431045,GNU C,OK,5136,1513702836,ucchasgfrank,CONTESTANT,TESTS,55,31,1843200
902,A,33419706,C++14 (GCC 6-32),WRONG_ANSWER,1449,1513699149,uchiha__madara,CONTESTANT,PRETESTS,2,15,1945600
902,A,33420166,C++14 (GCC 6-32),WRONG_ANSWER,1549,1513699249,uchiha__madara,CONTESTANT,PRETESTS,2,0,1945600
902,A,33427810,C++14 (GCC 6-32),WRONG_ANSWER,3808,1513701508,uchiha__madara,CONTESTANT,PRETESTS,2,15,1945600
902,A,33427992,C++14 (GCC 6-32),WRONG_ANSWER,3872,1513701572,uchiha__madara,CONTESTANT,PRETESTS,0,15,1843200
902,A,33420497,C++14 (GCC 6-32),WRONG_ANSWER,1623,1513699323,ucrop,CONTESTANT,PRETESTS,2,15,1843200
902,A,33421057,C++14 (GCC 6-32),WRONG_ANSWER,1759,1513699459,ucrop,CONTESTANT,PRETESTS,2,0,1843200
902,A,33421855,C++14 (GCC 6-32),WRONG_ANSWER,1954,1513699654,ucrop,CONTESTANT,PRETESTS,2,0,1843200
902,A,33423021,C++14 (GCC 6-32),WRONG_ANSWER,2267,1513699967,ucrop,CONTESTANT,PRETESTS,2,15,1843200
902,A,33429021,C++14 (GCC 6-32),WRONG_ANSWER,4286,1513701986,ucrop,CONTESTANT,PRETESTS,2,15,1843200
902,A,33430394,C++14 (GCC 6-32),SKIPPED,4856,1513702556,ucrop,CONTESTANT,PRETESTS,8,15,1843200
902,A,33434433,C++14 (GCC 6-32),OK,6770,1513704470,ucrop,CONTESTANT,TESTS,55,15,1945600
902,A,33414056,C++14 (GCC 6-32),OK,498,1513698198,uenoku,CONTESTANT,TESTS,55,30,1945600
902,B,33417567,C++14 (GCC 6-32),OK,1043,1513698743,uenoku,CONTESTANT,TESTS,50,30,2560000
902,C,33425181,C++14 (GCC 6-32),WRONG_ANSWER,2886,1513700586,uenoku,CONTESTANT,PRETESTS,4,15,4300800
902,C,33425785,C++14 (GCC 6-32),OK,3084,1513700784,uenoku,CONTESTANT,TESTS,45,108,4300800
902,D,33434584,C++14 (GCC 6-32),WRONG_ANSWER,6836,1513704536,uenoku,CONTESTANT,PRETESTS,0,0,1945600
902,D,33434977,C++14 (GCC 6-32),WRONG_ANSWER,6994,1513704694,uenoku,CONTESTANT,PRETESTS,0,0,1843200
902,D,33435356,C++14 (GCC 6-32),WRONG_ANSWER,7121,1513704821,uenoku,CONTESTANT,PRETESTS,0,0,1945600
902,A,33418449,C++14 (GCC 6-32),OK,1193,1513698893,ujaval280498,CONTESTANT,TESTS,55,15,1945600
902,B,33423002,C++14 (GCC 6-32),OK,2260,1513699960,ujaval280498,CONTESTANT,TESTS,50,31,2457600
902,C,33434001,C++14 (GCC 6-32),WRONG_ANSWER,6578,1513704278,ujaval280498,CONTESTANT,PRETESTS,3,0,1945600
902,C,33435010,C++14 (GCC 6-32),WRONG_ANSWER,7007,1513704707,ujaval280498,CONTESTANT,PRETESTS,3,0,1843200
902,A,33424928,GNU C11,RUNTIME_ERROR,2807,1513700507,ujjawal14,CONTESTANT,PRETESTS,0,0,1843200
902,A,33426001,GNU C11,WRONG_ANSWER,3151,1513700851,ujjawal14,CONTESTANT,PRETESTS,2,30,1843200
902,A,33426897,GNU C11,WRONG_ANSWER,3469,1513701169,ujjawal14,CONTESTANT,PRETESTS,2,15,1843200
902,A,33428225,GNU C,RUNTIME_ERROR,3963,1513701663,ujjawal14,CONTESTANT,PRETESTS,0,0,1843200
902,A,33428697,GNU C,RUNTIME_ERROR,4160,1513701860,ujjawal14,CONTESTANT,PRETESTS,0,0,1843200
902,A,33428875,GNU C11,RUNTIME_ERROR,4230,1513701930,ujjawal14,CONTESTANT,PRETESTS,0,0,1843200
902,A,33429117,GNU C11,WRONG_ANSWER,4324,1513702024,ujjawal14,CONTESTANT,PRETESTS,2,15,1843200
902,A,33431499,GNU C11,WRONG_ANSWER,5363,1513703063,ujjawal14,CONTESTANT,PRETESTS,2,15,1843200
902,A,33432043,GNU C11,WRONG_ANSWER,5634,1513703334,ujjawal14,CONTESTANT,PRETESTS,2,0,1843200
902,A,33433775,GNU C11,WRONG_ANSWER,6460,1513704160,ujjawal14,CONTESTANT,PRETESTS,0,0,1843200
902,A,33434530,GNU C11,WRONG_ANSWER,6815,1513704515,ujjawal14,CONTESTANT,PRETESTS,0,0,1843200
902,A,33435169,GNU C11,WRONG_ANSWER,7060,1513704760,ujjawal14,CONTESTANT,PRETESTS,2,15,1843200
902,A,33435334,GNU C11,WRONG_ANSWER,7115,1513704815,ujjawal14,CONTESTANT,TESTS,10,15,1843200
902,A,33415710,GNU C++,WRONG_ANSWER,750,1513698450,ujjawal35,CONTESTANT,PRETESTS,2,15,2048000
902,A,33419000,GNU C++,WRONG_ANSWER,1308,1513699008,ujjawal35,CONTESTANT,PRETESTS,2,15,2048000
902,A,33419576,GNU C++,WRONG_ANSWER,1427,1513699127,ujjawal35,CONTESTANT,PRETESTS,2,15,2048000
902,A,33413854,GNU C++11,WRONG_ANSWER,462,1513698162,ujn20161222140,CONTESTANT,PRETESTS,1,15,2048000
902,A,33414780,GNU C++11,WRONG_ANSWER,610,1513698310,ujn20161222140,CONTESTANT,PRETESTS,0,15,2048000
902,A,33415566,GNU C++11,CHALLENGED,730,1513698430,ujn20161222140,CONTESTANT,CHALLENGES,8,15,2048000
902,A,33427042,GNU C++11,WRONG_ANSWER,3521,1513701221,ujn20161222140,CONTESTANT,PRETESTS,1,15,2048000
902,A,33427762,GNU C++11,WRONG_ANSWER,3791,1513701491,ujn20161222140,CONTESTANT,PRETESTS,2,15,2048000
902,A,33428119,GNU C++11,WRONG_ANSWER,3924,1513701624,ujn20161222140,CONTESTANT,PRETESTS,2,15,2048000
902,A,33428330,GNU C++11,WRONG_ANSWER,4003,1513701703,ujn20161222140,CONTESTANT,PRETESTS,2,15,2048000
902,A,33429883,GNU C++11,COMPILATION_ERROR,4645,1513702345,ujn20161222140,CONTESTANT,PRETESTS,0,0,0
902,A,33429989,GNU C++11,WRONG_ANSWER,4690,1513702390,ujn20161222140,CONTESTANT,CHALLENGES,0,15,2048000
902,A,33415490,GNU C++,OK,720,1513698420,ukc2402,CONTESTANT,TESTS,55,15,2048000
902,B,33426513,GNU C++,OK,3328,1513701028,ukc2402,CONTESTANT,TESTS,50,15,2355200
902,A,33413236,Java 8,WRONG_ANSWER,356,1513698056,umang._.panchal,CONTESTANT,PRETESTS,2,109,20684800
902,A,33413809,Java 8,WRONG_ANSWER,456,1513698156,umang._.panchal,CONTESTANT,PRETESTS,0,108,20684800
902,A,33415448,Java 8,WRONG_ANSWER,713,1513698413,umang._.panchal,CONTESTANT,PRETESTS,2,124,20684800
902,A,33417231,Java 8,WRONG_ANSWER,987,1513698687,umang._.panchal,CONTESTANT,PRETESTS,2,124,20684800
902,A,33418180,Java 8,WRONG_ANSWER,1147,1513698847,umang._.panchal,CONTESTANT,PRETESTS,2,124,20684800
902,A,33420144,Java 8,WRONG_ANSWER,1544,1513699244,umang._.panchal,CONTESTANT,PRETESTS,1,124,20684800
902,A,33420603,Java 8,WRONG_ANSWER,1649,1513699349,umang._.panchal,CONTESTANT,PRETESTS,3,124,20684800
902,B,33425858,Java 8,OK,3107,1513700807,umang._.panchal,CONTESTANT,TESTS,50,140,20889600
902,A,33427963,Java 8,WRONG_ANSWER,3861,1513701561,umang._.panchal,CONTESTANT,PRETESTS,4,124,20684800
902,A,33428558,Java 8,WRONG_ANSWER,4098,1513701798,umang._.panchal,CONTESTANT,PRETESTS,4,109,20684800
902,A,33429866,Java 8,OK,4639,1513702339,umang._.panchal,CONTESTANT,TESTS,55,124,20684800
902,A,33413132,MS C++,OK,337,1513698037,umbrella25,CONTESTANT,TESTS,55,30,2048000
902,B,33416823,MS C++,OK,918,1513698618,umbrella25,CONTESTANT,TESTS,50,46,2252800
902,C,33425680,MS C++,RUNTIME_ERROR,3049,1513700749,umbrella25,CONTESTANT,PRETESTS,4,15,2048000
902,C,33426621,MS C++,OK,3372,1513701072,umbrella25,CONTESTANT,TESTS,45,280,6041600
902,A,33412691,C++14 (GCC 6-32),OK,198,1513697898,unbelievable02,CONTESTANT,TESTS,55,15,7372800
902,B,33415739,C++14 (GCC 6-32),RUNTIME_ERROR,755,1513698455,unbelievable02,CONTESTANT,PRETESTS,5,15,2150400
902,B,33415998,C++14 (GCC 6-32),OK,792,1513698492,unbelievable02,CONTESTANT,TESTS,50,234,2560000
902,C,33428233,C++14 (GCC 6-32),OK,3967,1513701667,unbelievable02,CONTESTANT,TESTS,45,155,5222400
902,A,33419467,GNU C++,WRONG_ANSWER,1400,1513699100,undefinedderivativE,CONTESTANT,PRETESTS,2,15,2048000
902,A,33421758,GNU C++,WRONG_ANSWER,1929,1513699629,undefinedderivativE,CONTESTANT,PRETESTS,2,15,2048000
902,A,33422935,GNU C++,WRONG_ANSWER,2245,1513699945,undefinedderivativE,CONTESTANT,PRETESTS,2,15,2048000
902,A,33427452,GNU C++,WRONG_ANSWER,3675,1513701375,undefinedderivativE,CONTESTANT,PRETESTS,2,15,2048000
902,A,33424873,Python 2,WRONG_ANSWER,2790,1513700490,unfindable_404_,CONTESTANT,PRETESTS,2,46,4505600
902,A,33422095,Java 8,WRONG_ANSWER,2001,1513699712,unique_digits,CONTESTANT,PRETESTS,3,109,20684800
902,A,33422383,Java 8,WRONG_ANSWER,2083,1513699794,unique_digits,CONTESTANT,PRETESTS,0,108,20582400
902,A,33422431,Java 8,OK,2096,1513699807,unique_digits,CONTESTANT,TESTS,55,139,20684800
902,B,33424747,Java 8,OK,2747,1513700458,unique_digits,CONTESTANT,TESTS,50,156,20787200
902,C,33429739,Java 8,OK,4587,1513702287,unique_digits,CONTESTANT,TESTS,45,202,20787200
902,A,33422460,GNU C++11,RUNTIME_ERROR,2115,1513699815,unkn0wntravller,CONTESTANT,PRETESTS,1,0,2048000
902,A,33428507,GNU C++11,RUNTIME_ERROR,4079,1513701779,unkn0wntravller,CONTESTANT,PRETESTS,1,15,2048000
902,A,33430858,GNU C++11,RUNTIME_ERROR,5054,1513702754,unkn0wntravller,CONTESTANT,PRETESTS,1,15,2048000
902,A,33415716,C++14 (GCC 6-32),CHALLENGED,750,1513698450,unknown95,CONTESTANT,CHALLENGES,8,15,1945600
902,B,33424936,C++14 (GCC 6-32),WRONG_ANSWER,2800,1513700510,unknown95,CONTESTANT,PRETESTS,9,15,2457600
902,B,33425284,C++14 (GCC 6-32),WRONG_ANSWER,2910,1513700620,unknown95,CONTESTANT,PRETESTS,9,31,2457600
902,B,33426159,C++14 (GCC 6-32),WRONG_ANSWER,3197,1513700908,unknown95,CONTESTANT,PRETESTS,9,15,2457600
902,B,33430439,C++14 (GCC 6-32),WRONG_ANSWER,4866,1513702576,unknown95,CONTESTANT,PRETESTS,9,15,2662400
902,B,33430808,C++14 (GCC 6-32),WRONG_ANSWER,5030,1513702740,unknown95,CONTESTANT,PRETESTS,9,15,2867200
902,C,33432776,C++14 (GCC 6-32),WRONG_ANSWER,5990,1513703701,unofficial10,CONTESTANT,PRETESTS,1,15,1843200
902,C,33433692,C++14 (GCC 6-32),WRONG_ANSWER,6412,1513704122,unofficial10,CONTESTANT,PRETESTS,1,15,1843200
902,C,33434917,C++14 (GCC 6-32),WRONG_ANSWER,6966,1513704676,unofficial10,CONTESTANT,PRETESTS,1,0,1843200
902,A,33414950,C++14 (GCC 6-32),OK,637,1513698337,unranked,CONTESTANT,TESTS,55,15,1945600
902,C,33430326,C++14 (GCC 6-32),OK,4832,1513702532,unranked,CONTESTANT,TESTS,45,78,2969600
902,B,33420967,C++14 (GCC 6-32),RUNTIME_ERROR,1737,1513699437,unseen084,CONTESTANT,PRETESTS,5,15,2150400
902,B,33421246,C++14 (GCC 6-32),OK,1803,1513699503,unseen084,CONTESTANT,TESTS,50,15,2560000
902,A,33423853,C++14 (GCC 6-32),WRONG_ANSWER,2503,1513700203,unseen084,CONTESTANT,PRETESTS,2,15,1945600
902,A,33424418,C++14 (GCC 6-32),WRONG_ANSWER,2661,1513700361,unseen084,CONTESTANT,PRETESTS,3,15,1945600
902,A,33424919,C++14 (GCC 6-32),WRONG_ANSWER,2804,1513700504,unseen084,CONTESTANT,PRETESTS,3,15,1945600
902,A,33425598,C++14 (GCC 6-32),OK,3023,1513700723,unseen084,CONTESTANT,TESTS,55,15,1945600
902,A,33412843,Python 3,OK,265,1513697965,usachevd0,CONTESTANT,TESTS,55,62,5632000
902,B,33418528,GNU C++11,OK,1209,1513698909,usachevd0,CONTESTANT,TESTS,50,30,2560000
902,C,33422118,GNU C++11,WRONG_ANSWER,2017,1513699717,usachevd0,CONTESTANT,PRETESTS,3,0,2048000
902,C,33425046,GNU C++11,OK,2844,1513700544,usachevd0,CONTESTANT,TESTS,45,264,12902400
902,D,33430942,GNU C++11,WRONG_ANSWER,5087,1513702787,usachevd0,CONTESTANT,PRETESTS,0,15,2048000
902,D,33431431,C++14 (GCC 6-32),WRONG_ANSWER,5313,1513703023,userhacker,CONTESTANT,PRETESTS,0,0,2048000
902,D,33431810,C++14 (GCC 6-32),WRONG_ANSWER,5513,1513703223,userhacker,CONTESTANT,PRETESTS,2,15,2048000
902,D,33432715,C++14 (GCC 6-32),WRONG_ANSWER,5960,1513703670,userhacker,CONTESTANT,PRETESTS,2,0,2252800
902,A,33414554,C++14 (GCC 6-32),OK,577,1513698277,usernameson,CONTESTANT,TESTS,55,15,1945600
902,B,33421101,C++14 (GCC 6-32),OK,1769,1513699469,usernameson,CONTESTANT,TESTS,50,31,2560000
902,C,33429433,C++14 (GCC 6-32),OK,4457,1513702157,usernameson,CONTESTANT,TESTS,45,78,2252800
902,D,33433254,C++14 (GCC 6-32),WRONG_ANSWER,6230,1513703930,usernameson,CONTESTANT,PRETESTS,1,15,1843200
902,D,33434145,C++14 (GCC 6-32),WRONG_ANSWER,6647,1513704347,usernameson,CONTESTANT,PRETESTS,3,15,1843200
902,A,33415573,C++14 (GCC 6-32),WRONG_ANSWER,730,1513698430,utkarsh04,CONTESTANT,PRETESTS,5,15,1945600
902,A,33417578,C++14 (GCC 6-32),CHALLENGED,1034,1513698745,utkarsh04,CONTESTANT,CHALLENGES,8,15,1945600
902,A,33413440,GNU C++11,WRONG_ANSWER,392,1513698092,utpal,CONTESTANT,PRETESTS,2,31,2150400
902,A,33415511,GNU C++11,WRONG_ANSWER,723,1513698423,utpal,CONTESTANT,PRETESTS,3,0,2150400
902,A,33416921,GNU C++11,WRONG_ANSWER,933,1513698633,utpal,CONTESTANT,PRETESTS,3,15,2150400
902,B,33424510,GNU C++11,OK,2690,1513700390,utpal,CONTESTANT,TESTS,50,62,16896000
902,A,33426508,GNU C++11,OK,3325,1513701025,utpal,CONTESTANT,TESTS,55,15,2150400
902,C,33430889,GNU C++11,WRONG_ANSWER,5067,1513702767,utpal,CONTESTANT,PRETESTS,4,15,2867200
902,C,33432109,GNU C++11,WRONG_ANSWER,5670,1513703370,utpal,CONTESTANT,PRETESTS,4,15,2867200
902,C,33432569,GNU C++11,WRONG_ANSWER,5905,1513703605,utpal,CONTESTANT,PRETESTS,4,15,2867200
902,C,33433899,GNU C++11,WRONG_ANSWER,6521,1513704221,utpal,CONTESTANT,PRETESTS,4,0,2867200
902,C,33434768,GNU C++11,WRONG_ANSWER,6918,1513704618,utpal,CONTESTANT,PRETESTS,4,0,2867200
902,A,33426380,GNU C,COMPILATION_ERROR,3282,1513700982,uuaauu,CONTESTANT,PRETESTS,0,0,0
902,A,33426449,GNU C++,WRONG_ANSWER,3304,1513701004,uuaauu,CONTESTANT,PRETESTS,2,15,2048000
902,A,33428521,GNU C++,WRONG_ANSWER,4085,1513701785,uuaauu,CONTESTANT,PRETESTS,1,15,2048000
902,A,33430275,GNU C++,WRONG_ANSWER,4809,1513702509,uuaauu,CONTESTANT,PRETESTS,0,31,5734400
902,A,33430684,GNU C++,WRONG_ANSWER,4988,1513702688,uuaauu,CONTESTANT,TESTS,41,15,2150400
902,A,33428161,GNU C++11,WRONG_ANSWER,3929,1513701640,uz2ee,CONTESTANT,PRETESTS,3,15,2048000
902,A,33429647,GNU C++11,WRONG_ANSWER,4540,1513702251,uz2ee,CONTESTANT,PRETESTS,3,15,2048000
902,A,33430581,GNU C++11,OK,4928,1513702638,uz2ee,CONTESTANT,TESTS,55,15,2048000
902,A,33417565,GNU C++,OK,1043,1513698743,v_code_123,CONTESTANT,TESTS,55,15,2048000
902,A,33418324,C++14 (GCC 6-32),OK,1172,1513698872,v_for_vendatta,CONTESTANT,TESTS,55,15,1945600
902,B,33425964,C++14 (GCC 6-32),OK,3140,1513700840,v_for_vendatta,CONTESTANT,TESTS,50,31,2764800
902,C,33432519,C++14 (GCC 6-32),OK,5880,1513703580,v_for_vendatta,CONTESTANT,TESTS,45,124,8294400
902,A,33414687,GNU C++11,OK,594,1513698294,vacuous,CONTESTANT,TESTS,55,31,2048000
902,B,33419447,GNU C++11,OK,1397,1513699097,vacuous,CONTESTANT,TESTS,50,46,2355200
902,C,33427575,GNU C++11,WRONG_ANSWER,3722,1513701422,vacuous,CONTESTANT,PRETESTS,1,15,2048000
902,C,33429333,GNU C++11,WRONG_ANSWER,4411,1513702111,vacuous,CONTESTANT,TESTS,37,124,8294400
902,A,33420105,Java 8,WRONG_ANSWER,1525,1513699235,vaday,CONTESTANT,PRETESTS,2,124,20684800
902,A,33420950,Java 8,WRONG_ANSWER,1721,1513699432,vaday,CONTESTANT,PRETESTS,2,109,20684800
902,A,33421784,Java 8,WRONG_ANSWER,1926,1513699636,vaday,CONTESTANT,PRETESTS,2,124,20582400
902,A,33425176,Java 8,CHALLENGED,2874,1513700584,vaday,CONTESTANT,CHALLENGES,8,124,20684800
902,B,33430588,Java 8,WRONG_ANSWER,4932,1513702642,vaday,CONTESTANT,PRETESTS,9,265,20684800
902,A,33431976,Java 8,WRONG_ANSWER,5593,1513703303,vaday,CONTESTANT,CHALLENGES,0,124,20582400
902,A,33420324,GNU C++11,OK,1581,1513699281,vader,CONTESTANT,TESTS,55,15,2048000
902,B,33428887,C++14 (GCC 6-32),OK,4234,1513701934,vaibhav1997,CONTESTANT,TESTS,50,46,2560000
902,A,33430875,C++14 (GCC 6-32),WRONG_ANSWER,5063,1513702763,vaibhav1997,CONTESTANT,PRETESTS,3,15,1843200
902,A,33431492,C++14 (GCC 6-32),COMPILATION_ERROR,5359,1513703059,vaibhav1997,CONTESTANT,PRETESTS,0,0,0
902,A,33431639,C++14 (GCC 6-32),WRONG_ANSWER,5432,1513703132,vaibhav1997,CONTESTANT,PRETESTS,3,0,1843200
902,A,33432105,C++14 (GCC 6-32),WRONG_ANSWER,5669,1513703369,vaibhav1997,CONTESTANT,PRETESTS,3,0,1945600
902,A,33412806,C++14 (GCC 6-32),WRONG_ANSWER,254,1513697954,vaibhavb26,CONTESTANT,PRETESTS,2,0,2662400
902,A,33414242,C++14 (GCC 6-32),WRONG_ANSWER,525,1513698225,vaibhavb26,CONTESTANT,PRETESTS,2,15,2662400
902,A,33416060,C++14 (GCC 6-32),CHALLENGED,800,1513698500,vaibhavb26,CONTESTANT,CHALLENGES,8,15,2662400
902,B,33423739,C++14 (GCC 6-32),OK,2472,1513700172,vaibhavb26,CONTESTANT,TESTS,50,31,3584000
902,C,33431960,C++14 (GCC 6-32),RUNTIME_ERROR,5594,1513703294,vaibhavb26,CONTESTANT,PRETESTS,2,0,2662400
902,C,33432093,C++14 (GCC 6-32),WRONG_ANSWER,5658,1513703358,vaibhavb26,CONTESTANT,PRETESTS,3,15,3481600
902,A,33414616,Python 3,WRONG_ANSWER,585,1513698285,vaibhavsarda,CONTESTANT,PRETESTS,2,62,5529600
902,A,33415744,Python 3,COMPILATION_ERROR,755,1513698455,vaibhavsarda,CONTESTANT,PRETESTS,0,0,0
902,A,33416021,Python 3,COMPILATION_ERROR,795,1513698495,vaibhavsarda,CONTESTANT,PRETESTS,0,0,0
902,A,33416297,Python 3,WRONG_ANSWER,836,1513698536,vaibhavsarda,CONTESTANT,PRETESTS,2,46,5529600
902,A,33417512,Python 3,WRONG_ANSWER,1034,1513698734,vaibhavsarda,CONTESTANT,PRETESTS,1,31,5529600
902,A,33417988,Python 3,WRONG_ANSWER,1116,1513698816,vaibhavsarda,CONTESTANT,PRETESTS,2,46,5529600
902,A,33419462,Python 3,WRONG_ANSWER,1399,1513699099,vaibhavsarda,CONTESTANT,PRETESTS,2,62,5632000
902,A,33414337,GNU C++11,WRONG_ANSWER,529,1513698240,vaibhavvasant1705,CONTESTANT,PRETESTS,3,15,2048000
902,A,33416709,GNU C++11,WRONG_ANSWER,889,1513698600,vaibhavvasant1705,CONTESTANT,PRETESTS,1,0,2048000
902,A,33418311,GNU C++11,CHALLENGED,1159,1513698869,vaibhavvasant1705,CONTESTANT,CHALLENGES,8,15,2048000
902,B,33421743,GNU C++11,OK,1915,1513699625,vaibhavvasant1705,CONTESTANT,TESTS,50,46,2969600
902,C,33429610,GNU C++11,WRONG_ANSWER,4528,1513702238,vaibhavvasant1705,CONTESTANT,PRETESTS,4,15,4096000
902,C,33431005,GNU C++11,WRONG_ANSWER,5110,1513702821,vaibhavvasant1705,CONTESTANT,PRETESTS,4,15,4096000
902,C,33431693,GNU C++11,WRONG_ANSWER,5446,1513703156,vaibhavvasant1705,CONTESTANT,PRETESTS,4,15,4096000
902,C,33431880,GNU C++11,OK,5551,1513703261,vaibhavvasant1705,CONTESTANT,TESTS,45,312,4096000
902,A,33412842,C++14 (GCC 6-32),WRONG_ANSWER,265,1513697965,vamsi3,CONTESTANT,PRETESTS,0,0,1945600
902,A,33412913,C++14 (GCC 6-32),WRONG_ANSWER,287,1513697987,vamsi3,CONTESTANT,PRETESTS,0,15,1843200
902,A,33413240,C++14 (GCC 6-32),WRONG_ANSWER,357,1513698057,vamsi3,CONTESTANT,PRETESTS,2,15,1945600
902,A,33416192,C++14 (GCC 6-32),WRONG_ANSWER,820,1513698520,vamsi3,CONTESTANT,PRETESTS,6,15,1843200
902,A,33417503,C++14 (GCC 6-32),OK,1032,1513698732,vamsi3,CONTESTANT,TESTS,55,15,1945600
902,B,33425027,C++14 (GCC 6-32),OK,2839,1513700539,vamsi3,CONTESTANT,TESTS,50,31,2560000
902,C,33430386,C++14 (GCC 6-32),OK,4853,1513702553,vamsi3,CONTESTANT,TESTS,45,109,6656000
902,A,33416949,GNU C++11,OK,937,1513698637,vanbang9710,CONTESTANT,TESTS,55,15,2048000
902,B,33429369,GNU C++11,OK,4425,1513702125,vanbang9710,CONTESTANT,TESTS,50,31,2150400
902,A,33414218,GNU C++11,WRONG_ANSWER,511,1513698222,vantoan_19,CONTESTANT,PRETESTS,4,15,2048000
902,A,33416788,GNU C++11,WRONG_ANSWER,902,1513698613,vantoan_19,CONTESTANT,TESTS,47,15,2048000
902,B,33423631,GNU C++11,OK,2430,1513700140,vantoan_19,CONTESTANT,TESTS,50,46,2560000
902,C,33429501,GNU C++11,OK,4476,1513702187,vantoan_19,CONTESTANT,TESTS,45,312,3276800
902,A,33421233,GNU C++,WRONG_ANSWER,1800,1513699500,vardhman,CONTESTANT,PRETESTS,2,15,2048000
902,A,33424200,GNU C++,WRONG_ANSWER,2596,1513700296,vardhman,CONTESTANT,PRETESTS,4,0,2048000
902,A,33426791,GNU C++,OK,3432,1513701132,vardhman,CONTESTANT,TESTS,55,15,2048000
902,A,33415060,C++14 (GCC 6-32),WRONG_ANSWER,656,1513698356,vase444ka,CONTESTANT,PRETESTS,3,15,1945600
902,A,33417482,C++14 (GCC 6-32),WRONG_ANSWER,1029,1513698729,vase444ka,CONTESTANT,PRETESTS,0,0,1843200
902,A,33418326,C++14 (GCC 6-32),WRONG_ANSWER,1172,1513698872,vase444ka,CONTESTANT,PRETESTS,0,0,1843200
902,A,33418616,C++14 (GCC 6-32),OK,1225,1513698925,vase444ka,CONTESTANT,TESTS,55,15,1945600
902,B,33423753,C++14 (GCC 6-32),WRONG_ANSWER,2479,1513700179,vase444ka,CONTESTANT,PRETESTS,2,15,2048000
902,B,33426488,C++14 (GCC 6-32),OK,3319,1513701019,vase444ka,CONTESTANT,TESTS,50,31,2457600
902,C,33432726,C++14 (GCC 6-32),WRONG_ANSWER,5976,1513703676,vase444ka,CONTESTANT,TESTS,13,78,10342400
902,A,33419284,C++14 (GCC 6-32),WRONG_ANSWER,1354,1513699065,vasuanno,CONTESTANT,TESTS,47,15,1945600
902,B,33421722,C++14 (GCC 6-32),OK,1920,1513699621,vasuanno,CONTESTANT,TESTS,50,31,2457600
902,C,33429074,C++14 (GCC 6-32),WRONG_ANSWER,4307,1513702007,vasuanno,CONTESTANT,PRETESTS,1,15,3481600
902,C,33434428,C++14 (GCC 6-32),WRONG_ANSWER,6769,1513704469,vasuanno,CONTESTANT,TESTS,37,140,6144000
902,A,33412685,C++14 (GCC 6-32),OK,193,1513697893,vathisa,CONTESTANT,TESTS,55,15,1945600
902,A,33414690,C++14 (GCC 6-32),OK,594,1513698294,vbobrov,CONTESTANT,TESTS,55,15,1945600
902,B,33418964,C++14 (GCC 6-32),OK,1299,1513698999,vbobrov,CONTESTANT,TESTS,50,46,1945600
902,C,33422672,C++14 (GCC 6-32),OK,2174,1513699874,vbobrov,CONTESTANT,TESTS,45,140,2662400
902,D,33432577,C++14 (GCC 6-32),WRONG_ANSWER,5908,1513703608,vbobrov,CONTESTANT,PRETESTS,7,15,1945600
902,D,33434401,C++14 (GCC 6-32),WRONG_ANSWER,6757,1513704457,vbobrov,CONTESTANT,PRETESTS,8,15,1945600
902,D,33434829,C++14 (GCC 6-32),WRONG_ANSWER,6943,1513704643,vbobrov,CONTESTANT,PRETESTS,8,15,1945600
902,D,33435300,C++14 (GCC 6-32),WRONG_ANSWER,7104,1513704804,vbobrov,CONTESTANT,PRETESTS,9,15,1945600
902,D,33435454,C++14 (GCC 6-32),WRONG_ANSWER,7152,1513704852,vbobrov,CONTESTANT,TESTS,10,15,1945600
902,A,33412676,C++14 (GCC 6-32),OK,185,1513697885,vcoppe,CONTESTANT,TESTS,55,15,1945600
902,B,33415475,C++14 (GCC 6-32),OK,717,1513698417,vcoppe,CONTESTANT,TESTS,50,46,2764800
902,C,33421844,C++14 (GCC 6-32),OK,1951,1513699651,vcoppe,CONTESTANT,TESTS,45,171,8294400
902,A,33414408,C++14 (GCC 6-32),WRONG_ANSWER,553,1513698253,vdae_2304,CONTESTANT,TESTS,11,15,1945600
902,B,33417489,C++14 (GCC 6-32),OK,1030,1513698730,vdae_2304,CONTESTANT,TESTS,50,30,3993600
902,C,33424318,C++14 (GCC 6-32),WRONG_ANSWER,2630,1513700330,vdae_2304,CONTESTANT,PRETESTS,3,15,13926400
902,D,33432225,C++14 (GCC 6-32),WRONG_ANSWER,5724,1513703424,vdae_2304,CONTESTANT,PRETESTS,6,15,1945600
902,C,33433926,C++14 (GCC 6-32),WRONG_ANSWER,6536,1513704236,vdae_2304,CONTESTANT,PRETESTS,5,15,13926400
902,C,33435032,C++14 (GCC 6-32),WRONG_ANSWER,7016,1513704716,vdae_2304,CONTESTANT,PRETESTS,5,15,13926400
902,A,33413519,C++14 (GCC 6-32),WRONG_ANSWER,407,1513698107,veljko_r,CONTESTANT,PRETESTS,2,15,1945600
902,A,33414212,C++14 (GCC 6-32),WRONG_ANSWER,521,1513698221,veljko_r,CONTESTANT,PRETESTS,2,15,1945600
902,A,33415349,C++14 (GCC 6-32),OK,698,1513698398,veljko_r,CONTESTANT,TESTS,55,15,1945600
902,B,33422378,C++14 (GCC 6-32),RUNTIME_ERROR,2090,1513699790,veljko_r,CONTESTANT,PRETESTS,5,15,2048000
902,B,33422707,C++14 (GCC 6-32),OK,2184,1513699884,veljko_r,CONTESTANT,TESTS,50,233,2560000
902,C,33427886,C++14 (GCC 6-32),OK,3834,1513701534,veljko_r,CONTESTANT,TESTS,45,93,6451200
902,A,33413042,GNU C++11,WRONG_ANSWER,317,1513698017,versham,CONTESTANT,PRETESTS,2,15,2048000
902,A,33413508,GNU C++11,WRONG_ANSWER,406,1513698106,versham,CONTESTANT,PRETESTS,2,15,2048000
902,A,33413976,GNU C++11,OK,484,1513698184,versham,CONTESTANT,TESTS,55,15,2048000
902,B,33423040,GNU C++11,OK,2273,1513699973,versham,CONTESTANT,TESTS,50,46,2662400
902,C,33429530,GNU C++11,WRONG_ANSWER,4501,1513702201,versham,CONTESTANT,PRETESTS,3,15,2048000
902,A,33420710,C++14 (GCC 6-32),WRONG_ANSWER,1663,1513699374,vertig1,CONTESTANT,PRETESTS,2,15,1843200
902,A,33431683,GNU C++17 Diagnostics,WRONG_ANSWER,5452,1513703152,verynewbie,CONTESTANT,PRETESTS,1,733,97996800
902,A,33423662,MS C++,CHALLENGED,2450,1513700150,vhminh,CONTESTANT,CHALLENGES,8,31,2048000
902,B,33431353,MS C++,MEMORY_LIMIT_EXCEEDED,5288,1513702988,vhminh,CONTESTANT,PRETESTS,0,0,268390400
902,B,33432488,MS C++,MEMORY_LIMIT_EXCEEDED,5858,1513703558,vhminh,CONTESTANT,PRETESTS,0,0,268390400
902,A,33433380,MS C++,COMPILATION_ERROR,6285,1513703985,vhminh,CONTESTANT,PRETESTS,0,0,0
902,A,33433484,MS C++,WRONG_ANSWER,6327,1513704027,vhminh,CONTESTANT,CHALLENGES,0,15,2048000
902,A,33420896,C++14 (GCC 6-32),OK,1718,1513699418,vib_iitk,CONTESTANT,TESTS,55,15,5939200
902,A,33420424,GNU C++,CHALLENGED,1607,1513699307,vic006,CONTESTANT,CHALLENGES,8,405,48742400
902,B,33426997,GNU C++,OK,3502,1513701202,vic006,CONTESTANT,TESTS,50,31,2457600
902,A,33418834,GNU C++11,WRONG_ANSWER,1268,1513698968,vicky_coder,CONTESTANT,PRETESTS,2,15,2048000
902,A,33424552,GNU C++11,WRONG_ANSWER,2702,1513700402,vicky_coder,CONTESTANT,PRETESTS,4,15,2048000
902,A,33428931,GNU C++11,OK,4249,1513701949,vicky_coder,CONTESTANT,TESTS,55,15,2048000
902,B,33430873,GNU C++11,OK,5062,1513702762,vicky_coder,CONTESTANT,TESTS,50,46,2560000
902,C,33435285,GNU C++11,WRONG_ANSWER,7099,1513704799,vicky_coder,CONTESTANT,PRETESTS,1,0,2048000
902,C,33435672,GNU C++11,WRONG_ANSWER,7197,1513704897,vicky_coder,CONTESTANT,PRETESTS,1,0,2048000
902,A,33422143,Python 3,WRONG_ANSWER,2025,1513699725,vickyme,CONTESTANT,PRETESTS,2,46,5529600
902,A,33424070,Python 3,WRONG_ANSWER,2563,1513700263,vickyme,CONTESTANT,PRETESTS,2,61,5529600
902,A,33424965,Python 3,WRONG_ANSWER,2819,1513700519,vickyme,CONTESTANT,PRETESTS,0,46,5529600
902,A,33425108,Python 3,WRONG_ANSWER,2864,1513700564,vickyme,CONTESTANT,PRETESTS,3,46,5529600
902,A,33428544,Python 3,WRONG_ANSWER,4095,1513701795,vickyme,CONTESTANT,PRETESTS,4,46,5529600
902,A,33430958,Python 3,WRONG_ANSWER,5094,1513702794,vickyme,CONTESTANT,PRETESTS,4,62,5529600
902,A,33413953,GNU C++11,OK,470,1513698180,victor.pescaruinfo,CONTESTANT,TESTS,55,15,2048000
902,B,33422704,GNU C++11,OK,2173,1513699883,victor.pescaruinfo,CONTESTANT,TESTS,50,46,2662400
902,C,33428072,GNU C++11,WRONG_ANSWER,3892,1513701603,victor.pescaruinfo,CONTESTANT,PRETESTS,1,15,2560000
902,C,33429807,GNU C++11,WRONG_ANSWER,4608,1513702319,victor.pescaruinfo,CONTESTANT,PRETESTS,4,15,2560000
902,C,33430872,GNU C++11,OK,5052,1513702762,victor.pescaruinfo,CONTESTANT,TESTS,45,327,2560000
902,A,33412646,GNU C++11,OK,152,1513697852,videogamez,CONTESTANT,TESTS,55,31,2048000
902,B,33414505,GNU C++11,OK,567,1513698267,videogamez,CONTESTANT,TESTS,50,15,2560000
902,C,33419915,GNU C++11,OK,1493,1513699193,videogamez,CONTESTANT,TESTS,45,109,4812800
902,D,33434450,GNU C++11,WRONG_ANSWER,6777,1513704477,videogamez,CONTESTANT,PRETESTS,4,15,2150400
902,D,33434557,GNU C++11,WRONG_ANSWER,6825,1513704525,videogamez,CONTESTANT,PRETESTS,0,0,2150400
902,D,33434784,GNU C++11,WRONG_ANSWER,6924,1513704624,videogamez,CONTESTANT,PRETESTS,4,0,2150400
902,D,33434807,GNU C++11,WRONG_ANSWER,6935,1513704635,videogamez,CONTESTANT,PRETESTS,0,0,2150400
902,D,33434950,GNU C++11,WRONG_ANSWER,6986,1513704686,videogamez,CONTESTANT,TESTS,11,15,2150400
902,A,33416896,C++14 (GCC 6-32),OK,929,1513698629,vigintuple,CONTESTANT,TESTS,55,15,1945600
902,B,33427906,C++14 (GCC 6-32),WRONG_ANSWER,3842,1513701542,vigintuple,CONTESTANT,PRETESTS,0,0,1843200
902,B,33428002,C++14 (GCC 6-32),OK,3877,1513701577,vigintuple,CONTESTANT,TESTS,50,31,2457600
902,A,33420248,GNU C++,WRONG_ANSWER,1569,1513699269,vikash_97,CONTESTANT,PRETESTS,2,15,2048000
902,A,33432753,GNU C++,OK,5987,1513703687,vikash_97,CONTESTANT,TESTS,55,15,2048000
902,A,33416678,GNU C++11,WRONG_ANSWER,894,1513698594,vilmera,CONTESTANT,PRETESTS,2,0,2048000
902,A,33419138,GNU C++11,WRONG_ANSWER,1339,1513699039,vilmera,CONTESTANT,PRETESTS,2,15,2048000
902,A,33419887,GNU C++11,WRONG_ANSWER,1487,1513699187,vilmera,CONTESTANT,PRETESTS,0,0,2048000
902,A,33420292,GNU C++11,WRONG_ANSWER,1577,1513699277,vilmera,CONTESTANT,PRETESTS,2,15,2048000
902,A,33421176,GNU C++11,WRONG_ANSWER,1787,1513699487,vilmera,CONTESTANT,PRETESTS,2,15,2048000
902,A,33426844,GNU C++11,WRONG_ANSWER,3455,1513701155,vilmera,CONTESTANT,PRETESTS,2,0,2048000
902,A,33429726,GNU C++11,WRONG_ANSWER,4580,1513702280,vilmera,CONTESTANT,PRETESTS,2,15,2048000
902,A,33434862,GNU C++11,WRONG_ANSWER,6955,1513704655,vilmera,CONTESTANT,PRETESTS,2,15,2048000
902,A,33435197,GNU C++11,WRONG_ANSWER,7069,1513704769,vilmera,CONTESTANT,PRETESTS,1,0,2048000
902,A,33417504,GNU C++11,WRONG_ANSWER,1032,1513698732,vineet_joshi,CONTESTANT,PRETESTS,2,15,2048000
902,A,33422357,GNU C++11,WRONG_ANSWER,2083,1513699783,vineet_joshi,CONTESTANT,PRETESTS,0,0,2048000
902,A,33422735,GNU C++11,WRONG_ANSWER,2191,1513699891,vineet_joshi,CONTESTANT,PRETESTS,4,15,2048000
902,A,33423080,GNU C++11,WRONG_ANSWER,2283,1513699983,vineet_joshi,CONTESTANT,PRETESTS,4,0,2048000
902,A,33423774,GNU C++11,WRONG_ANSWER,2486,1513700186,vineet_joshi,CONTESTANT,PRETESTS,4,15,2048000
902,A,33424670,GNU C++11,WRONG_ANSWER,2736,1513700436,vineet_joshi,CONTESTANT,PRETESTS,4,15,2048000
902,A,33422245,C++14 (GCC 6-32),WRONG_ANSWER,2049,1513699749,vinky,CONTESTANT,PRETESTS,0,15,1945600
902,A,33423049,C++14 (GCC 6-32),WRONG_ANSWER,2275,1513699975,vinky,CONTESTANT,PRETESTS,5,15,2048000
902,A,33424891,C++14 (GCC 6-32),WRONG_ANSWER,2797,1513700497,vinky,CONTESTANT,PRETESTS,5,15,2048000
902,A,33426133,C++14 (GCC 6-32),WRONG_ANSWER,3199,1513700899,vinky,CONTESTANT,PRETESTS,5,15,2048000
902,A,33434649,C++14 (GCC 6-32),WRONG_ANSWER,6865,1513704565,vinky,CONTESTANT,PRETESTS,5,15,2048000
902,A,33415661,GNU C++,OK,742,1513698442,vipin1407,CONTESTANT,TESTS,55,15,2048000
902,B,33425606,GNU C++,OK,3025,1513700725,vipin1407,CONTESTANT,TESTS,50,46,2764800
902,C,33434277,GNU C++,WRONG_ANSWER,6706,1513704406,vipin1407,CONTESTANT,PRETESTS,4,15,2048000
902,A,33426479,GNU C11,WRONG_ANSWER,3315,1513701015,vircoys,CONTESTANT,TESTS,47,15,1945600
902,A,33420787,C++14 (GCC 6-32),OK,1695,1513699395,vishalpatil1805,CONTESTANT,TESTS,55,15,1945600
902,B,33427845,C++14 (GCC 6-32),OK,3818,1513701518,vishalpatil1805,CONTESTANT,TESTS,50,46,2662400
902,A,33427934,FPC,WRONG_ANSWER,3852,1513701552,vishenka24,CONTESTANT,PRETESTS,1,15,1638400
902,A,33428258,FPC,WRONG_ANSWER,3977,1513701677,vishenka24,CONTESTANT,PRETESTS,2,15,1638400
902,A,33429784,FPC,COMPILATION_ERROR,4606,1513702306,vishenka24,CONTESTANT,PRETESTS,0,0,0
902,A,33433159,FPC,WRONG_ANSWER,6187,1513703887,vishenka24,CONTESTANT,PRETESTS,2,0,1638400
902,A,33418914,C++14 (GCC 6-32),WRONG_ANSWER,1288,1513698988,vishnu98dasu,CONTESTANT,PRETESTS,2,15,1945600
902,A,33420098,C++14 (GCC 6-32),WRONG_ANSWER,1534,1513699234,vishnu98dasu,CONTESTANT,PRETESTS,2,0,1843200
902,A,33422161,GNU C++,WRONG_ANSWER,2029,1513699729,vishnuvardhan.panjala239,CONTESTANT,TESTS,20,30,2048000
902,B,33432326,GNU C++,OK,5776,1513703476,vishnuvardhan.panjala239,CONTESTANT,TESTS,50,46,2867200
902,A,33413473,C++14 (GCC 6-32),WRONG_ANSWER,398,1513698098,vishucool,CONTESTANT,PRETESTS,4,15,1945600
902,A,33414423,C++14 (GCC 6-32),WRONG_ANSWER,555,1513698255,vishucool,CONTESTANT,PRETESTS,4,15,1945600
902,A,33416201,C++14 (GCC 6-32),WRONG_ANSWER,821,1513698521,vishucool,CONTESTANT,PRETESTS,4,15,1843200
902,A,33419327,C++14 (GCC 6-32),WRONG_ANSWER,1371,1513699071,vishucool,CONTESTANT,TESTS,47,15,1945600
902,B,33427504,C++14 (GCC 6-32),TIME_LIMIT_EXCEEDED,3696,1513701396,vishucool,CONTESTANT,TESTS,24,1000,2560000
902,A,33412950,C++14 (GCC 6-32),OK,298,1513697998,vishusachdeva,CONTESTANT,TESTS,55,31,1843200
902,B,33416250,C++14 (GCC 6-32),OK,828,1513698528,vishusachdeva,CONTESTANT,TESTS,50,15,2048000
902,C,33421653,C++14 (GCC 6-32),OK,1903,1513699603,vishusachdeva,CONTESTANT,TESTS,45,109,2662400
902,D,33426862,C++14 (GCC 6-32),WRONG_ANSWER,3457,1513701157,vishusachdeva,CONTESTANT,PRETESTS,0,0,1843200
902,D,33427351,C++14 (GCC 6-32),WRONG_ANSWER,3642,1513701342,vishusachdeva,CONTESTANT,PRETESTS,2,0,1843200
902,D,33427995,C++14 (GCC 6-32),WRONG_ANSWER,3873,1513701573,vishusachdeva,CONTESTANT,TESTS,149,30,1843200
902,A,33412733,C++14 (GCC 6-32),WRONG_ANSWER,219,1513697919,visleck,CONTESTANT,PRETESTS,2,15,1843200
902,A,33412815,C++14 (GCC 6-32),OK,256,1513697956,visleck,CONTESTANT,TESTS,55,30,1945600
902,B,33415340,C++14 (GCC 6-32),OK,696,1513698396,visleck,CONTESTANT,TESTS,50,46,2457600
902,C,33420807,C++14 (GCC 6-32),OK,1700,1513699400,visleck,CONTESTANT,TESTS,45,140,2252800
902,A,33416224,C++14 (GCC 6-32),WRONG_ANSWER,824,1513698524,vivace_jr,CONTESTANT,PRETESTS,2,15,1843200
902,A,33417048,C++14 (GCC 6-32),OK,953,1513698653,vivace_jr,CONTESTANT,TESTS,55,15,1945600
902,B,33419981,C++14 (GCC 6-32),OK,1508,1513699208,vivace_jr,CONTESTANT,TESTS,50,46,2662400
902,C,33428179,C++14 (GCC 6-32),OK,3949,1513701649,vivace_jr,CONTESTANT,TESTS,45,171,6451200
902,A,33415961,GNU C++,OK,786,1513698486,vivek229,CONTESTANT,TESTS,55,30,2048000
902,B,33423597,GNU C++,OK,2431,1513700131,vivek229,CONTESTANT,TESTS,50,46,2560000
902,C,33430598,GNU C++,WRONG_ANSWER,4946,1513702646,vivek229,CONTESTANT,PRETESTS,1,15,2457600
902,C,33431015,GNU C++,WRONG_ANSWER,5125,1513702825,vivek229,CONTESTANT,PRETESTS,3,15,2457600
902,C,33432638,GNU C++,WRONG_ANSWER,5939,1513703639,vivek229,CONTESTANT,PRETESTS,0,0,2457600
902,C,33432764,GNU C++,OK,5993,1513703693,vivek229,CONTESTANT,TESTS,45,311,5427200
902,A,33421014,GNU C++,WRONG_ANSWER,1748,1513699448,vivek_kushwaha10,CONTESTANT,PRETESTS,3,15,2048000
902,A,33421701,GNU C++,WRONG_ANSWER,1916,1513699616,vivek_kushwaha10,CONTESTANT,PRETESTS,3,15,2048000
902,A,33422265,GNU C++,WRONG_ANSWER,2053,1513699753,vivek_kushwaha10,CONTESTANT,PRETESTS,3,15,2048000
902,A,33423190,GNU C++,WRONG_ANSWER,2318,1513700018,vivek_kushwaha10,CONTESTANT,PRETESTS,3,15,2048000
902,A,33424125,GNU C++,WRONG_ANSWER,2577,1513700277,vivek_kushwaha10,CONTESTANT,PRETESTS,4,15,2048000
902,A,33428007,GNU C++,WRONG_ANSWER,3879,1513701579,vivek_kushwaha10,CONTESTANT,PRETESTS,4,15,2048000
902,A,33429879,GNU C++,WRONG_ANSWER,4644,1513702344,vivek_kushwaha10,CONTESTANT,PRETESTS,4,15,2048000
902,A,33417028,Python 3,WRONG_ANSWER,949,1513698649,vivek_reddy,CONTESTANT,PRETESTS,2,62,5529600
902,A,33418493,Python 3,OK,1201,1513698901,vivek_reddy,CONTESTANT,TESTS,55,62,5529600
902,B,33426074,C++14 (GCC 6-32),OK,3179,1513700879,vivek_reddy,CONTESTANT,TESTS,50,31,2355200
902,A,33415054,C++14 (GCC 6-32),WRONG_ANSWER,654,1513698354,vivek_shah98,CONTESTANT,PRETESTS,2,15,17920000
902,A,33417823,C++14 (GCC 6-32),WRONG_ANSWER,1087,1513698787,vivek_shah98,CONTESTANT,PRETESTS,2,15,17920000
902,A,33418561,GNU C,COMPILATION_ERROR,1205,1513698916,vivek_shah98,CONTESTANT,PRETESTS,0,0,0
902,A,33418936,GNU C,COMPILATION_ERROR,1282,1513698993,vivek_shah98,CONTESTANT,PRETESTS,0,0,0
902,A,33419070,GNU C11,COMPILATION_ERROR,1315,1513699025,vivek_shah98,CONTESTANT,PRETESTS,0,0,0
902,A,33419273,C++14 (GCC 6-32),WRONG_ANSWER,1364,1513699064,vivek_shah98,CONTESTANT,PRETESTS,1,0,17920000
902,A,33419600,C++14 (GCC 6-32),WRONG_ANSWER,1421,1513699131,vivek_shah98,CONTESTANT,PRETESTS,4,0,17920000
902,A,33420398,C++14 (GCC 6-32),WRONG_ANSWER,1600,1513699300,vivek_shah98,CONTESTANT,PRETESTS,4,15,17920000
902,A,33420861,C++14 (GCC 6-32),WRONG_ANSWER,1712,1513699412,vivek_shah98,CONTESTANT,PRETESTS,4,15,17920000
902,A,33422002,C++14 (GCC 6-32),WRONG_ANSWER,1983,1513699693,vivek_shah98,CONTESTANT,PRETESTS,4,15,17920000
902,A,33423228,C++14 (GCC 6-32),WRONG_ANSWER,2332,1513700032,vivek_shah98,CONTESTANT,PRETESTS,4,15,17920000
902,A,33423669,C++14 (GCC 6-32),WRONG_ANSWER,2442,1513700152,vivek_shah98,CONTESTANT,PRETESTS,4,15,17920000
902,A,33425918,C++14 (GCC 6-32),WRONG_ANSWER,3127,1513700827,vivek_shah98,CONTESTANT,PRETESTS,2,0,17920000
902,B,33430337,C++14 (GCC 6-32),WRONG_ANSWER,4835,1513702535,vivek_shah98,CONTESTANT,PRETESTS,4,31,37990400
902,B,33431607,C++14 (GCC 6-32),WRONG_ANSWER,5411,1513703111,vivek_shah98,CONTESTANT,PRETESTS,4,15,45977600
902,A,33433097,C++14 (GCC 6-32),OK,6145,1513703855,vivek_shah98,CONTESTANT,TESTS,55,15,1945600
902,B,33435007,C++14 (GCC 6-32),WRONG_ANSWER,6994,1513704705,vivek_shah98,CONTESTANT,PRETESTS,4,15,53964800
902,A,33413671,C++14 (GCC 6-32),OK,433,1513698133,vivekmufc,CONTESTANT,TESTS,55,15,1945600
902,B,33417103,C++14 (GCC 6-32),OK,963,1513698663,vivekmufc,CONTESTANT,TESTS,50,30,10342400
902,C,33426241,C++14 (GCC 6-32),OK,3237,1513700937,vivekmufc,CONTESTANT,TESTS,45,108,3891200
902,D,33429429,C++14 (GCC 6-32),WRONG_ANSWER,4456,1513702156,vivekmufc,CONTESTANT,PRETESTS,1,15,1843200
902,D,33429788,C++14 (GCC 6-32),WRONG_ANSWER,4608,1513702308,vivekmufc,CONTESTANT,PRETESTS,2,15,1843200
902,A,33423082,C++14 (GCC 6-32),WRONG_ANSWER,2284,1513699984,vivo,CONTESTANT,PRETESTS,2,15,1843200
902,A,33423847,C++14 (GCC 6-32),OK,2502,1513700202,vivo,CONTESTANT,TESTS,55,15,1945600
902,A,33420361,MS C++,WRONG_ANSWER,1581,1513699292,vlad204,CONTESTANT,PRETESTS,4,15,2048000
902,A,33423016,MS C++,WRONG_ANSWER,2254,1513699964,vlad204,CONTESTANT,PRETESTS,2,15,2048000
902,A,33424258,MS C++,COMPILATION_ERROR,2602,1513700312,vlad204,CONTESTANT,PRETESTS,0,0,0
902,A,33425624,MS C++,WRONG_ANSWER,3018,1513700729,vlad204,CONTESTANT,PRETESTS,2,15,2048000
902,B,33427753,MS C++,COMPILATION_ERROR,3777,1513701488,vlad204,CONTESTANT,PRETESTS,0,0,0
902,A,33428283,MS C++,WRONG_ANSWER,3975,1513701686,vlad204,CONTESTANT,PRETESTS,2,0,2048000
902,A,33429604,MS C++,WRONG_ANSWER,4522,1513702233,vlad204,CONTESTANT,PRETESTS,2,15,2048000
902,A,33431424,MS C++,COMPILATION_ERROR,5311,1513703021,vlad204,CONTESTANT,PRETESTS,0,0,0
902,A,33431743,MS C++,WRONG_ANSWER,5475,1513703185,vlad204,CONTESTANT,PRETESTS,1,15,2048000
902,A,33432827,MS C++,WRONG_ANSWER,6017,1513703727,vlad204,CONTESTANT,PRETESTS,1,0,2048000
902,A,33433873,MS C++,WRONG_ANSWER,6499,1513704209,vlad204,CONTESTANT,PRETESTS,1,0,2048000
902,A,33434215,MS C++,WRONG_ANSWER,6667,1513704378,vlad204,CONTESTANT,PRETESTS,1,0,2048000
902,A,33434525,MS C++,WRONG_ANSWER,6804,1513704515,vlad204,CONTESTANT,PRETESTS,1,0,2048000
902,A,33434791,MS C++,WRONG_ANSWER,6919,1513704629,vlad204,CONTESTANT,PRETESTS,1,15,2048000
902,A,33434956,MS C++,WRONG_ANSWER,6978,1513704688,vlad204,CONTESTANT,PRETESTS,1,0,2048000
902,A,33435204,MS C++,WRONG_ANSWER,7062,1513704773,vlad204,CONTESTANT,PRETESTS,1,15,2048000
902,A,33431514,GNU C++,OK,5369,1513703069,vladi2096,CONTESTANT,TESTS,55,30,2150400
902,A,33421741,GNU C++,OK,1925,1513699625,vladkalm49,CONTESTANT,TESTS,55,15,2048000
902,B,33429252,GNU C++,OK,4379,1513702079,vladkalm49,CONTESTANT,TESTS,50,46,2560000
902,C,33435061,GNU C++,WRONG_ANSWER,7023,1513704723,vladkalm49,CONTESTANT,PRETESTS,1,0,2048000
902,A,33413184,C++14 (GCC 6-32),WRONG_ANSWER,345,1513698045,vladmart,CONTESTANT,PRETESTS,2,15,1843200
902,A,33413861,C++14 (GCC 6-32),OK,464,1513698164,vladmart,CONTESTANT,TESTS,55,15,1945600
902,B,33416820,C++14 (GCC 6-32),OK,918,1513698618,vladmart,CONTESTANT,TESTS,50,15,2560000
902,C,33424641,C++14 (GCC 6-32),WRONG_ANSWER,2726,1513700426,vladmart,CONTESTANT,PRETESTS,3,15,1843200
902,C,33425792,C++14 (GCC 6-32),WRONG_ANSWER,3087,1513700787,vladmart,CONTESTANT,TESTS,37,93,5222400
902,A,33417404,GNU C++11,WRONG_ANSWER,1015,1513698715,vn-chan,CONTESTANT,PRETESTS,3,15,2048000
902,A,33418609,GNU C++11,WRONG_ANSWER,1224,1513698924,vn-chan,CONTESTANT,PRETESTS,4,15,2048000
902,A,33423520,GNU C++11,WRONG_ANSWER,2410,1513700110,vn-chan,CONTESTANT,PRETESTS,0,15,2150400
902,A,33423760,GNU C++11,WRONG_ANSWER,2481,1513700181,vn-chan,CONTESTANT,PRETESTS,0,15,2150400
902,A,33424757,GNU C++11,WRONG_ANSWER,2761,1513700461,vn-chan,CONTESTANT,PRETESTS,4,15,2048000
902,A,33428867,GNU C++11,WRONG_ANSWER,4226,1513701926,vn-chan,CONTESTANT,PRETESTS,2,15,2048000
902,A,33418013,FPC,OK,1119,1513698819,vodchitss,CONTESTANT,TESTS,55,15,1638400
902,A,33413189,GNU C++11,WRONG_ANSWER,346,1513698046,voi_d,CONTESTANT,PRETESTS,0,0,2048000
902,A,33413769,GNU C++11,OK,450,1513698150,voi_d,CONTESTANT,TESTS,55,15,2048000
902,B,33421180,GNU C++11,OK,1788,1513699488,voi_d,CONTESTANT,TESTS,50,30,2560000
902,C,33428170,GNU C++11,OK,3944,1513701644,voi_d,CONTESTANT,TESTS,45,108,2457600
902,A,33417577,C++14 (GCC 6-32),OK,1034,1513698745,voidsolve,CONTESTANT,TESTS,55,15,2048000
902,B,33427074,C++14 (GCC 6-32),OK,3525,1513701235,voidsolve,CONTESTANT,TESTS,50,31,2560000
902,B,33425101,GNU C++11,OK,2863,1513700563,vox_z,CONTESTANT,TESTS,50,46,2457600
902,A,33428315,GNU C++11,OK,3997,1513701697,vox_z,CONTESTANT,TESTS,55,15,2252800
902,A,33419577,GNU C++,OK,1427,1513699127,vsriram1012,CONTESTANT,TESTS,55,15,2048000
902,B,33422882,GNU C++,OK,2229,1513699929,vsriram1012,CONTESTANT,TESTS,50,61,2560000
902,C,33429057,GNU C++,OK,4299,1513701999,vsriram1012,CONTESTANT,TESTS,45,342,5632000
902,A,33415533,GNU C,WRONG_ANSWER,716,1513698426,vta,CONTESTANT,PRETESTS,4,15,1843200
902,A,33419780,GNU C,WRONG_ANSWER,1452,1513699163,vta,CONTESTANT,TESTS,16,15,1843200
902,B,33428972,GNU C++,RUNTIME_ERROR,4257,1513701967,vta,CONTESTANT,PRETESTS,5,15,2252800
902,B,33429476,GNU C++,OK,4464,1513702175,vta,CONTESTANT,TESTS,50,218,2662400
902,A,33421130,C++14 (GCC 6-32),WRONG_ANSWER,1777,1513699477,vuquelam29,CONTESTANT,PRETESTS,4,0,1945600
902,A,33421964,C++14 (GCC 6-32),WRONG_ANSWER,1984,1513699684,vuquelam29,CONTESTANT,PRETESTS,4,15,1945600
902,A,33425185,C++14 (GCC 6-32),WRONG_ANSWER,2887,1513700587,vuquelam29,CONTESTANT,PRETESTS,4,0,1945600
902,A,33428564,C++14 (GCC 6-32),WRONG_ANSWER,4101,1513701801,vuquelam29,CONTESTANT,PRETESTS,4,15,1945600
902,A,33430456,C++14 (GCC 6-32),OK,4884,1513702584,vuquelam29,CONTESTANT,TESTS,55,30,1945600
902,B,33434332,C++14 (GCC 6-32),OK,6727,1513704427,vuquelam29,CONTESTANT,TESTS,50,30,2560000
902,A,33416670,GNU C,COMPILATION_ERROR,893,1513698593,vvg,CONTESTANT,PRETESTS,0,0,0
902,A,33416839,C++14 (GCC 6-32),WRONG_ANSWER,921,1513698621,vvg,CONTESTANT,PRETESTS,4,15,1945600
902,A,33417939,C++14 (GCC 6-32),WRONG_ANSWER,1106,1513698806,vvg,CONTESTANT,PRETESTS,4,15,1843200
902,A,33419340,GNU C,COMPILATION_ERROR,1373,1513699073,vvg,CONTESTANT,PRETESTS,0,0,0
902,A,33419452,C++14 (GCC 6-32),COMPILATION_ERROR,1398,1513699098,vvg,CONTESTANT,PRETESTS,0,0,0
902,A,33419590,C++14 (GCC 6-32),WRONG_ANSWER,1430,1513699130,vvg,CONTESTANT,PRETESTS,4,15,1945600
902,A,33420587,C++14 (GCC 6-32),WRONG_ANSWER,1645,1513699345,vvg,CONTESTANT,PRETESTS,2,0,1843200
902,A,33421289,C++14 (GCC 6-32),WRONG_ANSWER,1815,1513699515,vvg,CONTESTANT,PRETESTS,2,15,1945600
902,A,33427073,C++14 (GCC 6-32),WRONG_ANSWER,3535,1513701235,vvg,CONTESTANT,PRETESTS,4,0,1843200
902,C,33435660,C++14 (GCC 6-32),WRONG_ANSWER,7194,1513704895,vvg,CONTESTANT,PRETESTS,1,15,2662400
902,A,33416496,C++14 (GCC 6-32),WRONG_ANSWER,868,1513698568,vyomkesh,CONTESTANT,PRETESTS,4,15,1843200
902,A,33420198,C++14 (GCC 6-32),WRONG_ANSWER,1558,1513699258,vyomkesh,CONTESTANT,PRETESTS,4,0,1843200
902,A,33412751,C++14 (GCC 6-32),OK,228,1513697928,w4ynebbcola,CONTESTANT,TESTS,55,15,1945600
902,B,33417874,C++14 (GCC 6-32),OK,1097,1513698797,w4ynebbcola,CONTESTANT,TESTS,50,15,2355200
902,C,33424829,C++14 (GCC 6-32),WRONG_ANSWER,2780,1513700480,w4ynebbcola,CONTESTANT,PRETESTS,4,15,3072000
902,C,33426404,C++14 (GCC 6-32),WRONG_ANSWER,3291,1513700991,w4ynebbcola,CONTESTANT,PRETESTS,4,0,3072000
902,C,33427096,C++14 (GCC 6-32),OK,3543,1513701243,w4ynebbcola,CONTESTANT,TESTS,45,108,3072000
902,D,33433163,C++14 (GCC 6-32),WRONG_ANSWER,6190,1513703890,w4ynebbcola,CONTESTANT,PRETESTS,2,15,1843200
902,D,33433490,C++14 (GCC 6-32),WRONG_ANSWER,6329,1513704029,w4ynebbcola,CONTESTANT,PRETESTS,4,15,1843200
902,D,33433912,C++14 (GCC 6-32),WRONG_ANSWER,6527,1513704227,w4ynebbcola,CONTESTANT,PRETESTS,6,15,1843200
902,D,33434813,C++14 (GCC 6-32),WRONG_ANSWER,6938,1513704638,w4ynebbcola,CONTESTANT,PRETESTS,5,15,1843200
902,D,33435002,C++14 (GCC 6-32),WRONG_ANSWER,7004,1513704704,w4ynebbcola,CONTESTANT,PRETESTS,5,15,1843200
902,D,33435463,C++14 (GCC 6-32),WRONG_ANSWER,7155,1513704855,w4ynebbcola,CONTESTANT,PRETESTS,6,0,1843200
902,A,33415205,GNU C++11,OK,678,1513698378,wakax365,CONTESTANT,TESTS,55,31,2252800
902,B,33426886,GNU C++11,OK,3465,1513701165,wakax365,CONTESTANT,TESTS,50,31,2150400
902,D,33431923,GNU C++11,WRONG_ANSWER,5578,1513703278,wakax365,CONTESTANT,PRETESTS,3,0,2048000
902,A,33413085,C++14 (GCC 6-32),WRONG_ANSWER,327,1513698027,walht,CONTESTANT,PRETESTS,3,15,1945600
902,A,33413785,C++14 (GCC 6-32),OK,452,1513698152,walht,CONTESTANT,TESTS,55,15,1945600
902,B,33416877,C++14 (GCC 6-32),OK,926,1513698626,walht,CONTESTANT,TESTS,50,31,2457600
902,C,33422686,C++14 (GCC 6-32),WRONG_ANSWER,2178,1513699878,walht,CONTESTANT,PRETESTS,1,15,2662400
902,C,33423959,C++14 (GCC 6-32),OK,2535,1513700235,walht,CONTESTANT,TESTS,45,93,2662400
902,D,33430464,C++14 (GCC 6-32),OK,4887,1513702587,walht,CONTESTANT,TESTS,150,31,1945600
902,A,33420755,C++14 (GCC 6-32),WRONG_ANSWER,1687,1513699387,wallcrawler,CONTESTANT,PRETESTS,3,0,1843200
902,A,33424697,C++14 (GCC 6-32),WRONG_ANSWER,2743,1513700443,wallcrawler,CONTESTANT,PRETESTS,3,15,1945600
902,A,33422713,GNU C++11,WRONG_ANSWER,2185,1513699885,walterobrian,CONTESTANT,PRETESTS,2,15,2048000
902,A,33424784,GNU C++11,WRONG_ANSWER,2767,1513700467,walterobrian,CONTESTANT,PRETESTS,2,15,2048000
902,A,33426593,GNU C++11,WRONG_ANSWER,3358,1513701058,walterobrian,CONTESTANT,PRETESTS,2,0,2048000
902,A,33434417,GNU C++11,WRONG_ANSWER,6762,1513704462,walterobrian,CONTESTANT,TESTS,47,15,2048000
902,A,33413634,C++14 (GCC 6-32),WRONG_ANSWER,426,1513698126,wan_dip,CONTESTANT,PRETESTS,4,15,1843200
902,A,33417528,C++14 (GCC 6-32),OK,1037,1513698737,wan_dip,CONTESTANT,TESTS,55,15,1945600
902,B,33426330,C++14 (GCC 6-32),OK,3264,1513700964,wan_dip,CONTESTANT,TESTS,50,46,2764800
902,A,33425269,C++14 (GCC 6-32),WRONG_ANSWER,2915,1513700615,wangfujian,CONTESTANT,PRETESTS,3,15,1843200
902,A,33428640,C++14 (GCC 6-32),WRONG_ANSWER,4136,1513701836,wangfujian,CONTESTANT,PRETESTS,4,15,1843200
902,A,33431962,C++14 (GCC 6-32),OK,5595,1513703295,wangfujian,CONTESTANT,TESTS,55,15,1945600
902,A,33414755,C++14 (GCC 6-32),OK,605,1513698305,wangrq,CONTESTANT,TESTS,55,15,2048000
902,B,33419450,C++14 (GCC 6-32),OK,1398,1513699098,wangrq,CONTESTANT,TESTS,50,46,2764800
902,C,33422930,C++14 (GCC 6-32),WRONG_ANSWER,2244,1513699944,wangrq,CONTESTANT,PRETESTS,4,0,2355200
902,C,33425872,C++14 (GCC 6-32),OK,3111,1513700811,wangrq,CONTESTANT,TESTS,45,140,5324800
902,A,33415721,Python 3,WRONG_ANSWER,751,1513698451,warc,CONTESTANT,TESTS,11,61,5529600
902,B,33423991,C++14 (GCC 6-32),COMPILATION_ERROR,2543,1513700243,warc,CONTESTANT,PRETESTS,0,0,0
902,B,33424069,Python 3,RUNTIME_ERROR,2562,1513700262,warc,CONTESTANT,PRETESTS,0,31,5632000
902,B,33425930,Python 3,COMPILATION_ERROR,3129,1513700829,warc,CONTESTANT,PRETESTS,0,0,0
902,B,33425997,GNU C++17 Diagnostics,TIME_LIMIT_EXCEEDED,3149,1513700849,warc,CONTESTANT,PRETESTS,5,1000,101990400
902,B,33426377,GNU C++17 Diagnostics,TIME_LIMIT_EXCEEDED,3280,1513700980,warc,CONTESTANT,PRETESTS,5,1000,102707200
902,B,33426702,GNU C++17 Diagnostics,TIME_LIMIT_EXCEEDED,3402,1513701102,warc,CONTESTANT,PRETESTS,5,1000,102707200
902,B,33427387,GNU C++17 Diagnostics,TIME_LIMIT_EXCEEDED,3653,1513701353,warc,CONTESTANT,PRETESTS,5,1000,101888000
902,B,33427615,GNU C++17 Diagnostics,TIME_LIMIT_EXCEEDED,3736,1513701436,warc,CONTESTANT,PRETESTS,5,1000,101888000
902,B,33427869,Python 3,RUNTIME_ERROR,3827,1513701527,warc,CONTESTANT,PRETESTS,0,46,5529600
902,B,33428805,Python 3,COMPILATION_ERROR,4202,1513701902,warc,CONTESTANT,PRETESTS,0,0,0
902,B,33428830,GNU C++17 Diagnostics,TIME_LIMIT_EXCEEDED,4214,1513701914,warc,CONTESTANT,PRETESTS,5,1000,102297600
902,C,33434592,Python 3,COMPILATION_ERROR,6841,1513704541,warc,CONTESTANT,PRETESTS,0,0,0
902,C,33434638,GNU C++17 Diagnostics,WRONG_ANSWER,6860,1513704560,warc,CONTESTANT,PRETESTS,1,904,101990400
902,C,33434731,GNU C++17 Diagnostics,TIME_LIMIT_EXCEEDED,6900,1513704600,warc,CONTESTANT,PRETESTS,12,2000,103116800
902,C,33434795,C++14 (GCC 6-32),OK,6931,1513704631,warc,CONTESTANT,TESTS,45,140,3891200
902,B,33434839,C++14 (GCC 6-32),OK,6946,1513704646,warc,CONTESTANT,TESTS,50,31,3174400
902,A,33416404,C++14 (GCC 6-32),WRONG_ANSWER,850,1513698550,watsonlee,CONTESTANT,PRETESTS,2,0,2048000
902,A,33419728,C++14 (GCC 6-32),OK,1453,1513699153,watsonlee,CONTESTANT,TESTS,55,15,2048000
902,B,33434641,C++14 (GCC 6-32),TIME_LIMIT_EXCEEDED,6861,1513704561,watsonlee,CONTESTANT,PRETESTS,5,1000,7475200
902,A,33422508,C++14 (GCC 6-32),WRONG_ANSWER,2127,1513699827,wcl95716,CONTESTANT,PRETESTS,3,15,3072000
902,A,33422786,C++14 (GCC 6-32),WRONG_ANSWER,2207,1513699907,wcl95716,CONTESTANT,PRETESTS,3,15,3072000
902,A,33422995,C++14 (GCC 6-32),WRONG_ANSWER,2258,1513699958,wcl95716,CONTESTANT,PRETESTS,3,15,3072000
902,A,33423757,C++14 (GCC 6-32),OK,2480,1513700180,wcl95716,CONTESTANT,TESTS,55,15,3072000
902,B,33428066,C++14 (GCC 6-32),OK,3900,1513701600,wcl95716,CONTESTANT,TESTS,50,31,3788800
902,A,33416887,C++14 (GCC 6-32),TIME_LIMIT_EXCEEDED,928,1513698628,wclk,CONTESTANT,PRETESTS,2,1000,1843200
902,A,33423428,C++14 (GCC 6-32),TIME_LIMIT_EXCEEDED,2384,1513700085,wclk,CONTESTANT,PRETESTS,2,1000,1843200
902,A,33431697,C++14 (GCC 6-32),COMPILATION_ERROR,5457,1513703157,wclk,CONTESTANT,PRETESTS,0,0,0
902,A,33432067,C++14 (GCC 6-32),OK,5643,1513703343,wclk,CONTESTANT,TESTS,55,31,1945600
902,A,33419332,Java 8,COMPILATION_ERROR,1372,1513699072,wduong,CONTESTANT,PRETESTS,0,0,0
902,A,33419603,Java 8,COMPILATION_ERROR,1432,1513699132,wduong,CONTESTANT,PRETESTS,0,0,0
902,A,33426435,Java 8,TIME_LIMIT_EXCEEDED,3300,1513701000,wduong,CONTESTANT,PRETESTS,7,1000,20992000
902,A,33414152,GNU C,COMPILATION_ERROR,501,1513698211,we7d,CONTESTANT,PRETESTS,0,0,0
902,A,33414354,C++14 (GCC 6-32),WRONG_ANSWER,532,1513698242,we7d,CONTESTANT,PRETESTS,4,0,1945600
902,A,33415663,C++14 (GCC 6-32),OK,731,1513698442,we7d,CONTESTANT,TESTS,55,15,1945600
902,B,33420226,C++14 (GCC 6-32),OK,1553,1513699263,we7d,CONTESTANT,TESTS,50,30,2662400
902,C,33428349,C++14 (GCC 6-32),OK,3999,1513701709,we7d,CONTESTANT,TESTS,45,93,5017600
902,A,33416600,GNU C++,WRONG_ANSWER,883,1513698583,weedjy,CONTESTANT,PRETESTS,2,15,2048000
902,A,33417668,GNU C++,WRONG_ANSWER,1062,1513698762,weedjy,CONTESTANT,PRETESTS,2,15,2048000
902,A,33419799,GNU C++,WRONG_ANSWER,1468,1513699168,weedjy,CONTESTANT,PRETESTS,2,15,2048000
902,A,33421803,GNU C++,OK,1940,1513699640,weedjy,CONTESTANT,TESTS,55,15,2048000
902,A,33420912,GNU C,OK,1721,1513699421,weekee,CONTESTANT,TESTS,55,15,1843200
902,B,33428746,GNU C,OK,4181,1513701881,weekee,CONTESTANT,TESTS,50,30,1945600
902,C,33435382,GNU C,WRONG_ANSWER,7129,1513704829,weekee,CONTESTANT,PRETESTS,1,15,1843200
902,C,33435640,GNU C,WRONG_ANSWER,7191,1513704891,weekee,CONTESTANT,PRETESTS,1,15,1843200
902,A,33414764,Python 3,WRONG_ANSWER,606,1513698306,weezy_sqvizi,CONTESTANT,PRETESTS,2,62,5529600
902,A,33417544,C++14 (GCC 6-32),WRONG_ANSWER,1040,1513698740,wewakeprasad,CONTESTANT,PRETESTS,2,15,1843200
902,A,33412694,C++14 (GCC 6-32),OK,200,1513697900,wewark,CONTESTANT,TESTS,55,15,1945600
902,B,33416635,C++14 (GCC 6-32),OK,888,1513698588,wewark,CONTESTANT,TESTS,50,15,2662400
902,C,33422046,C++14 (GCC 6-32),WRONG_ANSWER,2003,1513699703,wewark,CONTESTANT,PRETESTS,4,15,1843200
902,C,33422658,C++14 (GCC 6-32),WRONG_ANSWER,2170,1513699870,wewark,CONTESTANT,PRETESTS,4,15,1945600
902,C,33425001,C++14 (GCC 6-32),WRONG_ANSWER,2830,1513700530,wewark,CONTESTANT,PRETESTS,4,15,1843200
902,C,33428457,C++14 (GCC 6-32),WRONG_ANSWER,4055,1513701755,wewark,CONTESTANT,PRETESTS,4,15,1843200
902,C,33428950,C++14 (GCC 6-32),OK,4258,1513701958,wewark,CONTESTANT,TESTS,45,93,2662400
902,A,33413249,GNU C++11,OK,358,1513698058,whcyz,CONTESTANT,TESTS,55,30,2048000
902,B,33417928,GNU C++11,OK,1105,1513698805,whcyz,CONTESTANT,TESTS,50,15,4608000
902,C,33425175,GNU C++11,COMPILATION_ERROR,2884,1513700584,whcyz,CONTESTANT,PRETESTS,0,0,0
902,C,33425467,GNU C++11,OK,2981,1513700681,whcyz,CONTESTANT,TESTS,45,93,2867200
902,D,33431541,GNU C++11,WRONG_ANSWER,5381,1513703081,whcyz,CONTESTANT,PRETESTS,2,15,2048000
902,A,33412671,GNU C++,OK,179,1513697879,whitewind664,CONTESTANT,TESTS,55,15,2048000
902,B,33415835,GNU C++,OK,769,1513698469,whitewind664,CONTESTANT,TESTS,50,31,2457600
902,C,33419565,GNU C++,WRONG_ANSWER,1425,1513699125,whitewind664,CONTESTANT,PRETESTS,1,0,2048000
902,C,33420096,GNU C++,OK,1534,1513699234,whitewind664,CONTESTANT,TESTS,45,265,2457600
902,A,33416763,C++14 (GCC 6-32),OK,910,1513698610,whybee,CONTESTANT,TESTS,55,15,1945600
902,B,33429385,C++14 (GCC 6-32),WRONG_ANSWER,4432,1513702132,whybee,CONTESTANT,PRETESTS,9,15,2662400
902,B,33433253,C++14 (GCC 6-32),WRONG_ANSWER,6230,1513703930,whybee,CONTESTANT,PRETESTS,9,15,2867200
902,A,33421166,Python 3,WRONG_ANSWER,1775,1513699485,whyme99,CONTESTANT,PRETESTS,2,46,5529600
902,A,33422028,Python 3,WRONG_ANSWER,1990,1513699700,whyme99,CONTESTANT,PRETESTS,2,46,5529600
902,A,33423747,Python 3,WRONG_ANSWER,2463,1513700174,whyme99,CONTESTANT,PRETESTS,2,46,5529600
902,A,33424925,Python 3,WRONG_ANSWER,2796,1513700507,whyme99,CONTESTANT,PRETESTS,2,46,5529600
902,A,33428961,Python 3,WRONG_ANSWER,4253,1513701963,whyme99,CONTESTANT,PRETESTS,2,46,5529600
902,A,33430644,Python 3,WRONG_ANSWER,4960,1513702671,whyme99,CONTESTANT,PRETESTS,0,46,5529600
902,A,33430748,Python 3,WRONG_ANSWER,5004,1513702714,whyme99,CONTESTANT,PRETESTS,5,62,5529600
902,A,33417416,GNU C++,WRONG_ANSWER,1016,1513698716,wildturtle,CONTESTANT,PRETESTS,2,0,2867200
902,A,33422199,GNU C++,OK,2037,1513699737,wildturtle,CONTESTANT,TESTS,55,15,2867200
902,A,33413761,C++14 (GCC 6-32),OK,438,1513698149,willdeath,CONTESTANT,TESTS,55,15,1945600
902,B,33419367,C++14 (GCC 6-32),COMPILATION_ERROR,1376,1513699076,willdeath,CONTESTANT,PRETESTS,0,0,0
902,B,33419540,C++14 (GCC 6-32),OK,1408,1513699118,willdeath,CONTESTANT,TESTS,50,15,2560000
902,C,33425346,C++14 (GCC 6-32),WRONG_ANSWER,2933,1513700644,willdeath,CONTESTANT,PRETESTS,1,15,2252800
902,C,33427187,C++14 (GCC 6-32),WRONG_ANSWER,3570,1513701281,willdeath,CONTESTANT,PRETESTS,3,15,2252800
902,A,33412829,C++14 (GCC 6-32),OK,251,1513697962,win11905,CONTESTANT,TESTS,55,31,1945600
902,B,33416038,C++14 (GCC 6-32),OK,787,1513698497,win11905,CONTESTANT,TESTS,50,31,2560000
902,C,33422772,C++14 (GCC 6-32),OK,2193,1513699904,win11905,CONTESTANT,TESTS,45,93,4096000
902,A,33418500,C++14 (GCC 6-32),WRONG_ANSWER,1192,1513698903,wingardium_leviosaa,CONTESTANT,PRETESTS,2,15,1843200
902,A,33424058,C++14 (GCC 6-32),WRONG_ANSWER,2550,1513700260,wingardium_leviosaa,CONTESTANT,PRETESTS,2,0,1843200
902,A,33424667,C++14 (GCC 6-32),WRONG_ANSWER,2724,1513700435,wingardium_leviosaa,CONTESTANT,PRETESTS,3,0,1945600
902,A,33430659,C++14 (GCC 6-32),WRONG_ANSWER,4966,1513702677,wingardium_leviosaa,CONTESTANT,TESTS,41,15,1945600
902,A,33412797,GNU C++11,WRONG_ANSWER,250,1513697950,winnfield,CONTESTANT,PRETESTS,4,0,2048000
902,A,33413945,GNU C++11,OK,479,1513698179,winnfield,CONTESTANT,TESTS,55,15,2048000
902,B,33417834,GNU C++11,OK,1090,1513698790,winnfield,CONTESTANT,TESTS,50,46,2457600
902,C,33423292,GNU C++11,OK,2349,1513700049,winnfield,CONTESTANT,TESTS,45,218,2457600
902,D,33433872,GNU C++11,WRONG_ANSWER,6509,1513704209,winnfield,CONTESTANT,PRETESTS,0,0,2048000
902,D,33434104,GNU C++11,WRONG_ANSWER,6627,1513704327,winnfield,CONTESTANT,PRETESTS,1,15,2048000
902,D,33434324,GNU C++11,WRONG_ANSWER,6723,1513704423,winnfield,CONTESTANT,PRETESTS,2,15,2048000
902,D,33434520,GNU C++11,WRONG_ANSWER,6814,1513704514,winnfield,CONTESTANT,PRETESTS,5,0,2048000
902,D,33434725,GNU C++11,WRONG_ANSWER,6897,1513704597,winnfield,CONTESTANT,PRETESTS,2,15,2048000
902,A,33415799,GNU C++11,OK,765,1513698465,winter2121,CONTESTANT,TESTS,55,30,2048000
902,B,33419597,GNU C++11,SKIPPED,1431,1513699131,winter2121,CONTESTANT,PRETESTS,10,15,2355200
902,C,33426191,GNU C++11,WRONG_ANSWER,3219,1513700919,winter2121,CONTESTANT,PRETESTS,1,0,2867200
902,C,33427690,GNU C++11,WRONG_ANSWER,3762,1513701462,winter2121,CONTESTANT,PRETESTS,1,15,2867200
902,C,33430182,GNU C++11,WRONG_ANSWER,4775,1513702475,winter2121,CONTESTANT,PRETESTS,1,0,2867200
902,C,33430876,GNU C++11,WRONG_ANSWER,5064,1513702764,winter2121,CONTESTANT,PRETESTS,1,15,2867200
902,C,33431362,GNU C++11,OK,5292,1513702992,winter2121,CONTESTANT,TESTS,45,93,2867200
902,B,33432370,GNU C++11,OK,5795,1513703495,winter2121,CONTESTANT,TESTS,50,31,6451200
902,A,33416245,C++14 (GCC 6-32),OK,828,1513698528,winter545,CONTESTANT,TESTS,55,15,1945600
902,B,33426619,C++14 (GCC 6-32),OK,3372,1513701072,winter545,CONTESTANT,TESTS,50,249,2457600
902,C,33432981,C++14 (GCC 6-32),WRONG_ANSWER,6099,1513703799,winter545,CONTESTANT,PRETESTS,3,0,2252800
902,A,33426319,C++14 (GCC 6-32),WRONG_ANSWER,3259,1513700959,winterboy39,CONTESTANT,PRETESTS,2,15,1945600
902,A,33426457,C++14 (GCC 6-32),WRONG_ANSWER,3307,1513701007,winterboy39,CONTESTANT,PRETESTS,2,15,1843200
902,A,33428245,C++14 (GCC 6-32),WRONG_ANSWER,3972,1513701672,winterboy39,CONTESTANT,PRETESTS,2,15,1843200
902,A,33432444,C++14 (GCC 6-32),WRONG_ANSWER,5841,1513703541,winterboy39,CONTESTANT,PRETESTS,2,15,1843200
902,A,33434803,C++14 (GCC 6-32),WRONG_ANSWER,6934,1513704634,winterboy39,CONTESTANT,PRETESTS,2,15,1945600
902,A,33413296,Java 8,WRONG_ANSWER,356,1513698067,wizardleen,CONTESTANT,PRETESTS,4,156,21094400
902,A,33415220,Java 8,OK,669,1513698379,wizardleen,CONTESTANT,TESTS,55,155,21094400
902,B,33419979,Java 8,OK,1497,1513699208,wizardleen,CONTESTANT,TESTS,50,233,21299200
902,C,33427454,Java 8,WRONG_ANSWER,3666,1513701376,wizardleen,CONTESTANT,PRETESTS,1,124,21094400
902,C,33427621,Java 8,OK,3727,1513701437,wizardleen,CONTESTANT,TESTS,45,296,27340800
902,D,33432580,Java 8,WRONG_ANSWER,5901,1513703612,wizardleen,CONTESTANT,PRETESTS,0,124,21094400
902,D,33432876,Java 8,WRONG_ANSWER,6043,1513703753,wizardleen,CONTESTANT,PRETESTS,4,140,21094400
902,A,33418627,GNU C++,OK,1227,1513698927,wjg,CONTESTANT,TESTS,55,30,1843200
902,A,33413631,GNU C++11,OK,425,1513698126,wnmMrrd,CONTESTANT,TESTS,55,15,2048000
902,B,33416641,GNU C++11,OK,889,1513698589,wnmMrrd,CONTESTANT,TESTS,50,15,2355200
902,C,33421666,GNU C++11,OK,1906,1513699606,wnmMrrd,CONTESTANT,TESTS,45,109,2457600
902,A,33417130,GNU C++11,WRONG_ANSWER,969,1513698669,wnsgml92,CONTESTANT,PRETESTS,2,15,2048000
902,A,33418441,GNU C++,WRONG_ANSWER,1192,1513698892,wolf_eye,CONTESTANT,PRETESTS,2,15,2048000
902,A,33419431,GNU C++,WRONG_ANSWER,1394,1513699094,wolf_eye,CONTESTANT,PRETESTS,2,0,2048000
902,A,33421102,GNU C++,WRONG_ANSWER,1770,1513699470,wolf_eye,CONTESTANT,PRETESTS,2,15,2048000
902,A,33427219,GNU C++,WRONG_ANSWER,3591,1513701291,wolf_eye,CONTESTANT,PRETESTS,2,15,2048000
902,A,33417697,Java 8,OK,1055,1513698766,wolfib,CONTESTANT,TESTS,55,124,20684800
902,B,33422122,Java 8,OK,2009,1513699720,wolfib,CONTESTANT,TESTS,50,140,20684800
902,C,33427556,Java 8,WRONG_ANSWER,3703,1513701414,wolfib,CONTESTANT,PRETESTS,3,108,20684800
902,C,33428929,Java 8,OK,4238,1513701948,wolfib,CONTESTANT,TESTS,45,217,20787200
902,A,33427784,C++14 (GCC 6-32),WRONG_ANSWER,3800,1513701500,wolfris,CONTESTANT,PRETESTS,4,15,1945600
902,A,33428237,C++14 (GCC 6-32),OK,3969,1513701669,wolfris,CONTESTANT,TESTS,55,15,1945600
902,B,33429396,C++14 (GCC 6-32),OK,4438,1513702138,wolfris,CONTESTANT,TESTS,50,46,2560000
902,C,33431482,C++14 (GCC 6-32),OK,5353,1513703053,wolfris,CONTESTANT,TESTS,45,155,2252800
902,A,33414877,Java 8,OK,616,1513698327,wphsucf,CONTESTANT,TESTS,55,156,21094400
902,B,33422620,Java 8,OK,2149,1513699859,wphsucf,CONTESTANT,TESTS,50,140,20787200
902,C,33427254,Java 8,OK,3594,1513701304,wphsucf,CONTESTANT,TESTS,45,202,27238400
902,D,33431209,Java 8,OK,5210,1513702920,wphsucf,CONTESTANT,TESTS,150,171,20992000
902,A,33418270,GNU C++,WRONG_ANSWER,1163,1513698863,wreck_count,CONTESTANT,PRETESTS,5,15,2048000
902,A,33424067,GNU C++,WRONG_ANSWER,2561,1513700261,wreck_count,CONTESTANT,PRETESTS,5,15,2048000
902,B,33430201,GNU C++11,RUNTIME_ERROR,4779,1513702479,wreck_count,CONTESTANT,PRETESTS,0,15,2048000
902,B,33431531,GNU C++11,RUNTIME_ERROR,5378,1513703078,wreck_count,CONTESTANT,PRETESTS,2,0,2048000
902,A,33418670,Scala,OK,1225,1513698936,wrick,CONTESTANT,TESTS,55,701,40857600
902,B,33422396,Scala,OK,2088,1513699799,wrick,CONTESTANT,TESTS,50,841,45363200
902,C,33431079,Scala,WRONG_ANSWER,5144,1513702855,wrick,CONTESTANT,PRETESTS,1,499,39731200
902,A,33413135,GNU C++11,CHALLENGED,338,1513698038,wrongAc,CONTESTANT,CHALLENGES,8,15,2048000
902,B,33417339,GNU C++11,OK,1004,1513698704,wrongAc,CONTESTANT,TESTS,50,15,2560000
902,A,33418303,GNU C++11,OK,1167,1513698867,wrongAc,CONTESTANT,TESTS,55,15,2048000
902,C,33431926,GNU C++11,WRONG_ANSWER,5580,1513703280,wrongAc,CONTESTANT,PRETESTS,1,0,7680000
902,C,33432954,GNU C++11,WRONG_ANSWER,6088,1513703788,wrongAc,CONTESTANT,PRETESTS,3,15,7680000
902,A,33413273,GNU C++11,SKIPPED,363,1513698063,wtf_why_its_always_3rd,CONTESTANT,PRETESTS,8,15,4505600
902,A,33413623,GNU C++11,OK,424,1513698124,wtf_why_its_always_3rd,CONTESTANT,TESTS,55,15,4505600
902,B,33416601,GNU C++11,OK,883,1513698583,wtf_why_its_always_3rd,CONTESTANT,TESTS,50,31,8396800
902,C,33426960,GNU C++11,OK,3490,1513701190,wtf_why_its_always_3rd,CONTESTANT,TESTS,45,296,18124800
902,A,33416184,C++14 (GCC 6-32),WRONG_ANSWER,820,1513698520,wunder9l,CONTESTANT,PRETESTS,3,0,1945600
902,A,33417685,C++14 (GCC 6-32),OK,1064,1513698764,wunder9l,CONTESTANT,TESTS,55,15,1945600
902,C,33427434,C++14 (GCC 6-32),WRONG_ANSWER,3669,1513701369,wunder9l,CONTESTANT,PRETESTS,4,15,1843200
902,C,33428614,C++14 (GCC 6-32),OK,4122,1513701822,wunder9l,CONTESTANT,TESTS,45,109,10649600
902,B,33430731,C++14 (GCC 6-32),WRONG_ANSWER,5006,1513702706,wunder9l,CONTESTANT,PRETESTS,9,15,2355200
902,B,33431982,C++14 (GCC 6-32),OK,5608,1513703308,wunder9l,CONTESTANT,TESTS,50,46,2355200
902,A,33421072,GNU C++,COMPILATION_ERROR,1752,1513699463,wutengaaa,CONTESTANT,PRETESTS,0,0,0
902,A,33421249,GNU C++,COMPILATION_ERROR,1793,1513699504,wutengaaa,CONTESTANT,PRETESTS,0,0,0
902,A,33421508,GNU C++,WRONG_ANSWER,1860,1513699570,wutengaaa,CONTESTANT,PRETESTS,3,15,2048000
902,A,33423513,GNU C++,WRONG_ANSWER,2398,1513700109,wutengaaa,CONTESTANT,PRETESTS,4,15,2048000
902,A,33424943,GNU C++,WRONG_ANSWER,2801,1513700512,wutengaaa,CONTESTANT,PRETESTS,3,15,2048000
902,A,33426769,GNU C++,WRONG_ANSWER,3410,1513701121,wutengaaa,CONTESTANT,PRETESTS,3,15,2048000
902,A,33427050,GNU C++,OK,3515,1513701226,wutengaaa,CONTESTANT,TESTS,55,15,2048000
902,B,33431392,GNU C++,OK,5298,1513703008,wutengaaa,CONTESTANT,TESTS,50,15,2560000
902,A,33420326,GNU C++17 Diagnostics,WRONG_ANSWER,1581,1513699281,wuzihaoorz,CONTESTANT,TESTS,47,935,103219200
902,B,33428634,GNU C++17 Diagnostics,RUNTIME_ERROR,4132,1513701832,wuzihaoorz,CONTESTANT,PRETESTS,5,951,103321600
902,B,33428793,GNU C++17 Diagnostics,TIME_LIMIT_EXCEEDED,4198,1513701898,wuzihaoorz,CONTESTANT,PRETESTS,5,1000,101888000
902,B,33432623,GNU C++17 Diagnostics,TIME_LIMIT_EXCEEDED,5930,1513703630,wuzihaoorz,CONTESTANT,TESTS,11,1000,102502400
902,A,33431489,Java 8,WRONG_ANSWER,5347,1513703058,x0tta6,CONTESTANT,PRETESTS,0,108,20582400
902,A,33431619,Java 8,WRONG_ANSWER,5407,1513703117,x0tta6,CONTESTANT,PRETESTS,4,109,20684800
902,A,33431963,Java 8,WRONG_ANSWER,5585,1513703295,x0tta6,CONTESTANT,PRETESTS,4,109,20684800
902,A,33433525,Java 8,OK,6334,1513704045,x0tta6,CONTESTANT,TESTS,55,124,20684800
902,A,33416518,C++14 (GCC 6-32),OK,870,1513698570,x21days,CONTESTANT,TESTS,55,15,1945600
902,B,33424469,C++14 (GCC 6-32),WRONG_ANSWER,2680,1513700380,x21days,CONTESTANT,PRETESTS,2,15,2048000
902,B,33425414,C++14 (GCC 6-32),WRONG_ANSWER,2966,1513700666,x21days,CONTESTANT,PRETESTS,4,15,2048000
902,B,33426142,C++14 (GCC 6-32),WRONG_ANSWER,3201,1513700901,x21days,CONTESTANT,PRETESTS,9,15,2355200
902,B,33428051,C++14 (GCC 6-32),WRONG_ANSWER,3892,1513701592,x21days,CONTESTANT,PRETESTS,9,15,2355200
902,B,33429951,C++14 (GCC 6-32),OK,4674,1513702374,x21days,CONTESTANT,TESTS,50,15,2457600
902,A,33418822,C++14 (GCC 6-32),OK,1255,1513698966,xQc,CONTESTANT,TESTS,55,15,1945600
902,B,33420638,C++14 (GCC 6-32),RUNTIME_ERROR,1647,1513699358,xQc,CONTESTANT,PRETESTS,5,0,2048000
902,B,33420977,C++14 (GCC 6-32),OK,1728,1513699439,xQc,CONTESTANT,TESTS,50,15,2457600
902,A,33418267,GNU C++11,OK,1162,1513698862,xX-Xx,CONTESTANT,TESTS,55,30,2048000
902,B,33422885,GNU C++11,OK,2230,1513699930,xX-Xx,CONTESTANT,TESTS,50,31,2764800
902,C,33428642,GNU C++11,OK,4137,1513701837,xX-Xx,CONTESTANT,TESTS,45,265,3072000
902,D,33435298,Python 2,WRONG_ANSWER,7103,1513704803,xX-Xx,CONTESTANT,PRETESTS,2,62,4608000
902,A,33417206,C++14 (GCC 6-32),WRONG_ANSWER,983,1513698683,xaep,CONTESTANT,PRETESTS,4,15,1945600
902,A,33418694,C++14 (GCC 6-32),WRONG_ANSWER,1241,1513698941,xaep,CONTESTANT,PRETESTS,1,0,1843200
902,A,33419739,C++14 (GCC 6-32),OK,1454,1513699154,xaep,CONTESTANT,TESTS,55,15,1945600
902,B,33424281,C++14 (GCC 6-32),RUNTIME_ERROR,2619,1513700319,xaep,CONTESTANT,PRETESTS,5,15,1945600
902,B,33425207,C++14 (GCC 6-32),RUNTIME_ERROR,2896,1513700596,xaep,CONTESTANT,PRETESTS,5,15,1945600
902,B,33427449,C++14 (GCC 6-32),RUNTIME_ERROR,3674,1513701374,xaep,CONTESTANT,PRETESTS,5,0,1945600
902,B,33428036,GNU C++11,OK,3887,1513701587,xaep,CONTESTANT,TESTS,50,62,19558400
902,C,33429421,GNU C++11,WRONG_ANSWER,4451,1513702151,xaep,CONTESTANT,PRETESTS,4,15,2048000
902,C,33431063,GNU C++11,OK,5149,1513702849,xaep,CONTESTANT,TESTS,45,327,2457600
902,A,33418592,GNU C++,OK,1221,1513698921,xish,CONTESTANT,TESTS,55,30,1843200
902,B,33426272,GNU C++,SKIPPED,3245,1513700945,xish,CONTESTANT,PRETESTS,10,15,2355200
902,B,33428809,GNU C++,WRONG_ANSWER,4203,1513701903,xish,CONTESTANT,TESTS,35,30,2867200
902,C,33432743,GNU C++,WRONG_ANSWER,5983,1513703683,xish,CONTESTANT,PRETESTS,1,15,3072000
902,C,33433943,GNU C++,WRONG_ANSWER,6545,1513704245,xish,CONTESTANT,PRETESTS,1,15,2252800
902,C,33434013,GNU C++,SKIPPED,6587,1513704287,xish,CONTESTANT,PRETESTS,13,15,2252800
902,D,33434631,GNU C++,WRONG_ANSWER,6857,1513704557,xish,CONTESTANT,PRETESTS,0,15,2252800
902,C,33434654,GNU C++,OK,6867,1513704567,xish,CONTESTANT,TESTS,45,108,5222400
902,A,33413709,GNU C++,WRONG_ANSWER,440,1513698140,xnmzdxws,CONTESTANT,PRETESTS,2,15,2048000
902,A,33415627,GNU C++,WRONG_ANSWER,737,1513698437,xnmzdxws,CONTESTANT,PRETESTS,2,15,2048000
902,A,33417223,GNU C++,WRONG_ANSWER,986,1513698686,xnmzdxws,CONTESTANT,PRETESTS,2,15,2048000
902,A,33417355,C++14 (GCC 6-32),WRONG_ANSWER,1007,1513698707,xsanchez,CONTESTANT,PRETESTS,0,0,1843200
902,A,33418871,C++14 (GCC 6-32),WRONG_ANSWER,1279,1513698979,xsanchez,CONTESTANT,PRETESTS,2,15,1945600
902,A,33421472,C++14 (GCC 6-32),WRONG_ANSWER,1859,1513699559,xsanchez,CONTESTANT,PRETESTS,2,15,1843200
902,A,33424793,C++14 (GCC 6-32),WRONG_ANSWER,2771,1513700471,xsanchez,CONTESTANT,PRETESTS,2,15,1945600
902,A,33425508,C++14 (GCC 6-32),WRONG_ANSWER,2994,1513700694,xsanchez,CONTESTANT,PRETESTS,2,15,1945600
902,A,33425956,C++14 (GCC 6-32),WRONG_ANSWER,3137,1513700837,xsanchez,CONTESTANT,PRETESTS,2,0,1843200
902,A,33426526,C++14 (GCC 6-32),WRONG_ANSWER,3333,1513701033,xsanchez,CONTESTANT,PRETESTS,2,15,1843200
902,A,33429137,C++14 (GCC 6-32),WRONG_ANSWER,4334,1513702034,xsanchez,CONTESTANT,PRETESTS,2,0,1843200
902,A,33429565,C++14 (GCC 6-32),WRONG_ANSWER,4514,1513702214,xsanchez,CONTESTANT,PRETESTS,2,15,1945600
902,A,33430901,C++14 (GCC 6-32),CHALLENGED,5072,1513702772,xsanchez,CONTESTANT,CHALLENGES,8,15,1945600
902,A,33432239,C++14 (GCC 6-32),WRONG_ANSWER,5733,1513703433,xsanchez,CONTESTANT,CHALLENGES,0,15,1945600
902,A,33432408,C++14 (GCC 6-32),WRONG_ANSWER,5819,1513703519,xsanchez,CONTESTANT,CHALLENGES,0,15,1945600
902,A,33434383,C++14 (GCC 6-32),WRONG_ANSWER,6750,1513704450,xsanchez,CONTESTANT,PRETESTS,1,0,1945600
902,A,33434590,C++14 (GCC 6-32),WRONG_ANSWER,6839,1513704539,xsanchez,CONTESTANT,CHALLENGES,0,15,1945600
902,A,33434766,C++14 (GCC 6-32),WRONG_ANSWER,6918,1513704618,xsanchez,CONTESTANT,PRETESTS,1,0,1843200
902,A,33435165,C++14 (GCC 6-32),COMPILATION_ERROR,7059,1513704759,xsanchez,CONTESTANT,PRETESTS,0,0,0
902,A,33435284,C++14 (GCC 6-32),COMPILATION_ERROR,7099,1513704799,xsanchez,CONTESTANT,PRETESTS,0,0,0
902,A,33435384,C++14 (GCC 6-32),WRONG_ANSWER,7130,1513704830,xsanchez,CONTESTANT,PRETESTS,1,0,1945600
902,A,33414993,GNU C++,CHALLENGED,645,1513698345,xskhirtladze,CONTESTANT,CHALLENGES,8,15,2048000
902,C,33427329,GNU C++,WRONG_ANSWER,3637,1513701337,xskhirtladze,CONTESTANT,PRETESTS,4,15,6041600
902,B,33428159,GNU C++,WRONG_ANSWER,3939,1513701639,xskhirtladze,CONTESTANT,PRETESTS,0,15,2048000
902,B,33428289,GNU C++,RUNTIME_ERROR,3987,1513701687,xskhirtladze,CONTESTANT,PRETESTS,5,15,2048000
902,B,33428389,GNU C++,OK,4027,1513701727,xskhirtladze,CONTESTANT,TESTS,50,30,2150400
902,C,33430460,GNU C++,WRONG_ANSWER,4885,1513702585,xskhirtladze,CONTESTANT,PRETESTS,4,15,3686400
902,A,33417219,GNU C++11,TIME_LIMIT_EXCEEDED,975,1513698685,xuantien,CONTESTANT,PRETESTS,2,1000,2048000
902,A,33421329,GNU C++11,OK,1814,1513699525,xuantien,CONTESTANT,TESTS,55,15,2048000
902,A,33414023,C++14 (GCC 6-32),OK,491,1513698191,xudian,CONTESTANT,TESTS,55,15,1945600
902,B,33421546,C++14 (GCC 6-32),OK,1879,1513699579,xudian,CONTESTANT,TESTS,50,31,2560000
902,C,33426573,C++14 (GCC 6-32),WRONG_ANSWER,3350,1513701050,xudian,CONTESTANT,PRETESTS,0,0,2252800
902,C,33426662,C++14 (GCC 6-32),WRONG_ANSWER,3385,1513701085,xudian,CONTESTANT,PRETESTS,4,15,2252800
902,C,33427560,C++14 (GCC 6-32),OK,3715,1513701415,xudian,CONTESTANT,TESTS,45,93,2252800
902,A,33418646,GNU C++,WRONG_ANSWER,1232,1513698932,xxx72,CONTESTANT,PRETESTS,0,0,1843200
902,A,33424061,GNU C++,CHALLENGED,2560,1513700260,xxx72,CONTESTANT,CHALLENGES,8,15,1843200
902,A,33432926,GNU C++,WRONG_ANSWER,6077,1513703777,xxx72,CONTESTANT,CHALLENGES,0,15,1843200
902,A,33433418,GNU C++,WRONG_ANSWER,6303,1513704003,xxx72,CONTESTANT,CHALLENGES,0,15,1843200
902,A,33433997,GNU C++,WRONG_ANSWER,6575,1513704275,xxx72,CONTESTANT,CHALLENGES,0,15,1843200
902,A,33434239,GNU C++,OK,6688,1513704388,xxx72,CONTESTANT,TESTS,55,15,1843200
902,A,33420695,Java 8,WRONG_ANSWER,1671,1513699371,xyoends,CONTESTANT,PRETESTS,5,109,20684800
902,A,33421250,Java 8,WRONG_ANSWER,1804,1513699504,xyoends,CONTESTANT,PRETESTS,5,124,20582400
902,A,33423382,Java 8,OK,2374,1513700074,xyoends,CONTESTANT,TESTS,55,124,20684800
902,B,33428053,Java 8,OK,3893,1513701593,xyoends,CONTESTANT,TESTS,50,732,20889600
902,A,33415713,GNU C++,WRONG_ANSWER,750,1513698450,xywsxp,CONTESTANT,PRETESTS,1,0,2048000
902,A,33422273,GNU C++,OK,2046,1513699757,xywsxp,CONTESTANT,TESTS,55,15,2048000
902,B,33426326,GNU C++,OK,3251,1513700961,xywsxp,CONTESTANT,TESTS,50,15,2457600
902,C,33431674,GNU C++,WRONG_ANSWER,5435,1513703146,xywsxp,CONTESTANT,PRETESTS,1,15,2867200
902,C,33432035,GNU C++,WRONG_ANSWER,5622,1513703332,xywsxp,CONTESTANT,PRETESTS,1,0,2867200
902,C,33432118,GNU C++,WRONG_ANSWER,5663,1513703373,xywsxp,CONTESTANT,PRETESTS,6,15,2867200
902,C,33432563,GNU C++,OK,5891,1513703601,xywsxp,CONTESTANT,TESTS,45,109,2867200
902,A,33416410,GNU C++,WRONG_ANSWER,851,1513698551,xyxt,CONTESTANT,PRETESTS,2,15,2048000
902,A,33417525,GNU C++,WRONG_ANSWER,1036,1513698736,xyxt,CONTESTANT,PRETESTS,2,15,2048000
902,A,33413411,GNU C,WRONG_ANSWER,387,1513698087,xzm2024,CONTESTANT,PRETESTS,2,15,1843200
902,A,33414094,GNU C,WRONG_ANSWER,503,1513698203,xzm2024,CONTESTANT,PRETESTS,3,15,1843200
902,A,33418241,GNU C,RUNTIME_ERROR,1157,1513698857,xzm2024,CONTESTANT,PRETESTS,0,0,1843200
902,A,33420120,GNU C,OK,1539,1513699239,xzm2024,CONTESTANT,TESTS,55,15,1843200
902,B,33424437,GNU C++,OK,2668,1513700368,xzm2024,CONTESTANT,TESTS,50,217,2457600
902,A,33416597,Java 8,OK,883,1513698583,yAsH.jBp,CONTESTANT,TESTS,55,139,20889600
902,B,33428034,Java 8,OK,3887,1513701587,yAsH.jBp,CONTESTANT,TESTS,50,140,21196800
902,A,33417673,C++14 (GCC 6-32),WRONG_ANSWER,1062,1513698762,ya98hiko,CONTESTANT,PRETESTS,2,15,2662400
902,A,33417924,C++14 (GCC 6-32),WRONG_ANSWER,1104,1513698804,ya98hiko,CONTESTANT,PRETESTS,2,15,2662400
902,A,33419769,C++14 (GCC 6-32),WRONG_ANSWER,1460,1513699160,ya98hiko,CONTESTANT,PRETESTS,2,0,2662400
902,A,33422209,C++14 (GCC 6-32),WRONG_ANSWER,2039,1513699739,ya98hiko,CONTESTANT,PRETESTS,2,0,2662400
902,A,33422910,C++14 (GCC 6-32),WRONG_ANSWER,2238,1513699938,ya98hiko,CONTESTANT,PRETESTS,2,15,2662400
902,A,33423454,C++14 (GCC 6-32),COMPILATION_ERROR,2393,1513700093,ya98hiko,CONTESTANT,PRETESTS,0,0,0
902,A,33423689,C++14 (GCC 6-32),WRONG_ANSWER,2459,1513700159,ya98hiko,CONTESTANT,PRETESTS,2,15,2662400
902,A,33425059,C++14 (GCC 6-32),WRONG_ANSWER,2849,1513700549,ya98hiko,CONTESTANT,PRETESTS,2,0,2662400
902,A,33426298,C++14 (GCC 6-32),WRONG_ANSWER,3253,1513700953,ya98hiko,CONTESTANT,PRETESTS,2,15,2662400
902,A,33427772,C++14 (GCC 6-32),TIME_LIMIT_EXCEEDED,3794,1513701494,ya98hiko,CONTESTANT,PRETESTS,0,1000,2662400
902,A,33429528,C++14 (GCC 6-32),OK,4500,1513702200,ya98hiko,CONTESTANT,TESTS,55,15,2662400
902,A,33422733,C++14 (GCC 6-32),WRONG_ANSWER,2180,1513699891,yahmat,CONTESTANT,PRETESTS,5,15,1945600
902,A,33424439,C++14 (GCC 6-32),WRONG_ANSWER,2658,1513700368,yahmat,CONTESTANT,PRETESTS,1,15,1843200
902,A,33424520,C++14 (GCC 6-32),WRONG_ANSWER,2682,1513700392,yahmat,CONTESTANT,PRETESTS,5,15,1945600
902,A,33427465,C++14 (GCC 6-32),WRONG_ANSWER,3671,1513701381,yahmat,CONTESTANT,PRETESTS,1,0,1843200
902,A,33429498,C++14 (GCC 6-32),OK,4475,1513702185,yahmat,CONTESTANT,TESTS,55,15,1945600
902,A,33417670,C++14 (GCC 6-32),WRONG_ANSWER,1062,1513698762,yaki29,CONTESTANT,PRETESTS,2,0,1945600
902,A,33419270,C++14 (GCC 6-32),WRONG_ANSWER,1363,1513699063,yaki29,CONTESTANT,PRETESTS,3,15,1843200
902,A,33421019,C++14 (GCC 6-32),WRONG_ANSWER,1750,1513699450,yaki29,CONTESTANT,PRETESTS,4,15,1945600
902,A,33423068,C++14 (GCC 6-32),OK,2281,1513699981,yaki29,CONTESTANT,TESTS,55,15,1945600
902,A,33413114,C++14 (GCC 6-32),OK,333,1513698033,yaksha,CONTESTANT,TESTS,55,15,1945600
902,B,33416943,C++14 (GCC 6-32),OK,936,1513698636,yaksha,CONTESTANT,TESTS,50,30,2560000
902,C,33424466,C++14 (GCC 6-32),WRONG_ANSWER,2679,1513700379,yaksha,CONTESTANT,PRETESTS,4,15,5939200
902,C,33426057,C++14 (GCC 6-32),OK,3173,1513700873,yaksha,CONTESTANT,TESTS,45,109,5939200
902,D,33434394,C++14 (GCC 6-32),WRONG_ANSWER,6755,1513704455,yaksha,CONTESTANT,PRETESTS,4,15,1945600
902,A,33413799,GNU C++11,OK,444,1513698155,yang12138,CONTESTANT,TESTS,55,15,2048000
902,B,33416576,GNU C++11,OK,869,1513698580,yang12138,CONTESTANT,TESTS,50,31,2560000
902,C,33422965,GNU C++11,OK,2240,1513699950,yang12138,CONTESTANT,TESTS,45,109,4505600
902,A,33414698,GNU C++11,OK,595,1513698295,yanpeng,CONTESTANT,TESTS,55,15,2048000
902,A,33414389,C++14 (GCC 6-32),OK,549,1513698249,yash_18,CONTESTANT,TESTS,55,15,2048000
902,B,33418799,C++14 (GCC 6-32),WRONG_ANSWER,1262,1513698962,yash_18,CONTESTANT,PRETESTS,2,15,2048000
902,B,33419456,C++14 (GCC 6-32),OK,1399,1513699099,yash_18,CONTESTANT,TESTS,50,46,2457600
902,C,33427573,C++14 (GCC 6-32),WRONG_ANSWER,3721,1513701421,yash_18,CONTESTANT,PRETESTS,1,15,8704000
902,C,33428995,C++14 (GCC 6-32),RUNTIME_ERROR,4277,1513701977,yash_18,CONTESTANT,PRETESTS,3,15,8704000
902,C,33430335,C++14 (GCC 6-32),RUNTIME_ERROR,4835,1513702535,yash_18,CONTESTANT,PRETESTS,3,15,10752000
902,C,33432643,C++14 (GCC 6-32),OK,5941,1513703641,yash_18,CONTESTANT,TESTS,45,217,21299200
902,A,33426574,Java 8,WRONG_ANSWER,3350,1513701050,yashu024,CONTESTANT,TESTS,11,124,20684800
902,A,33425286,GNU C,OK,2921,1513700621,yasinsonmez,CONTESTANT,TESTS,55,30,1843200
902,A,33416994,Java 8,OK,943,1513698643,yaswanth,CONTESTANT,TESTS,55,155,20992000
902,B,33422449,Java 8,OK,2112,1513699812,yaswanth,CONTESTANT,TESTS,50,233,21094400
902,A,33414405,GNU C++11,OK,543,1513698253,ybmj,CONTESTANT,TESTS,55,31,2048000
902,B,33418588,GNU C++11,OK,1210,1513698920,ybmj,CONTESTANT,TESTS,50,31,2560000
902,C,33425139,GNU C++11,OK,2862,1513700572,ybmj,CONTESTANT,TESTS,45,280,5529600
902,D,33428760,GNU C++11,WRONG_ANSWER,4177,1513701887,ybmj,CONTESTANT,PRETESTS,3,15,2048000
902,D,33432867,GNU C++11,WRONG_ANSWER,6038,1513703748,ybmj,CONTESTANT,PRETESTS,7,15,2048000
902,D,33435492,GNU C++11,COMPILATION_ERROR,7151,1513704862,ybmj,CONTESTANT,PRETESTS,0,0,0
902,A,33415146,C++14 (GCC 6-32),WRONG_ANSWER,667,1513698367,ychokhani77,CONTESTANT,PRETESTS,2,0,1843200
902,A,33416241,C++14 (GCC 6-32),WRONG_ANSWER,827,1513698527,ychokhani77,CONTESTANT,PRETESTS,2,15,1843200
902,A,33417470,C++14 (GCC 6-32),WRONG_ANSWER,1027,1513698727,ychokhani77,CONTESTANT,PRETESTS,2,0,1843200
902,A,33419289,C++14 (GCC 6-32),WRONG_ANSWER,1365,1513699065,ychokhani77,CONTESTANT,PRETESTS,2,15,1945600
902,A,33420177,C++14 (GCC 6-32),WRONG_ANSWER,1551,1513699251,ychokhani77,CONTESTANT,PRETESTS,2,15,1843200
902,A,33424912,C++14 (GCC 6-32),OK,2803,1513700503,ychokhani77,CONTESTANT,TESTS,55,15,1945600
902,A,33415239,C++14 (GCC 6-32),OK,671,1513698382,ydeepak1889,CONTESTANT,TESTS,55,15,1945600
902,B,33421800,C++14 (GCC 6-32),OK,1929,1513699639,ydeepak1889,CONTESTANT,TESTS,50,31,2560000
902,C,33429902,C++14 (GCC 6-32),WRONG_ANSWER,4638,1513702349,ydeepak1889,CONTESTANT,PRETESTS,4,0,9932800
902,C,33431049,C++14 (GCC 6-32),OK,5129,1513702839,ydeepak1889,CONTESTANT,TESTS,45,109,9932800
902,A,33419198,GNU C++11,WRONG_ANSWER,1339,1513699049,yeamin,CONTESTANT,PRETESTS,2,15,2048000
902,A,33422415,GNU C++11,WRONG_ANSWER,2103,1513699803,yeamin,CONTESTANT,PRETESTS,2,15,2048000
902,A,33423801,GNU C++11,WRONG_ANSWER,2492,1513700192,yeamin,CONTESTANT,PRETESTS,4,15,2048000
902,B,33432735,GNU C++11,WRONG_ANSWER,5978,1513703678,yeamin,CONTESTANT,PRETESTS,4,15,6144000
902,B,33433326,GNU C++11,RUNTIME_ERROR,6259,1513703959,yeamin,CONTESTANT,PRETESTS,5,15,6144000
902,B,33433519,GNU C++11,MEMORY_LIMIT_EXCEEDED,6342,1513704042,yeamin,CONTESTANT,PRETESTS,0,0,268390400
902,B,33434915,GNU C++11,OK,6976,1513704676,yeamin,CONTESTANT,TESTS,50,265,2457600
902,A,33414863,C++14 (GCC 6-32),OK,626,1513698326,yeetMeister69,CONTESTANT,TESTS,55,15,1843200
902,B,33419357,C++14 (GCC 6-32),OK,1375,1513699075,yeetMeister69,CONTESTANT,TESTS,50,30,2355200
902,C,33425703,C++14 (GCC 6-32),WRONG_ANSWER,3059,1513700759,yeetMeister69,CONTESTANT,PRETESTS,1,15,3072000
902,C,33427384,C++14 (GCC 6-32),WRONG_ANSWER,3652,1513701352,yeetMeister69,CONTESTANT,TESTS,13,108,3072000
902,A,33420368,GNU C++11,OK,1583,1513699293,yefrigg,CONTESTANT,TESTS,55,15,2048000
902,B,33423905,GNU C++11,OK,2510,1513700220,yefrigg,CONTESTANT,TESTS,50,31,2560000
902,C,33431554,GNU C++11,RUNTIME_ERROR,5374,1513703084,yefrigg,CONTESTANT,TESTS,17,234,2867200
902,A,33412792,GNU C++11,OK,248,1513697948,yelghareeb,CONTESTANT,TESTS,55,15,2048000
902,B,33415665,GNU C++11,OK,743,1513698443,yelghareeb,CONTESTANT,TESTS,50,31,2560000
902,C,33419900,GNU C++11,WRONG_ANSWER,1490,1513699190,yelghareeb,CONTESTANT,PRETESTS,1,0,2457600
902,C,33420600,GNU C++11,WRONG_ANSWER,1648,1513699348,yelghareeb,CONTESTANT,PRETESTS,3,15,2457600
902,C,33423301,GNU C++11,WRONG_ANSWER,2351,1513700051,yelghareeb,CONTESTANT,PRETESTS,5,15,2457600
902,C,33424160,GNU C++11,OK,2587,1513700287,yelghareeb,CONTESTANT,TESTS,45,249,2457600
902,A,33413301,C++14 (GCC 6-32),WRONG_ANSWER,367,1513698067,yerkimbekov,CONTESTANT,PRETESTS,4,15,2969600
902,A,33413704,C++14 (GCC 6-32),WRONG_ANSWER,440,1513698140,yerkimbekov,CONTESTANT,PRETESTS,4,15,2969600
902,A,33415185,C++14 (GCC 6-32),WRONG_ANSWER,673,1513698373,yerkimbekov,CONTESTANT,PRETESTS,4,15,2969600
902,A,33416435,C++14 (GCC 6-32),TIME_LIMIT_EXCEEDED,856,1513698556,yerkimbekov,CONTESTANT,PRETESTS,7,1000,2969600
902,A,33417698,C++14 (GCC 6-32),WRONG_ANSWER,1066,1513698766,yerkimbekov,CONTESTANT,PRETESTS,2,15,2969600
902,B,33421875,C++14 (GCC 6-32),OK,1958,1513699658,yerkimbekov,CONTESTANT,TESTS,50,202,2764800
902,A,33423488,C++14 (GCC 6-32),OK,2402,1513700102,yerkimbekov,CONTESTANT,TESTS,55,15,2048000
902,C,33429197,C++14 (GCC 6-32),WRONG_ANSWER,4357,1513702057,yerkimbekov,CONTESTANT,PRETESTS,1,15,2457600
902,C,33430405,C++14 (GCC 6-32),WRONG_ANSWER,4862,1513702562,yerkimbekov,CONTESTANT,PRETESTS,4,15,2457600
902,C,33431615,C++14 (GCC 6-32),WRONG_ANSWER,5415,1513703115,yerkimbekov,CONTESTANT,PRETESTS,4,15,2457600
902,C,33432073,C++14 (GCC 6-32),WRONG_ANSWER,5646,1513703346,yerkimbekov,CONTESTANT,PRETESTS,4,15,2457600
902,C,33432356,C++14 (GCC 6-32),WRONG_ANSWER,5790,1513703490,yerkimbekov,CONTESTANT,PRETESTS,4,15,2457600
902,C,33433545,C++14 (GCC 6-32),WRONG_ANSWER,6352,1513704052,yerkimbekov,CONTESTANT,PRETESTS,4,15,2457600
902,C,33434096,C++14 (GCC 6-32),OK,6622,1513704322,yerkimbekov,CONTESTANT,TESTS,45,156,2662400
902,A,33415708,GNU C++,OK,749,1513698449,yerniyaz,CONTESTANT,TESTS,55,15,2048000
902,B,33420537,GNU C++,OK,1624,1513699335,yerniyaz,CONTESTANT,TESTS,50,15,2150400
902,C,33425947,GNU C++,OK,3123,1513700834,yerniyaz,CONTESTANT,TESTS,45,108,2457600
902,A,33413071,C++14 (GCC 6-32),OK,324,1513698024,yhzq,CONTESTANT,TESTS,55,15,3072000
902,B,33418040,C++14 (GCC 6-32),OK,1123,1513698823,yhzq,CONTESTANT,TESTS,50,249,6144000
902,C,33426127,C++14 (GCC 6-32),WRONG_ANSWER,3197,1513700897,yhzq,CONTESTANT,PRETESTS,3,15,3072000
902,C,33426928,C++14 (GCC 6-32),WRONG_ANSWER,3480,1513701180,yhzq,CONTESTANT,PRETESTS,3,0,3072000
902,C,33428293,C++14 (GCC 6-32),WRONG_ANSWER,3988,1513701688,yhzq,CONTESTANT,PRETESTS,3,15,7884800
902,A,33423369,GNU C++11,WRONG_ANSWER,2370,1513700070,yiqzq,CONTESTANT,PRETESTS,3,15,2048000
902,A,33423910,GNU C++11,OK,2522,1513700222,yiqzq,CONTESTANT,TESTS,55,31,2048000
902,A,33425156,GNU C++,OK,2867,1513700577,ylevar123,CONTESTANT,TESTS,55,15,2048000
902,A,33413929,C++14 (GCC 6-32),WRONG_ANSWER,476,1513698176,ymahajan98,CONTESTANT,PRETESTS,2,0,1843200
902,A,33415759,C++14 (GCC 6-32),WRONG_ANSWER,758,1513698458,ymahajan98,CONTESTANT,PRETESTS,0,15,1945600
902,A,33416140,C++14 (GCC 6-32),OK,813,1513698513,ymahajan98,CONTESTANT,TESTS,55,15,1945600
902,B,33420553,C++14 (GCC 6-32),OK,1638,1513699338,ymahajan98,CONTESTANT,TESTS,50,15,3072000
902,C,33428146,C++14 (GCC 6-32),OK,3936,1513701636,ymahajan98,CONTESTANT,TESTS,45,109,5836800
902,A,33417360,GNU C++11,OK,1008,1513698708,ymollik16,CONTESTANT,TESTS,55,15,2048000
902,A,33416077,C++14 (GCC 6-32),WRONG_ANSWER,803,1513698503,yogendra-nitc,CONTESTANT,PRETESTS,2,15,1843200
902,A,33420834,C++14 (GCC 6-32),WRONG_ANSWER,1704,1513699404,yogendra-nitc,CONTESTANT,PRETESTS,3,15,1843200
902,A,33424718,C++14 (GCC 6-32),WRONG_ANSWER,2747,1513700447,yogendra-nitc,CONTESTANT,PRETESTS,3,0,1843200
902,A,33425845,C++14 (GCC 6-32),WRONG_ANSWER,3103,1513700803,yogendra-nitc,CONTESTANT,PRETESTS,3,15,1945600
902,A,33417740,GNU C++11,WRONG_ANSWER,1073,1513698773,yogeshjdeshmukh,CONTESTANT,PRETESTS,2,0,2048000
902,A,33424865,GNU C++11,WRONG_ANSWER,2788,1513700488,yogeshjdeshmukh,CONTESTANT,PRETESTS,2,15,2048000
902,A,33415695,GNU C++,WRONG_ANSWER,747,1513698447,yomo11,CONTESTANT,PRETESTS,1,15,2048000
902,A,33418875,GNU C++,WRONG_ANSWER,1270,1513698980,yomo11,CONTESTANT,PRETESTS,2,15,2048000
902,A,33422888,GNU C++,WRONG_ANSWER,2220,1513699931,yomo11,CONTESTANT,PRETESTS,1,15,2048000
902,A,33424206,GNU C++,WRONG_ANSWER,2586,1513700297,yomo11,CONTESTANT,PRETESTS,3,15,2048000
902,A,33424859,GNU C++,OK,2776,1513700487,yomo11,CONTESTANT,TESTS,55,31,2048000
902,A,33412856,C++14 (GCC 6-32),OK,269,1513697969,yongwhan,CONTESTANT,TESTS,55,15,1945600
902,B,33421188,C++14 (GCC 6-32),OK,1791,1513699491,yongwhan,CONTESTANT,TESTS,50,31,2560000
902,C,33425942,C++14 (GCC 6-32),WRONG_ANSWER,3132,1513700832,yongwhan,CONTESTANT,PRETESTS,4,15,2662400
902,C,33427643,C++14 (GCC 6-32),OK,3745,1513701445,yongwhan,CONTESTANT,TESTS,45,109,3788800
902,A,33423929,Python 3,WRONG_ANSWER,2529,1513700229,youngfin,CONTESTANT,TESTS,47,62,5529600
902,A,33420053,Java 8,WRONG_ANSWER,1514,1513699224,yovrerr,CONTESTANT,PRETESTS,7,140,20992000
902,A,33420474,Java 8,OK,1609,1513699319,yovrerr,CONTESTANT,TESTS,55,156,20992000
902,A,33415851,GNU C,WRONG_ANSWER,771,1513698471,yoyo30908,CONTESTANT,PRETESTS,0,0,1843200
902,A,33419114,GNU C,WRONG_ANSWER,1336,1513699036,yoyo30908,CONTESTANT,PRETESTS,0,0,1843200
902,A,33426724,GNU C,WRONG_ANSWER,3408,1513701108,yoyo30908,CONTESTANT,PRETESTS,0,0,1843200
902,A,33413046,GNU C++11,WRONG_ANSWER,318,1513698018,yqdjl6,CONTESTANT,PRETESTS,2,15,2048000
902,A,33417464,GNU C++11,OK,1026,1513698726,yqdjl6,CONTESTANT,TESTS,55,15,2048000
902,B,33421505,GNU C++11,OK,1870,1513699570,yqdjl6,CONTESTANT,TESTS,50,31,2457600
902,C,33432481,GNU C++11,WRONG_ANSWER,5855,1513703555,yqdjl6,CONTESTANT,PRETESTS,6,15,2867200
902,C,33433401,GNU C++11,WRONG_ANSWER,6296,1513703996,yqdjl6,CONTESTANT,PRETESTS,4,15,2867200
902,C,33433634,GNU C++11,WRONG_ANSWER,6396,1513704096,yqdjl6,CONTESTANT,PRETESTS,7,15,2867200
902,C,33435648,GNU C++11,WRONG_ANSWER,7192,1513704892,yqdjl6,CONTESTANT,PRETESTS,7,15,2867200
902,A,33417054,C++14 (GCC 6-32),WRONG_ANSWER,954,1513698654,yswness,CONTESTANT,PRETESTS,1,0,1843200
902,A,33417501,C++14 (GCC 6-32),OK,1032,1513698732,yswness,CONTESTANT,TESTS,55,15,1945600
902,B,33421058,C++14 (GCC 6-32),OK,1759,1513699459,yswness,CONTESTANT,TESTS,50,31,2457600
902,C,33428774,C++14 (GCC 6-32),OK,4192,1513701892,yswness,CONTESTANT,TESTS,45,109,2252800
902,A,33413699,C++14 (GCC 6-32),OK,439,1513698139,yuShaf,CONTESTANT,TESTS,55,15,1945600
902,B,33422580,C++14 (GCC 6-32),OK,2148,1513699848,yuShaf,CONTESTANT,TESTS,50,30,2457600
902,C,33427398,C++14 (GCC 6-32),OK,3657,1513701357,yuShaf,CONTESTANT,TESTS,45,109,5222400
902,D,33434898,C++14 (GCC 6-32),WRONG_ANSWER,6970,1513704670,yuShaf,CONTESTANT,PRETESTS,0,0,1843200
902,A,33413781,Go,OK,452,1513698152,yuki2006,CONTESTANT,TESTS,55,15,22937600
902,B,33422808,Go,OK,2211,1513699911,yuki2006,CONTESTANT,TESTS,50,31,24064000
902,A,33414756,GNU C++11,WRONG_ANSWER,605,1513698305,yulia_2001,CONTESTANT,PRETESTS,3,15,2048000
902,A,33415970,GNU C++11,WRONG_ANSWER,789,1513698489,yulia_2001,CONTESTANT,PRETESTS,4,15,2048000
902,A,33419258,GNU C++11,OK,1361,1513699061,yulia_2001,CONTESTANT,TESTS,55,15,2048000
902,B,33423723,GNU C++11,SKIPPED,2469,1513700169,yulia_2001,CONTESTANT,PRETESTS,10,46,2457600
902,C,33427186,GNU C++11,OK,3580,1513701280,yulia_2001,CONTESTANT,TESTS,45,312,2457600
902,B,33431673,GNU C++11,OK,5445,1513703145,yulia_2001,CONTESTANT,TESTS,50,46,2662400
902,A,33421587,C++14 (GCC 6-32),TIME_LIMIT_EXCEEDED,1878,1513699589,yuusha,CONTESTANT,TESTS,13,1000,1945600
902,B,33426538,C++14 (GCC 6-32),OK,3325,1513701036,yuusha,CONTESTANT,TESTS,50,30,2457600
902,C,33433877,C++14 (GCC 6-32),WRONG_ANSWER,6500,1513704210,yuusha,CONTESTANT,PRETESTS,3,15,2662400
902,A,33416189,GNU C++11,WRONG_ANSWER,810,1513698520,yyy_yyy,CONTESTANT,PRETESTS,3,15,2048000
902,A,33418394,GNU C++11,WRONG_ANSWER,1173,1513698884,yyy_yyy,CONTESTANT,TESTS,20,15,2048000
902,B,33423612,GNU C++11,OK,2423,1513700134,yyy_yyy,CONTESTANT,TESTS,50,61,2457600
902,C,33431712,GNU C++11,WRONG_ANSWER,5455,1513703165,yyy_yyy,CONTESTANT,PRETESTS,4,15,2457600
902,C,33433289,GNU C++11,WRONG_ANSWER,6233,1513703944,yyy_yyy,CONTESTANT,PRETESTS,4,15,2560000
902,C,33434061,GNU C++11,OK,6599,1513704309,yyy_yyy,CONTESTANT,TESTS,45,109,2560000
902,A,33414995,GNU C++,OK,646,1513698346,z52527,CONTESTANT,TESTS,55,15,1843200
902,B,33428502,GNU C++,WRONG_ANSWER,4077,1513701777,z52527,CONTESTANT,PRETESTS,5,15,2048000
902,B,33430232,GNU C++,WRONG_ANSWER,4793,1513702493,z52527,CONTESTANT,PRETESTS,5,15,2150400
902,B,33432817,GNU C++,WRONG_ANSWER,6023,1513703723,z52527,CONTESTANT,PRETESTS,5,15,2355200
902,B,33425438,GNU C++11,TIME_LIMIT_EXCEEDED,2972,1513700672,zErO_0,CONTESTANT,PRETESTS,5,1000,12390400
902,B,33427578,GNU C++11,TIME_LIMIT_EXCEEDED,3722,1513701422,zErO_0,CONTESTANT,PRETESTS,5,1000,12185600
902,B,33430519,GNU C++11,TIME_LIMIT_EXCEEDED,4909,1513702609,zErO_0,CONTESTANT,PRETESTS,5,1000,12185600
902,B,33430599,GNU C++11,TIME_LIMIT_EXCEEDED,4947,1513702647,zErO_0,CONTESTANT,PRETESTS,5,1000,12185600
902,B,33432124,GNU C++11,TIME_LIMIT_EXCEEDED,5676,1513703376,zErO_0,CONTESTANT,PRETESTS,5,1000,11980800
902,B,33432351,GNU C++11,TIME_LIMIT_EXCEEDED,5788,1513703488,zErO_0,CONTESTANT,PRETESTS,5,1000,11980800
902,B,33432589,GNU C++11,TIME_LIMIT_EXCEEDED,5915,1513703615,zErO_0,CONTESTANT,PRETESTS,5,1000,11980800
902,B,33433257,GNU C++11,OK,6231,1513703931,zErO_0,CONTESTANT,TESTS,50,15,2150400
902,A,33416773,Python 2,OK,901,1513698612,zacker-22,CONTESTANT,TESTS,55,77,4608000
902,B,33421453,C++14 (GCC 6-32),OK,1844,1513699554,zacker-22,CONTESTANT,TESTS,50,31,3788800
902,C,33425761,C++14 (GCC 6-32),OK,3067,1513700777,zacker-22,CONTESTANT,TESTS,45,140,12697600
902,D,33430515,Python 2,WRONG_ANSWER,4898,1513702608,zacker-22,CONTESTANT,PRETESTS,0,31,4608000
902,D,33430754,Python 2,WRONG_ANSWER,5007,1513702717,zacker-22,CONTESTANT,PRETESTS,0,62,4608000
902,D,33430960,Python 2,WRONG_ANSWER,5086,1513702797,zacker-22,CONTESTANT,PRETESTS,0,46,4608000
902,A,33413982,GNU C++11,OK,485,1513698185,zadrga,CONTESTANT,TESTS,55,15,3276800
902,B,33417176,GNU C++11,OK,977,1513698677,zadrga,CONTESTANT,TESTS,50,31,4915200
902,C,33423421,GNU C++11,WRONG_ANSWER,2384,1513700084,zadrga,CONTESTANT,PRETESTS,1,15,6041600
902,C,33423694,GNU C++11,OK,2460,1513700160,zadrga,CONTESTANT,TESTS,45,109,6041600
902,D,33435610,GNU C++11,WRONG_ANSWER,7185,1513704885,zadrga,CONTESTANT,PRETESTS,2,15,2048000
902,C,33427306,C++14 (GCC 6-32),OK,3620,1513701330,zal.v,CONTESTANT,TESTS,45,78,13926400
902,C,33422747,C++14 (GCC 6-32),OK,2195,1513699895,zbww,CONTESTANT,TESTS,45,93,3891200
902,A,33424423,C++14 (GCC 6-32),OK,2662,1513700362,zbww,CONTESTANT,TESTS,55,15,1945600
902,B,33425719,C++14 (GCC 6-32),OK,3063,1513700763,zbww,CONTESTANT,TESTS,50,15,2560000
902,D,33432132,C++14 (GCC 6-32),WRONG_ANSWER,5682,1513703382,zbww,CONTESTANT,PRETESTS,2,15,1945600
902,A,33413977,C++14 (GCC 6-32),OK,485,1513698185,zee_yu,CONTESTANT,TESTS,55,15,1945600
902,A,33413453,C++14 (GCC 6-32),OK,384,1513698094,zeelya,CONTESTANT,TESTS,55,15,1945600
902,B,33418450,C++14 (GCC 6-32),OK,1183,1513698893,zeelya,CONTESTANT,TESTS,50,31,2662400
902,C,33430874,C++14 (GCC 6-32),WRONG_ANSWER,5052,1513702762,zeelya,CONTESTANT,PRETESTS,1,15,2662400
902,C,33434098,C++14 (GCC 6-32),WRONG_ANSWER,6613,1513704324,zeelya,CONTESTANT,PRETESTS,3,0,2662400
902,C,33435202,C++14 (GCC 6-32),WRONG_ANSWER,7061,1513704772,zeelya,CONTESTANT,PRETESTS,1,15,1843200
902,A,33422486,GNU C++,WRONG_ANSWER,2123,1513699823,zeeshan_khan512,CONTESTANT,PRETESTS,4,15,2048000
902,A,33423741,GNU C++,WRONG_ANSWER,2473,1513700173,zeeshan_khan512,CONTESTANT,PRETESTS,4,15,2048000
902,A,33429735,GNU C++,WRONG_ANSWER,4583,1513702283,zeeshan_khan512,CONTESTANT,PRETESTS,4,15,2048000
902,A,33431050,GNU C++,OK,5140,1513702840,zeeshan_khan512,CONTESTANT,TESTS,55,30,2048000
902,A,33414697,C++14 (GCC 6-32),OK,595,1513698295,zercher,CONTESTANT,TESTS,55,31,1945600
902,B,33421359,C++14 (GCC 6-32),OK,1833,1513699533,zercher,CONTESTANT,TESTS,50,30,2457600
902,C,33428633,C++14 (GCC 6-32),OK,4132,1513701832,zercher,CONTESTANT,TESTS,45,93,9318400
902,A,33413111,C++14 (GCC 6-32),CHALLENGED,333,1513698033,zetapi,CONTESTANT,CHALLENGES,8,15,2662400
902,B,33416146,C++14 (GCC 6-32),OK,815,1513698515,zetapi,CONTESTANT,TESTS,50,30,22528000
902,A,33418320,GNU C++11,WRONG_ANSWER,1171,1513698871,zev0109,CONTESTANT,PRETESTS,2,0,2048000
902,A,33419150,GNU C++11,WRONG_ANSWER,1340,1513699040,zev0109,CONTESTANT,PRETESTS,2,15,2048000
902,A,33420463,GNU C++11,WRONG_ANSWER,1616,1513699316,zev0109,CONTESTANT,PRETESTS,4,15,2048000
902,A,33423407,GNU C++11,WRONG_ANSWER,2381,1513700081,zev0109,CONTESTANT,PRETESTS,4,15,2048000
902,A,33425141,GNU C++11,OK,2873,1513700573,zev0109,CONTESTANT,TESTS,55,15,2048000
902,B,33433264,GNU C++11,OK,6235,1513703935,zev0109,CONTESTANT,TESTS,50,46,4505600
902,A,33415800,C++14 (GCC 6-32),WRONG_ANSWER,765,1513698465,zeyady98,CONTESTANT,PRETESTS,2,15,1945600
902,A,33419840,C++14 (GCC 6-32),WRONG_ANSWER,1475,1513699175,zeyady98,CONTESTANT,PRETESTS,4,15,1945600
902,A,33421598,C++14 (GCC 6-32),WRONG_ANSWER,1891,1513699591,zeyady98,CONTESTANT,PRETESTS,4,15,1843200
902,B,33428680,C++14 (GCC 6-32),OK,4152,1513701852,zeyady98,CONTESTANT,TESTS,50,234,2355200
902,A,33429656,C++14 (GCC 6-32),WRONG_ANSWER,4554,1513702254,zeyady98,CONTESTANT,PRETESTS,4,15,1945600
902,A,33432379,C++14 (GCC 6-32),WRONG_ANSWER,5801,1513703501,zeyady98,CONTESTANT,PRETESTS,3,15,1843200
902,A,33412668,C++14 (GCC 6-32),OK,177,1513697877,zhabo,CONTESTANT,TESTS,55,15,1945600
902,B,33414035,C++14 (GCC 6-32),OK,494,1513698194,zhabo,CONTESTANT,TESTS,50,31,1945600
902,C,33422109,C++14 (GCC 6-32),WRONG_ANSWER,2015,1513699715,zhabo,CONTESTANT,PRETESTS,1,0,5120000
902,C,33424945,C++14 (GCC 6-32),WRONG_ANSWER,2813,1513700513,zhabo,CONTESTANT,PRETESTS,3,15,7475200
902,C,33427153,C++14 (GCC 6-32),WRONG_ANSWER,3564,1513701264,zhabo,CONTESTANT,PRETESTS,3,15,7475200
902,C,33427622,C++14 (GCC 6-32),WRONG_ANSWER,3738,1513701438,zhabo,CONTESTANT,PRETESTS,3,15,7475200
902,C,33429096,C++14 (GCC 6-32),OK,4317,1513702017,zhabo,CONTESTANT,TESTS,45,93,10444800
902,A,33417598,Java 8,OK,1050,1513698750,zhadyrassyn,CONTESTANT,TESTS,55,124,20684800
902,B,33430301,Java 8,TIME_LIMIT_EXCEEDED,4821,1513702521,zhadyrassyn,CONTESTANT,TESTS,17,1000,21299200
902,A,33420809,GNU C++,CHALLENGED,1700,1513699400,zhangjiawang,CONTESTANT,CHALLENGES,8,31,2048000
902,A,33430181,GNU C++,WRONG_ANSWER,4774,1513702474,zhangjiawang,CONTESTANT,CHALLENGES,0,15,2048000
902,A,33430323,GNU C++,OK,4830,1513702530,zhangjiawang,CONTESTANT,TESTS,55,15,2048000
902,A,33421035,Clang++17 Diagnostics,MEMORY_LIMIT_EXCEEDED,1754,1513699454,zhangpengcheng,CONTESTANT,PRETESTS,0,15,268390400
902,A,33423459,Clang++17 Diagnostics,MEMORY_LIMIT_EXCEEDED,2394,1513700094,zhangpengcheng,CONTESTANT,PRETESTS,0,15,268390400
902,A,33426352,Clang++17 Diagnostics,MEMORY_LIMIT_EXCEEDED,3271,1513700971,zhangpengcheng,CONTESTANT,PRETESTS,0,15,268390400
902,A,33429162,GNU C++11,TIME_LIMIT_EXCEEDED,4342,1513702042,zhangpengcheng,CONTESTANT,PRETESTS,7,1000,2048000
902,A,33429278,GNU C++17 Diagnostics,TIME_LIMIT_EXCEEDED,4388,1513702088,zhangpengcheng,CONTESTANT,PRETESTS,5,1000,103219200
902,A,33429743,Clang++17 Diagnostics,MEMORY_LIMIT_EXCEEDED,4589,1513702289,zhangpengcheng,CONTESTANT,PRETESTS,0,0,268390400
902,A,33429986,C++14 (GCC 6-32),TIME_LIMIT_EXCEEDED,4688,1513702388,zhangpengcheng,CONTESTANT,PRETESTS,7,1000,1945600
902,A,33430091,GNU C++,TIME_LIMIT_EXCEEDED,4741,1513702441,zhangpengcheng,CONTESTANT,PRETESTS,7,1000,2048000
902,A,33430155,MS C++,TIME_LIMIT_EXCEEDED,4766,1513702466,zhangpengcheng,CONTESTANT,PRETESTS,7,1000,2048000
902,A,33430277,GNU C11,COMPILATION_ERROR,4809,1513702509,zhangpengcheng,CONTESTANT,PRETESTS,0,0,0
902,A,33430955,Clang++17 Diagnostics,MEMORY_LIMIT_EXCEEDED,5092,1513702792,zhangpengcheng,CONTESTANT,PRETESTS,0,15,268390400
902,A,33431067,GNU C++11,TIME_LIMIT_EXCEEDED,5150,1513702850,zhangpengcheng,CONTESTANT,PRETESTS,7,1000,2048000
902,A,33431241,GNU C++11,RUNTIME_ERROR,5236,1513702936,zhangpengcheng,CONTESTANT,PRETESTS,0,0,2048000
902,A,33419906,GNU C++,WRONG_ANSWER,1492,1513699192,zhbdripon,CONTESTANT,PRETESTS,5,30,2048000
902,A,33421192,GNU C++,WRONG_ANSWER,1791,1513699491,zhbdripon,CONTESTANT,PRETESTS,5,15,2048000
902,A,33423107,GNU C++,OK,2294,1513699994,zhbdripon,CONTESTANT,TESTS,55,15,2150400
902,A,33420443,Python 3,RUNTIME_ERROR,1612,1513699312,zhenia1698,CONTESTANT,PRETESTS,0,30,5529600
902,A,33420815,Python 3,WRONG_ANSWER,1701,1513699401,zhenia1698,CONTESTANT,PRETESTS,2,62,5529600
902,A,33421705,Python 3,WRONG_ANSWER,1916,1513699616,zhenia1698,CONTESTANT,PRETESTS,2,46,5529600
902,A,33422077,Python 3,WRONG_ANSWER,2007,1513699707,zhenia1698,CONTESTANT,PRETESTS,2,46,5529600
902,A,33423574,Python 3,WRONG_ANSWER,2425,1513700125,zhenia1698,CONTESTANT,PRETESTS,2,61,5529600
902,A,33424135,Python 3,WRONG_ANSWER,2581,1513700281,zhenia1698,CONTESTANT,PRETESTS,2,62,5529600
902,A,33429506,Python 3,WRONG_ANSWER,4488,1513702188,zhenia1698,CONTESTANT,PRETESTS,1,46,5529600
902,A,33431103,MS C#,OK,5165,1513702865,zhenia1698,CONTESTANT,TESTS,55,46,9318400
902,B,33435692,C++14 (GCC 6-32),COMPILATION_ERROR,7199,1513704899,zhenia1698,CONTESTANT,PRETESTS,0,0,0
902,A,33416198,MS C++,WRONG_ANSWER,821,1513698521,zhh,CONTESTANT,PRETESTS,3,15,2048000
902,A,33417753,MS C++,OK,1076,1513698776,zhh,CONTESTANT,TESTS,55,15,2048000
902,D,33429183,MS C++,WRONG_ANSWER,4350,1513702050,zhh,CONTESTANT,PRETESTS,2,15,2048000
902,D,33432075,MS C++,WRONG_ANSWER,5647,1513703347,zhh,CONTESTANT,PRETESTS,2,15,2048000
902,D,33434693,MS C++,WRONG_ANSWER,6883,1513704583,zhh,CONTESTANT,PRETESTS,2,15,2048000
902,A,33416913,C++14 (GCC 6-32),WRONG_ANSWER,921,1513698632,zilch1416,CONTESTANT,PRETESTS,2,15,1843200
902,A,33418124,C++14 (GCC 6-32),WRONG_ANSWER,1127,1513698837,zilch1416,CONTESTANT,PRETESTS,2,0,1843200
902,A,33420112,C++14 (GCC 6-32),WRONG_ANSWER,1526,1513699237,zilch1416,CONTESTANT,PRETESTS,0,15,1843200
902,A,33420666,C++14 (GCC 6-32),WRONG_ANSWER,1654,1513699364,zilch1416,CONTESTANT,PRETESTS,1,15,1945600
902,A,33421037,C++14 (GCC 6-32),COMPILATION_ERROR,1744,1513699454,zilch1416,CONTESTANT,PRETESTS,0,0,0
902,A,33421386,C++14 (GCC 6-32),WRONG_ANSWER,1827,1513699538,zilch1416,CONTESTANT,PRETESTS,2,0,1945600
902,A,33421947,C++14 (GCC 6-32),WRONG_ANSWER,1969,1513699679,zilch1416,CONTESTANT,PRETESTS,0,0,1843200
902,A,33423077,C++14 (GCC 6-32),WRONG_ANSWER,2271,1513699982,zilch1416,CONTESTANT,PRETESTS,0,0,1843200
902,A,33424450,C++14 (GCC 6-32),WRONG_ANSWER,2662,1513700372,zilch1416,CONTESTANT,PRETESTS,0,0,1843200
902,A,33426569,C++14 (GCC 6-32),WRONG_ANSWER,3338,1513701049,zilch1416,CONTESTANT,PRETESTS,2,15,1843200
902,A,33428280,C++14 (GCC 6-32),WRONG_ANSWER,3974,1513701685,zilch1416,CONTESTANT,PRETESTS,3,15,1843200
902,A,33430445,C++14 (GCC 6-32),WRONG_ANSWER,4869,1513702579,zilch1416,CONTESTANT,PRETESTS,3,15,1843200
902,A,33430739,C++14 (GCC 6-32),WRONG_ANSWER,4999,1513702709,zilch1416,CONTESTANT,PRETESTS,3,0,1843200
902,A,33431500,C++14 (GCC 6-32),WRONG_ANSWER,5353,1513703064,zilch1416,CONTESTANT,PRETESTS,3,15,1945600
902,A,33432526,C++14 (GCC 6-32),WRONG_ANSWER,5874,1513703584,zilch1416,CONTESTANT,PRETESTS,0,0,1843200
902,A,33433110,C++14 (GCC 6-32),WRONG_ANSWER,6151,1513703861,zilch1416,CONTESTANT,PRETESTS,4,15,1945600
902,A,33433471,C++14 (GCC 6-32),WRONG_ANSWER,6311,1513704021,zilch1416,CONTESTANT,PRETESTS,4,15,1843200
902,A,33434431,C++14 (GCC 6-32),WRONG_ANSWER,6759,1513704470,zilch1416,CONTESTANT,PRETESTS,4,15,1843200
902,A,33421318,C++14 (GCC 6-32),SKIPPED,1813,1513699523,zilver,CONTESTANT,PRETESTS,8,15,1945600
902,A,33431583,C++14 (GCC 6-32),OK,5391,1513703101,zilver,CONTESTANT,TESTS,55,15,1945600
902,B,33434197,C++14 (GCC 6-32),OK,6662,1513704372,zilver,CONTESTANT,TESTS,50,280,2662400
902,A,33414671,GNU C++11,OK,581,1513698292,zml,CONTESTANT,TESTS,55,15,2048000
902,B,33418800,GNU C++11,OK,1251,1513698962,zml,CONTESTANT,TESTS,50,61,2662400
902,C,33423915,GNU C++11,WRONG_ANSWER,2513,1513700224,zml,CONTESTANT,PRETESTS,0,0,6041600
902,C,33424680,GNU C++11,OK,2728,1513700438,zml,CONTESTANT,TESTS,45,124,6041600
902,D,33429890,GNU C++11,OK,4636,1513702346,zml,CONTESTANT,TESTS,150,15,2048000
902,A,33417496,GNU C++11,WRONG_ANSWER,1031,1513698731,zo3bios,CONTESTANT,PRETESTS,2,15,2048000
902,A,33418339,GNU C++11,WRONG_ANSWER,1175,1513698875,zo3bios,CONTESTANT,PRETESTS,2,15,2048000
902,A,33419720,GNU C++11,WRONG_ANSWER,1451,1513699151,zo3bios,CONTESTANT,PRETESTS,2,15,2048000
902,A,33421529,GNU C++11,WRONG_ANSWER,1875,1513699575,zo3bios,CONTESTANT,PRETESTS,2,0,2048000
902,A,33427123,GNU C++11,WRONG_ANSWER,3540,1513701250,zo3bios,CONTESTANT,PRETESTS,1,15,2048000
902,A,33428062,GNU C++11,WRONG_ANSWER,3887,1513701597,zo3bios,CONTESTANT,PRETESTS,4,15,2048000
902,A,33429001,GNU C++11,WRONG_ANSWER,4269,1513701980,zo3bios,CONTESTANT,PRETESTS,2,15,2048000
902,A,33421412,C++14 (GCC 6-32),WRONG_ANSWER,1845,1513699545,zonack,CONTESTANT,PRETESTS,2,15,1945600
902,A,33423584,C++14 (GCC 6-32),WRONG_ANSWER,2429,1513700129,zonack,CONTESTANT,PRETESTS,2,0,1945600
902,A,33424950,C++14 (GCC 6-32),OK,2814,1513700514,zonack,CONTESTANT,TESTS,55,31,1945600
902,A,33416886,C++14 (GCC 6-32),OK,927,1513698627,zoombee,CONTESTANT,TESTS,55,15,22118400
902,B,33428228,C++14 (GCC 6-32),OK,3965,1513701665,zoombee,CONTESTANT,TESTS,50,46,46592000
902,C,33433405,C++14 (GCC 6-32),WRONG_ANSWER,6299,1513703999,zoombee,CONTESTANT,PRETESTS,3,15,13926400
902,C,33435223,C++14 (GCC 6-32),WRONG_ANSWER,7079,1513704779,zoombee,CONTESTANT,TESTS,37,155,16281600
902,A,33415236,GNU C++11,WRONG_ANSWER,671,1513698382,zq216991,CONTESTANT,PRETESTS,2,15,2048000
902,A,33417016,GNU C++11,OK,936,1513698647,zq216991,CONTESTANT,TESTS,55,30,2150400
902,B,33419967,GNU C++11,OK,1496,1513699206,zq216991,CONTESTANT,TESTS,50,46,3686400
902,C,33428593,GNU C++11,WRONG_ANSWER,4102,1513701812,zq216991,CONTESTANT,PRETESTS,4,15,2867200
902,C,33429328,GNU C++11,OK,4398,1513702109,zq216991,CONTESTANT,TESTS,45,312,2867200
902,A,33413179,GNU C++11,OK,344,1513698044,zstu-panlingwei2,CONTESTANT,TESTS,55,15,2867200
902,B,33416087,GNU C++11,OK,804,1513698504,zstu-panlingwei2,CONTESTANT,TESTS,50,15,2150400
902,C,33421986,GNU C++11,RUNTIME_ERROR,1990,1513699690,zstu-panlingwei2,CONTESTANT,PRETESTS,12,15,2150400
902,C,33422171,GNU C++11,OK,2031,1513699731,zstu-panlingwei2,CONTESTANT,TESTS,45,109,5427200
902,D,33429572,GNU C++11,WRONG_ANSWER,4519,1513702219,zstu-panlingwei2,CONTESTANT,PRETESTS,2,15,2867200
902,D,33429970,GNU C++11,WRONG_ANSWER,4684,1513702384,zstu-panlingwei2,CONTESTANT,PRETESTS,2,15,2867200
902,D,33430258,GNU C++11,OK,4801,1513702501,zstu-panlingwei2,CONTESTANT,TESTS,150,30,2867200
902,A,33423958,Java 8,OK,2535,1513700235,zubin29,CONTESTANT,TESTS,55,124,20684800
902,B,33434011,Java 8,COMPILATION_ERROR,6585,1513704285,zubin29,CONTESTANT,PRETESTS,0,0,0
902,B,33434196,Java 8,OK,6672,1513704372,zubin29,CONTESTANT,TESTS,50,967,20787200
902,A,33415209,GNU C++11,WRONG_ANSWER,678,1513698378,zunaedsifat,CONTESTANT,PRETESTS,2,15,2048000
902,A,33417602,GNU C++11,OK,1051,1513698751,zunaedsifat,CONTESTANT,TESTS,55,30,2048000
902,A,33413828,GNU C++11,OK,459,1513698159,zygzagZ,CONTESTANT,TESTS,55,15,2048000
902,B,33416828,GNU C++11,OK,919,1513698619,zygzagZ,CONTESTANT,TESTS,50,30,2560000
902,C,33424897,GNU C++11,OK,2798,1513700498,zygzagZ,CONTESTANT,TESTS,45,109,3686400
902,D,33430008,GNU C++11,WRONG_ANSWER,4699,1513702399,zygzagZ,CONTESTANT,PRETESTS,2,0,2048000
902,A,33414059,GNU C,WRONG_ANSWER,498,1513698198,zz_zigzag,CONTESTANT,PRETESTS,3,15,1843200
902,A,33415001,GNU C,WRONG_ANSWER,646,1513698346,zz_zigzag,CONTESTANT,PRETESTS,3,15,1843200
902,A,33418758,GNU C,WRONG_ANSWER,1254,1513698954,zz_zigzag,CONTESTANT,PRETESTS,3,15,1843200
902,A,33418817,GNU C,OK,1265,1513698965,zz_zigzag,CONTESTANT,TESTS,55,15,1843200
902,B,33426092,GNU C,MEMORY_LIMIT_EXCEEDED,3187,1513700887,zz_zigzag,CONTESTANT,PRETESTS,0,15,268390400
902,B,33428187,GNU C,COMPILATION_ERROR,3950,1513701650,zz_zigzag,CONTESTANT,PRETESTS,0,0,0
902,B,33428220,GNU C++,OK,3963,1513701663,zz_zigzag,CONTESTANT,TESTS,50,30,2355200
902,A,33420652,GNU C++11,WRONG_ANSWER,1661,1513699361,zzf8540,CONTESTANT,PRETESTS,2,15,1843200
902,A,33421890,GNU C++11,COMPILATION_ERROR,1963,1513699663,zzf8540,CONTESTANT,PRETESTS,0,0,0
902,A,33422008,GNU C++11,WRONG_ANSWER,1995,1513699695,zzf8540,CONTESTANT,PRETESTS,2,15,1843200
